00111111011100101110100000101001
00111111000001110000101100010110
10111110111000110100011111000000
10111110100011100011010110100010
11000000100001111110010010101010
10111111110001011100101010010100
10111110110011111101110100110011
01000000010110110110111011100001
10111110110100001111011010110111
00111111011110011100010010110001
10111101110110010000100010100111
00111110001010000000010110010111
00111111000110000001101011110010
10111110101000101110000110100000
10111111000111101101001001100101
10111111100110110101110100001000
