00111110111000101110000100110100
01000000001111101001010101100000
00111111011001101110110110011010
00111110111000100000110110000010
00111111000000111011110011110011
00111111010100010010000011010101
00111111100111011111111011111101
00111111101010100000000111110010
01000000000010000110010011110100
00111111010010000101010101111100
00111111010011000110101101101001
00111111111111110100010001111110
00111111101000011010111100100101
01000000010101011100001010110111
01000000000100111001110111011010
00111111101010001001110101100101
