01000010101110001010000111111110
01000000011011001111000000100000
01000010011100111000101111011011
01000001000110000011110101101011
01000010010010101000101110000110
01000010001010101010000101111110
01000001000011111001100100011011
01000010001001101111101101010110
01000001000011000010011000000010
01000001000100010101110100111000
01000001000100000001111100110111
01000000110110100111101001111100
01000010001100000001101100111111
01000001010111110011110010100011
01000001111000011100010101101100
01000001110010000010010001010011
