00111101111001010100111000000100
10111101111000111011011000011010
00111100100111001111000011010000
00111111000100111011001111111001
10111111000010101110000001110011
10111110011001000110101010011011
00111110011100001111001011101011
10111110010001010111001101011110
10111110110000100101010100100010
10111110100011011001110011101100
10111101000000000111110100001011
10111110101000000101000010100110
10111011010010000011010101100111
10111110101001001000011010001100
10111110000100011011011111110010
10111110010101001010111110111000
