00111111010011110101110001011101
00111111100011100000011000011100
01000000001001110010001010110101
00111111100111100001011101001101
00111111100000000011110100101010
01000000000011110001111001011101
00111111011100110101111110010100
00111111000101011011010011000000
00111111010001010011001000101000
00111111111011011100011100100011
00111111011010111001010101001110
00111111100101011001000100001101
00111111100000101110011001101010
00111111110011111111111000010101
00111111101110001110010111110100
00111110011101010100001111000100
