11000001100100000000110110111110
11000001101011100111011010111100
11000010000110111010010010110010
11000010000100100010111001101000
11000000111110100011011100111101
11000001101110001100010100000101
11000001001110011001110100110001
01000001100011101010110101000001
11000001000010000000100101110001
01000000100110001000000010110011
01000000101010011110111111000111
11000010000111011100110001001110
01000001110011001111110011000111
11000001100101110000100011111110
01000010001101111110000100110110
11000001000010111100101100001001
