00111111110110100001101010100011
00111110101100100101001001101101
00111111101011101010010001000001
00111111110101100001100110100101
00111111010010001111010111110110
01000000001011010111011001010110
00111111111001101100011001001101
00111111101010111000010001011101
00111111001010000111111001000001
00111111010000011111111010110000
00111111000100110100010111011110
00111111011101000011111011000010
00111111100000111101010110111000
00111111110111001111000100100111
00111111110111100101101011110010
00111111000010100011000111010101
