01000001010101010011000010101111
01000001010001100100110110000000
01000001010101110101000100001001
01000001100101111110010101110001
01000001011000110010111011111011
01000001010110111101000000011111
01000001000101111001000011010010
01000001010010110000100011101000
01000001000111100110010010000100
01000001011011011000101100110011
01000001010001000100111101001111
01000001001010111111100101101000
01000001010100111001110000110001
01000001001100000011101101100101
01000001010100101111001000001000
01000001001100000000000111001101
