01000010101110000100010011001111
01000000010010011001001011101010
01000010010101000010101010100000
01000000010111010111111001001111
01000001111110101000110001100001
01000001110100111010011011011110
01000000111011101101100100001001
01000010001001100100011001000111
01000000111110111000110101101111
01000001001001000111100111011000
01000000100111101110000110110010
01000000111000000011001011001110
01000010001100100101001010100100
01000001011000111001001101011001
01000001110001101101101000101000
01000001101111011110101010111110
