10111111110010101111011001001110
11000000000001011101011100011101
10111111110100010001010010111110
10111111001000000001001100101111
10111110100001001010101100111101
10111111111010000011001100000001
11000000000000101100001010000000
01000000001010100010110000010000
11000000000100100110111100001111
11000000000100100101011110001010
10111111110001101010001011010110
10111110100100110011101000111000
10111111000101100101000000101010
11000000000011001011100010101011
10111111101110001111101100100111
10111111100001101110011100101001
