00111110011100110101100001001010
00111110000001101001011111100110
10111101111000110111010000000111
10111101100011100100110111100110
10111111100001111010101010000010
10111110110001011100110111100001
10111101110011100011100110010110
00111111010110111001000100110011
10111101110011100100000101111010
00111110011110001101010011110100
10111100111001010001011010110000
00111101001000111000011110001111
00111110000110000100110111101110
10111101101000111100011100000011
10111110000111010110011110011011
10111110100110111001011011111110
