00111110011100110110010101111000
00111110000001100101001011110010
10111101111000100101100111010111
10111101100011000111010110000011
10111111100001111101110000011111
10111110110001011010011100010001
10111101110011101000100011010100
00111111010110111001011010101111
10111101110011111010110101001010
00111110011110001010011111110000
10111100110110100111000000100101
00111101001001001100011001000001
00111110000110000101100110101011
10111101101000110100001100011010
10111110000111110111110010001110
10111110100110111001011010111110
