00111101010100110011000100100111
00111111000110000000100000010100
10111111101101011000110100001100
10111101001110001101100110000001
10111111001010010110111011010000
00111111010011010111000010110010
10111111100011110100001001010010
10111110100000100110011101011001
00111110110000110110111011111011
10111110000100001001001100110101
01000000001001111010110010110001
00111101101100101111110110011101
00111110111110111110000101111001
00111110110000010001100011100010
00111110111010010100110111000010
00111101111010110110010111101011
