00111101010111101011100011111001
00111111000110000010001100101010
10111111101101010010000100110010
10111101001101010010000000110110
10111111001010010100101100001000
00111111010011011010000101000111
10111111100011110011001010011101
10111110100000010010100001011101
00111110110000110011010001001100
10111110000100000100010101111100
01000000001001111010100110010000
00111101101100111011110101000011
00111110111111001101000011001000
00111110110000001101011010001001
00111110111010010010100001001000
00111101111110101010111010010101
