10111111111000011011001101000000
10111110101101000111100100101011
00111101111100011111000100100001
10111110011011111101000001111000
10111111010111001111111111111011
10111110001000101001111111010101
00111110100010011111000101000100
10111111010100000001101111101111
10111111010110100011101110100111
10111111011111001000001010001111
10111100100101110101100011100010
10111110000001110110100001101111
10111110101010110111001101111110
10111111010100010001101010100110
10111111101111111000010000111110
11000000010100001110000100010101
