00111110011100110110011110101000
00111110000001101001111000100110
10111101111000100101100010100010
10111101100011101000011001010001
10111111100001111101110010110001
10111110110001011010100110011011
10111101110011100100011101111111
00111111010110111001110111001010
10111101110011110111011110110101
00111110011110001101101010011101
10111100110110011110011101010011
00111101001001001110111010110001
00111110000110000100011001100010
10111101101000110011001010011011
10111110000111110111101010010111
10111110100110111001000000101001
