11000001101101011011001101100001
11000001000011111111000101101000
11000001001100100001011011110100
00111111101111001010101111001010
01000010000110110011010000110100
11000001111000101010111010100110
11000010000010000111110100000001
01000000101101000101110110011000
01000010001001010010110000100100
01000001100011111011011000011101
01000000000000001001000110001010
11000001110100001001000111100001
11000001000010011100011101101110
11000001101101001010000110110000
11000001110110111100000101011011
11000001111011010001100101000011
