11000000001001111011001100001011
00111110001111100111000100001101
10111110111111000001000000100101
10111110100100000110001100001001
10111111001010011010001100101010
10111101101111000000110100000101
10111111011101000001001101011011
11000000000010110010110000001100
10111100010001001011000110000011
10111111110000110001011110001111
11000000000101110001011110101101
10111110101100001000111001000101
10111111000111000111100010111100
00111111000000000101101011001010
11000000000110010011011010001000
11000000010011100011110101010111
