00111110111000001110101111011111
00111110010111101101001111000111
01000000010000011000101101101101
00111111010011000110000011011010
01000000010011011110101001011010
01000000010100101100010011001100
00111111100011000111000000111010
00111111011001101101111110110011
00111111010011111101101000000101
00111111011010111110011011101011
00111111001101010001001110110001
00111111010011000011101000010110
00111111010110111011000010110011
00111111001011011111100010100010
01000000000100111011010001000111
00111111010110111110100000101110
