01000101000110100110010111111101
01000100111010010111100111010101
01000101000111110001010001100110
01000101001100010010011010111101
01000100110100110010010101100100
01000101001011000100001110000110
01000101001010001101000111101110
01000100111101110001000100110100
01000100111101010001001011010011
01000100110011001000010010111011
01000100110101101100010101011011
01000101000100100000110111111110
01000101000110100010111100110111
01000101000001000010110111001101
01000100111101010110000110011000
01000100111000000100101110001101
