00111111100111011110111010110111
00111111110101110011100101111010
00111111001001110110100011001011
00111111110101111100011100101000
00111111010001000101101100000001
00111111110101010000110101000000
00111111110011001011001100000110
00111111010111001111100111000100
00111111101101100100010001110101
01000000000111000011100111000011
00111111010111111001011111000001
00111111011111001000011101101010
00111111010001011011000101100011
00111111111000110101010001010001
00111111111101010100100100110011
00111111101110110110101001100111
