01000011010101101010110000111011
01000011000000110011100111010110
01000011100000011000111000001101
01000011001000100101100001001100
01000011010001000000100100100001
01000011001011011101101010001001
01000011011000101000100011001000
01000011011000011101010001010111
01000011100001111000010010011011
01000011011011010100001101001000
01000011001111110100101010111000
01000010111000000010111010101110
01000011000011101000100100110101
01000011001111000010101001100000
01000011001001101110100110111000
01000011001100000100111001111110
