00111110111100101110001011010100
00111110100001110001001000111010
10111110011000111000100011101000
10111110000011011011110110101010
11000000000001111101011111101110
10111111010001011101010110110110
10111110010011111110001111101110
00111111110110110110101001101101
10111110010100001010111000111001
00111110111110011010110100101101
10111101010110101100011000001101
00111101101001111100110001000100
00111110100110000010000010001010
10111110001000110000000010011011
10111110100111100110111101010001
10111111000110110110000000010110
