01000001000100001010111010100101
00111111111010101011000110000110
01000000000000111110100101011010
00111111111111110111101011001001
00111111101001011001110000010110
01000000010000010011101110110101
01000000000000100111110001110010
01000000101101111001111101101000
01000000001100111100100010100101
01000000001111110001001110100011
00111111110010111100011011010110
01000000001001001000101110101110
01000000110000001110000010101110
01000000011001110010110100000001
01000000000110000001010100011111
01000000011111110101101000101000
