01000000010110100100111000000000
00111111100101000000101011001111
01000001100000010010010111001101
01000001101010011010011010000111
01000000110110110100101001001111
11000001001010110010110001010110
01000000110001111001000100110100
00111110101011010000011001010000
11000001011000110011001000101001
01000000010011101000111100111000
11000000111011101100000011110101
01000001010010000010110101101101
11000010000000101101110100101000
01000000101101010111100010100011
11000000001110111110011010101010
01000001000010110101100010001100
