10111111111101010101110110000110
10111111100011111100011111101100
10111111110110100010001101110111
01000000000100001110111000001001
10111111111000010000000010010100
10111111111001011000101100001111
01000000000101010101101101100001
01000000000110000101000000111101
11000000000111101010000000000010
11000000000101001110101100011011
00111110101001010000100110001000
01000000000110010001111101011010
01000000000011111001110010010100
11000000000001101100001011111110
11000000000111100001110110000111
11000000001011101001111001011001
