00111111001101100010110001010010
00111110110010101011101101011111
10111110101010101000010100101010
10111110010101010001000111000011
11000000010010111101000001000110
10111111100101000101101001001101
10111110100110111101110111111000
01000000001001001001001001101000
10111110100111001010010001100000
00111111001110110100101011110101
10111101101000101001000101000010
00111101111111000000111100000010
00111110111001000010100100010001
10111110011101000101101010100010
10111110111011100010110100111111
10111111011010010000110010101011
