01000010101000111000010001011111
01000000010101010110110001110101
01000000100001111100110011110101
01000000011111001101010110010100
00111111110101011000010100101110
01000001000100011010101100010101
01000000100000111011010110000010
01000010000000111010100001100010
01000000111110100101101001100000
01000001000011100101011011111010
01000000000111111111011000010101
01000000110100100000100010001111
01000010000100001010100010110000
01000001010100000111001000011000
01000000101101000010110100110011
01000001011111101001011100010110
