00111111001011111101110001011100
11000000001001001111110110011110
01000000011100000111111001010111
01000000000000001100101100010101
00111111011011111001100110100001
00111101100001111001111110111101
01000000001000001111101100101111
10111110111100001000001001010010
10111110101011100110011000000110
10111111100101010111100100011010
10111111110000100010101100001011
10111111001011110000001001001001
10111110101011111101001001100111
10111110111011110000101001100011
11000000000000110101101011100001
10111111101011010011101010001111
