01000011110110010101110001010001
01000011110111001010001100110111
01000011111110001101111110101001
01000011110011010000101101000100
01000100000101001001100111000110
01000011111011001000110011110010
01000011111101001011010101111000
01000011110111001000100011111000
01000011111100011011110111111110
01000011110111010010100110101010
01000011110011000101011100100011
01000011111100001001011110001101
01000100000000001001010001101011
01000011111100110000111100101011
01000011111100111111110100011011
01000011110100110001101011011110
