10111110101100101010000000011000
10111110100010010101101100101101
10111111101011010100000010000011
10111111111011101100000111101011
10111111000100111110110011011110
10111111111011000011111010111000
10111111100100111000111110001000
10111111101000011100010010110101
10111111001000100010001011111101
10111111100011101110001010100010
10111111000010011100110010100000
10111111011011010111110101000011
10111111011001000001011110110011
10111111111010011010000101010011
11000000000011110110100000000000
10111111001010011010010011000001
