00111110100000110110111110000101
00111110011011100111110001001100
00111110011011000111110100101111
00111110101000101010011000001011
00111110100110000001001011000010
00111110010101101101111111001001
00111110011111011001111100110001
00111110101010110100111010101110
00111110011100100111110100000111
00111110101111000000010101001001
00111110001110001011111110100110
00111110110110101011101011001101
00111110100110000011101111111100
00111110101001111101010010010000
00111110101110000000100011010101
00111110010101100111000010001010
