00111111101010011011010111101010
00111110100111110001001011001111
01000000100010001001010010101111
00111111000111110100001111010000
01000000010010000001101100111100
00111111101010011100101001111101
00111111000010110010001001000110
00111111110100010010011110001111
00111111000100110111100110010101
00111111001101110000000110110111
00111111001000110101111001100010
00111111010100000100001011001001
00111111110111111101100011101100
00111111001000010111101111010011
00111111111000010100110011110010
00111111101101110110100001000101
