00111111001111010110101001110000
01000000000010100010011011101000
00111110110101101010110011100111
00111111100000110101100111011101
00111111000110001100101010111111
00111111010011111001111001101000
00111111101111101110010001011010
00111111010001100000010111011011
00111111010010001000111001001111
00111111110110100000011011001100
01000000010010010101001110101001
00111111001010110010100011101010
00111111000100110000001100000010
01000000001001000011101100010110
01000000001011111001110011111010
00111110111001001110110110100111
