00111110011100110110101100100001
00111110000001011111111111010001
10111101111000100101111101110011
10111101100011101000111011011110
10111111100001111101111001111011
10111110110001011010110101011011
10111101110011101001010000101110
00111111010110111001101100011010
10111101110011111001001110000110
00111110011110001110111101001011
10111100110111110000000110001111
00111101001001000110010111111000
00111110000110000100111010111001
10111101101000110101010101111101
10111110000111101110110000100001
10111110100110111001000111011111
