11000000101011100001100110110110
11000000100011111100011010101010
11000000111011001001100111110111
11000000100001101110000000001100
01000000011111001101011100101010
01000000010011001101101010011111
11000000111001111001101000101111
01000001011101101100101110000010
11000001010111100101001100110100
11000001001001001011010100010100
01000001000101111001101101101111
01000000101000000110110000010001
11000000000001111010010011101111
11000000101000001111010001110101
11000001101001110100111111111000
11000001010111010000110010001000
