01000010101101101001010111011011
01000000010011010111001011001000
01000001111000100100010111101111
01000000001101000010100101111100
01000001011000101110111011100011
01000001011000100010000000001011
01000000100101110101010110110111
01000010000111100001110111111101
01000000111110011010101001111011
01000001001000011111010011011101
01000000010011100000101111010110
01000000110010110001010010110101
01000010001010101010100111011010
01000001010010110101101101110011
01000001010001111100101001111111
01000001101001111110001010001100
