01000000101010101110000011101110
00111110000010001010000010001011
01000000000001111100101010110111
00111110000010100000001111001101
00111110101010011111100000101100
00111111100110110111100010111011
00111101110110100100000100101001
01000000000110001000111110100110
00111101111101100100011000001000
00111110111000000001101100001000
00111101100111101100110000100011
00111110000011001010100101110010
00111110011010111000011100110101
00111111000110100111101111010100
00111110110000000011001011000001
01000000000110001101100010011110
