10111110111101011000101010011101
11000000000011111000111100100101
10111110110010110100010011010010
10111101110110110011100111100000
10111110111001111010101001010101
10111111011111010011010100011000
00111110101011101011011001111000
10111111100000001101111111100110
10111111111100100100100011000000
00111101100100100010111010011001
10111101101000001110110011010010
10111111111011011110101101000100
10111111101111111011000101000010
00111111110011000001110001011100
00111111000001010010111101010110
00111110001001011110111000111111
