10111111110000001101101010001001
10111111000110011101111100111000
11000000001000010001001100011111
10111110010001100000000010011101
10111111000100100010011110001010
10111111110000011101001010011010
10111110110010101000111000000101
00111110110111001100010011111001
10111110100111100000110111000010
10111110000011100010010101100110
10111111000001100101011010100011
10111110110100101100101000101000
10111111000001010111010111011001
10111111000100000000001101111111
10111110100001001100101100001100
11000000000111000111110111000101
