00111111111011000010101110100010
00111111101010100111001000001111
00111111110101101100011111100111
01000000011011110011110101100110
00111111101100001101100011010111
00111111110011010001100101000010
01000000011010000101111111010001
01000000011000111011011100001010
01000000000001110001000101110100
01000000000110011010111111100111
00111111011100000000111110100010
01000000100000110000101011000011
01000000011110010101110101010010
00111111111110001110100010001101
00111111111010011110100000111011
00111111111011001101100010001001
