00111110101010010011101110011000
00111110111111000111010111101100
00111111110110000101111011010000
01000000000101011000001111100001
01000000001011000101000011011111
01000000100010000001111101010110
00111111101010111001100100011001
00111111000101111001000101011100
00111111001110011000010101001001
00111111100100100000111001100010
01000000000010111111101011100000
00111111000101111000010000100111
00111111000001011000101101101010
00111110111101010010111001010001
00111111101000010010010001010000
00111111000110001101010110110000
