01000011011010000010011000100111
01000011011011100100010011010001
01000011101101101001011010100101
01000011011011000010011110011001
01000011101010110000001100000011
01000011101000110011100100010001
01000011011011111001101110010010
01000011100001001010011001010010
01000011100010001110101100101101
01000011100100001100011010101010
01000011100111011101111001010110
01000011101001010100000001010000
01000011011111110001011011111110
01000011100111100011100011110101
01000011101101100000111111101010
01000011011100110001010011100000
