00111111111111001010101111001110
00111111110011110110110000000100
00111111110111101100000011111110
00111111001111000000001000011110
00111111010101001001011100100001
00111111110101010101110010000001
01000000001001000011000010101101
01000000010000010111001000010101
01000000000101110111000110100010
01000000000010010000000100000010
00111111100011111011101000011111
00111111001001111111001010101110
00111111010110100111011011001101
01000000000000101000010100100110
00111111101011001111000000110110
00111111100110010011000010001011
