00111110011100101101101111101000
00111110000001110100011110001000
10111101111001000001000001010010
10111101100011101011111011011111
10111111100001111100000000000101
10111110110001011110110000000100
10111101110011111011110011010000
00111111010110110110011110000111
10111101110011111111101101101101
00111110011110011011011011100001
10111100111000000001100010001111
00111101001001110011111011111001
00111110000110000001101100001010
10111101101000110011101101111100
10111110000111010101111110110101
10111110100110110110000000101011
