100001010010110001010001101011000100010000111100000000010001110100110111011000111001010100101011011000111100110000111100010101110100111001101101111110101100111010111010001011010011111000101111
110001010111010001100001101111010110010000101000000101110001110110110111010011111001000100110000001011111101010101011010011101111110110010111111000111100101100000110011011001000011110010111110
100001011011110001110001111111010110010101101100100000010001011111100101110010111001010100110001000011111101011111111010011101101110010000101111110111001100000000110000111011000011111010111111
100001010100010001110011101111010110110011111110100000010000111111100101011010111001000101000011010010111101011110111110011101000111011110111111110011000100011010110001111000010011110000101111
101101010100010001100001111011010010110100110000000100110001110100100110110010011001000110000010000011111101010010011000010101100100011011101110111111100000000010110001111001010111110001101110
100001010101110001000011101111010000110011011010000000010000011111110111111000011001000110000010010000101101011001011100010101000111111100101110000010000101111000111010111000010111110001101110
100001010001110001000001101011010100010100111100100001110001010100110111110000111001010100100010001011111100011010011100010101010111111011101110001110101000100010111000011000000011111011111110
100001010000010001110011101111010110110001100000000100010000010111100100010001111001000110011011000000111101011011111010011111010101010010111110101011100101000000110010111001000111110000101111
100001010111110001000001111011010100010011101000000001010001111111110111110011011001000111100010000001111101011010011000010101110111111010101111110110101001010000110010111001010011111010101110
100101010100010001000001111111010100110111111000000101010001110101100100111001011001000110001010000010111101010000011010011101100100011100111111101111100001001010110011111001010111111000101111
