1356.51025390625
1138.50830078125
989.2503051757812
1029.7266845703125
1067.080078125
819.741943359375
1454.9747314453125
1597.0908203125
963.7052001953125
1133.4957275390625
960.5574340820312
1355.844970703125
1562.1776123046875
1286.12255859375
1168.1051025390625
690.0662841796875
868.3717041015625
949.6726684570312
1051.2584228515625
875.7509765625
933.537841796875
1287.273681640625
1063.9892578125
1485.8992919921875
1263.9278564453125
1124.971923828125
968.6631469726562
1132.935302734375
934.0944213867188
1237.7220458984375
1281.7353515625
1757.0589599609375
993.2245483398438
1122.4420166015625
1035.682373046875
1342.9036865234375
856.4352416992188
1030.178466796875
1555.6558837890625
942.5941162109375
1377.8944091796875
1723.6275634765625
1077.16162109375
1379.604248046875
1282.74365234375
1123.0435791015625
1477.92041015625
985.4949340820312
957.5555419921875
1004.0230712890625
974.6866455078125
1113.399658203125
1397.339111328125
1739.6126708984375
895.2470092773438
1574.125244140625
911.5228881835938
673.9830932617188
813.4764404296875
967.5738525390625
966.9669799804688
908.0233764648438
1216.54296875
1070.414306640625
