1.3587881326675415
1.2896486520767212
1.1011534929275513
1.56399405002594
1.6553819179534912
1.5684518814086914
1.2205865383148193
0.9376067519187927
1.430073618888855
1.2735216617584229
1.334298849105835
1.3626831769943237
1.3047940731048584
1.794676661491394
0.7590603828430176
0.686398446559906
1.0529354810714722
1.7330644130706787
2.404653549194336
1.6843329668045044
1.7532031536102295
0.6014747023582458
1.7400273084640503
1.2634787559509277
1.2159355878829956
0.7602216005325317
0.7757081389427185
1.131941318511963
1.8497830629348755
1.6213208436965942
1.08989679813385
1.920629620552063
