2.4037675857543945
2.7150909900665283
2.575901985168457
0.5893369913101196
2.232936143875122
2.1283586025238037
2.2114458084106445
1.9012123346328735
2.150134325027466
1.669740915298462
1.704740047454834
1.5707037448883057
2.3204493522644043
2.081892251968384
2.81585431098938
2.1431849002838135
1.8119150400161743
2.368459463119507
2.0961122512817383
1.9072989225387573
2.1142027378082275
0.43323689699172974
2.6596322059631348
2.1792402267456055
0.8372416496276855
0.8392412066459656
2.4044060707092285
2.8275349140167236
2.772441864013672
2.6411545276641846
2.4157745838165283
2.283360004425049
