1.9765064716339111
2.2228307723999023
1.550018310546875
1.8484158515930176
2.051457643508911
1.1510313749313354
1.6123601198196411
1.1762409210205078
1.6139848232269287
2.2694716453552246
1.7674072980880737
2.3293142318725586
1.8837147951126099
1.8208118677139282
0.9349766969680786
1.0475143194198608
1.8843597173690796
1.7548887729644775
1.0987582206726074
1.235437035560608
3.984480619430542
1.9179325103759766
2.095154285430908
1.9455257654190063
1.222776174545288
1.006984829902649
1.0984203815460205
2.776677370071411
2.447685480117798
1.2109816074371338
2.2717459201812744
1.5410526990890503
