2.381664991378784
-0.4775494933128357
-1.0944169759750366
-1.1269994974136353
0.3563378155231476
1.8100512027740479
0.10449537634849548
1.197903037071228
2.1614370346069336
-1.291657567024231
-0.26545029878616333
0.16922630369663239
-1.606889009475708
-1.0558545589447021
-0.05132896080613136
2.7746973037719727
-2.240508556365967
-0.8778806328773499
-4.390141010284424
1.8367817401885986
0.7480972409248352
1.7165813446044922
-1.1173268556594849
2.710028648376465
-1.8533052206039429
-2.0110561847686768
1.6254491806030273
-0.0408642515540123
4.334127902984619
-4.931299209594727
0.2724750339984894
4.535129070281982
