2.5015206336975098
1.9682928323745728
1.9863429069519043
2.8074374198913574
2.410947322845459
2.0256993770599365
2.701298236846924
2.3004281520843506
2.465956687927246
2.4132280349731445
1.3931832313537598
2.6840622425079346
2.96871018409729
2.4811418056488037
0.7207100987434387
1.0315896272659302
2.673691987991333
0.662052571773529
1.8498226404190063
3.2324113845825195
2.2684099674224854
1.9089597463607788
2.317396640777588
1.9680182933807373
1.2138177156448364
1.9171457290649414
0.9602766036987305
1.4862408638000488
3.235276222229004
1.4847239255905151
2.846006155014038
1.084681749343872
