1396.632080078125
1678.2958984375
885.362060546875
1152.453369140625
1407.0166015625
1741.309814453125
1321.2646484375
1883.9207763671875
2756.232666015625
2167.757568359375
1120.298828125
1487.882568359375
1333.3763427734375
1400.1810302734375
1171.0557861328125
1280.7640380859375
1030.1937255859375
1974.065185546875
1353.60498046875
1323.30517578125
1760.1453857421875
920.4876708984375
1529.6348876953125
1540.656005859375
1238.946533203125
1386.3797607421875
1190.4334716796875
1023.7993774414062
1188.1624755859375
1223.3463134765625
1384.1351318359375
2258.979736328125
