1.4753437042236328
1.4176867008209229
1.5765705108642578
1.0711359977722168
0.38552963733673096
0.4405774772167206
1.449895977973938
0.8972710967063904
0.4439457356929779
1.1504011154174805
1.6375240087509155
1.7146402597427368
1.0058197975158691
1.8920596837997437
2.934377670288086
1.186859130859375
1.7570624351501465
0.41634443402290344
1.540837049484253
1.9915263652801514
-0.32331377267837524
1.6591858863830566
1.8335821628570557
1.37681245803833
0.8914211988449097
1.3924586772918701
1.2580546140670776
2.1126015186309814
1.8462668657302856
3.014082193374634
1.7301634550094604
0.7673503160476685
