-37.772220611572266
31.791017532348633
-21.49895668029785
-43.3302116394043
-44.03496170043945
-34.25465774536133
-7.54215669631958
-10.524649620056152
-0.5968315005302429
-31.527751922607422
-43.50060272216797
1.6974343061447144
-23.802894592285156
-44.57501983642578
-15.320279121398926
-24.3336124420166
15.837657928466797
34.45736312866211
-16.680095672607422
-2.9746809005737305
-11.371315002441406
-37.497318267822266
-11.839954376220703
-7.514665126800537
-51.001312255859375
-27.407209396362305
-61.383216857910156
-7.162827014923096
39.72773742675781
-22.053245544433594
-17.90519905090332
3.1187870502471924
-24.57809829711914
17.5895938873291
-11.656405448913574
-41.41366195678711
-10.883936882019043
24.610353469848633
-57.056434631347656
32.15849685668945
43.4125862121582
-27.958675384521484
3.0035715103149414
-0.22870634496212006
33.54228591918945
12.153701782226562
-6.245077133178711
-13.055185317993164
-40.233070373535156
-2.3781445026397705
-71.09847259521484
9.933465957641602
-74.76905059814453
-26.26095962524414
5.507674217224121
-39.166622161865234
12.140300750732422
11.5433349609375
-21.016401290893555
-24.018550872802734
12.844372749328613
-48.04852294921875
-35.86756896972656
17.588294982910156
