2.1991183757781982
2.6122348308563232
1.348087191581726
0.9987379312515259
2.151085138320923
1.8375259637832642
3.348972797393799
2.420355796813965
2.556516647338867
0.9528107047080994
2.3840904235839844
1.8849602937698364
1.971030354499817
0.7871389985084534
3.0771830081939697
2.427830457687378
2.4404067993164062
2.7649757862091064
2.6380765438079834
1.9128285646438599
2.390716314315796
2.4509284496307373
2.871601104736328
3.2672390937805176
2.7938175201416016
2.5640861988067627
1.4170891046524048
3.1849708557128906
2.4935672283172607
2.18119478225708
2.2310409545898438
1.4319343566894531
2.9864139556884766
2.8992841243743896
2.165982246398926
1.1697813272476196
2.3525567054748535
2.4137589931488037
2.9907071590423584
2.344223737716675
4.125635147094727
2.224039316177368
1.2477896213531494
3.307455539703369
3.7589359283447266
2.7778289318084717
2.174717426300049
3.0107908248901367
3.8242390155792236
3.0430116653442383
1.7040011882781982
3.2140073776245117
1.333640217781067
3.919807195663452
2.9462544918060303
2.570695638656616
2.140451431274414
2.0186362266540527
2.592357873916626
2.2640268802642822
1.1126903295516968
2.8917224407196045
2.3669052124023438
2.5054616928100586
