2.3657023906707764
4.635001182556152
1.8150862455368042
-1.7763371467590332
-0.5813257694244385
-2.913505792617798
-0.26066136360168457
-0.12399828433990479
2.680682420730591
0.10102194547653198
0.7262294292449951
-0.4069838523864746
3.151176691055298
0.39792588353157043
-6.452914237976074
-1.1212106943130493
1.2232991456985474
2.1191320419311523
-3.6949586868286133
0.5272650122642517
0.5187500715255737
-4.256915092468262
-0.01964709348976612
-4.5947747230529785
-4.191103935241699
-0.26139286160469055
0.0970795527100563
4.1156840324401855
1.2903993129730225
-2.070831060409546
-3.7998576164245605
0.033507972955703735
0.6965270638465881
-1.707317590713501
-0.1711176037788391
-0.800230085849762
1.1194438934326172
0.1514555811882019
1.7638076543807983
-0.3513020873069763
0.8840776681900024
-0.44827839732170105
-2.1231229305267334
0.03869684413075447
-0.8967518210411072
-0.7033579349517822
0.5892824530601501
0.47957324981689453
1.1832070350646973
0.9321441650390625
-0.750322163105011
-0.3838478922843933
0.12501704692840576
0.37138596177101135
0.7769528031349182
0.4555326998233795
0.4874112010002136
-1.0006412267684937
-1.3651890754699707
-2.315403699874878
-0.1971760392189026
-0.8480139970779419
-0.1867617964744568
-0.09473786503076553
-1.1574280261993408
0.28804951906204224
0.07656900584697723
-4.426376819610596
3.38104510307312
-4.995859146118164
-0.06505682319402695
-6.519015312194824
4.262279987335205
-1.0772818326950073
-0.36206525564193726
-1.4700382947921753
0.670992910861969
-3.783127784729004
-0.04017546772956848
1.2549245357513428
2.502023935317993
0.6595470309257507
2.367704391479492
-3.5590384006500244
-4.108497142791748
0.09389670938253403
-1.9352298974990845
-0.0026683108881115913
2.093971014022827
2.3224406242370605
-4.288529396057129
-0.6139144897460938
-0.0805928111076355
-0.8248434662818909
-0.09041788429021835
0.5893733501434326
-1.078318476676941
-0.7715831398963928
1.21040678024292
-1.778564214706421
1.9821208715438843
0.64998459815979
2.5529136657714844
-4.347628593444824
-2.62998628616333
5.414045333862305
-0.06873337179422379
-0.7842958569526672
0.44172608852386475
-0.10644946247339249
0.18586376309394836
-1.7961106300354004
0.2688196301460266
0.6259257793426514
0.7735689878463745
-1.741242527961731
5.3595356941223145
0.1865878701210022
-2.223531484603882
1.1633708477020264
-0.7259043455123901
-2.5225751399993896
0.0707237720489502
-0.9637346863746643
0.14567238092422485
-0.9002513885498047
2.7578797340393066
0.24227070808410645
-2.4357597827911377
3.8814198970794678
0.8096905946731567
2.31622052192688
2.4410183429718018
0.6640015840530396
0.22983314096927643
-2.8213653564453125
-4.783450126647949
0.08207027614116669
4.341334819793701
-3.562499523162842
2.4085302352905273
0.7506580948829651
-0.05061671882867813
0.11178640276193619
-0.3369731903076172
0.7706140875816345
3.6374218463897705
-0.9334229826927185
-0.08578971773386002
-1.9834033250808716
-2.1609292030334473
0.2806069254875183
0.5473246574401855
3.3724117279052734
-0.30524882674217224
-0.21021807193756104
-0.1738252192735672
0.11321569979190826
-2.633723735809326
-6.536823749542236
-0.8102038502693176
0.30721282958984375
-1.291856050491333
-1.0850038528442383
0.127361461520195
4.2632622718811035
-1.3708463907241821
5.335350513458252
0.6238473653793335
0.41999512910842896
1.1874419450759888
0.467871755361557
-0.4288337528705597
0.7030354738235474
0.041776832193136215
0.9414495825767517
2.209965705871582
-0.11458642035722733
2.7357661724090576
0.11790571361780167
0.06559737771749496
-0.2770789861679077
2.599637031555176
-0.10816017538309097
0.1289498507976532
-6.9360857009887695
-6.333446979522705
1.2432938814163208
0.058592163026332855
0.7131029367446899
-1.549744725227356
-2.4826090335845947
-2.003307342529297
1.752178430557251
-1.151214361190796
-0.3989284336566925
1.334629774093628
-0.33035191893577576
1.0407657623291016
0.6033684015274048
0.5493614673614502
4.591139316558838
1.130277156829834
-0.387265682220459
0.953135073184967
1.1129404306411743
0.07397105544805527
1.8697924613952637
0.6426580548286438
1.2853816747665405
-0.19204892218112946
-0.5558580756187439
-0.10197113454341888
-1.2391163110733032
0.37896937131881714
0.3220130503177643
0.45587798953056335
-0.8728507161140442
-2.015251398086548
0.4567753076553345
0.3251398205757141
3.9143097400665283
-0.1388852596282959
-4.812758445739746
-0.08355791121721268
0.1534430980682373
-6.352223873138428
-1.4470914602279663
0.9848715662956238
1.8904616832733154
2.0608882904052734
0.1989576667547226
-1.82746160030365
-3.148268938064575
-3.3176770210266113
-0.6481584310531616
1.1842920780181885
0.9175305962562561
-0.7361704111099243
0.5111243724822998
1.2859094142913818
-6.372908592224121
-0.6426894068717957
-1.1310557126998901
2.9715003967285156
-1.2633968591690063
-4.335822105407715
4.736880302429199
-0.2236725389957428
-3.0319430828094482
-1.0136340856552124
0.08980298787355423
5.412975788116455
-3.2152042388916016
-0.3583850562572479
0.22966688871383667
0.7403191924095154
0.912742555141449
-0.024167902767658234
-4.280030250549316
1.2732975482940674
-0.010712293907999992
0.18679557740688324
0.012006581760942936
-1.638419270515442
0.5477376580238342
-0.7480294108390808
-1.5061488151550293
2.492602825164795
2.5581367015838623
0.05097443237900734
-3.229077100753784
2.1820523738861084
-2.1655306816101074
1.4399044513702393
3.2040274143218994
-0.8252224922180176
-1.4321067333221436
-2.0502519607543945
1.7924326658248901
-0.39093446731567383
-0.5341482758522034
-0.46078699827194214
-0.8444870114326477
0.2923927903175354
-1.339597225189209
-1.22813880443573
-0.572458803653717
-1.2229419946670532
-4.372457027435303
-0.5877001285552979
-2.96478009223938
-0.6263200640678406
1.577985405921936
0.49231308698654175
3.3186206817626953
1.47915518283844
-3.6106529235839844
-1.4383726119995117
0.367414265871048
0.6800199747085571
-1.568057656288147
0.12995390594005585
0.14511430263519287
0.18975256383419037
0.9135100841522217
-5.053138732910156
0.9964434504508972
-1.1809993982315063
1.1926918029785156
1.6913870573043823
0.43537139892578125
0.5125247836112976
-0.8493693470954895
0.5477005243301392
-0.09289367496967316
-0.24561509490013123
1.4262901544570923
1.0053828954696655
2.082838535308838
0.8541392683982849
-2.1694793701171875
-0.5779069662094116
-0.18480484187602997
-2.00993275642395
0.30506715178489685
0.21728220582008362
0.8843265771865845
-0.12403608113527298
5.79738187789917
1.1603436470031738
1.3946698904037476
-0.38347744941711426
-0.09800051152706146
-0.0319136381149292
-2.871034860610962
-1.5048311948776245
-1.564852237701416
0.8396213054656982
0.5371795296669006
4.804223537445068
0.4654919505119324
-0.321807324886322
0.22673730552196503
-5.791755676269531
-1.7377424240112305
0.2665506601333618
-0.5926013588905334
0.12366361916065216
-0.0912378653883934
2.284377336502075
0.6370099782943726
-2.93196439743042
-3.662315607070923
0.571375846862793
-3.8447136878967285
2.553706407546997
-0.2733025848865509
-1.0623270273208618
-1.0308842658996582
-1.5366953611373901
0.9726947546005249
2.2368204593658447
0.18769122660160065
0.4389391839504242
-2.0439727306365967
0.013462238013744354
0.9452756643295288
-1.4390642642974854
-0.24933725595474243
-0.6741483807563782
-2.841676712036133
0.7807181477546692
-0.393258273601532
0.7628037929534912
1.124396800994873
-4.30066442489624
0.03978529945015907
1.2336832284927368
-0.5168818831443787
-0.24400514364242554
-2.254551887512207
0.5084130764007568
-0.07604014128446579
-6.077968120574951
1.1288317441940308
0.5753315687179565
0.42596420645713806
-0.1641874611377716
-1.9126142263412476
0.0038579071406275034
-0.16149720549583435
-2.18674373626709
-1.3704161643981934
1.2950868606567383
-0.11364467442035675
0.048263173550367355
-4.313906669616699
-3.8062615394592285
2.844733476638794
-1.4522709846496582
-4.1204423904418945
2.100618839263916
0.23346571624279022
3.485766887664795
0.2802315354347229
-4.250066757202148
1.0941672325134277
-0.8879472613334656
1.2191580533981323
-0.16992338001728058
3.729109048843384
3.74117374420166
4.016198635101318
-0.6122420430183411
0.5773112773895264
-0.2935439646244049
-1.843786358833313
2.99823260307312
-1.1564044952392578
1.3570356369018555
-0.826027512550354
-5.573660373687744
-0.39899903535842896
0.3958849310874939
0.013010670430958271
-0.9716119170188904
0.7406980395317078
-4.719324111938477
1.271628975868225
0.3658660054206848
1.5009692907333374
-3.134798049926758
0.33751434087753296
2.0116167068481445
0.44565850496292114
-1.8598377704620361
-2.145211696624756
0.03300968185067177
-0.17231717705726624
1.1005560159683228
-0.9469974637031555
-4.163889408111572
2.0052201747894287
0.30778658390045166
1.390741229057312
0.8930542469024658
-0.6874799132347107
0.9862217307090759
0.6028144359588623
0.09496144205331802
3.2328927516937256
-0.42902350425720215
2.2133724689483643
-0.019189724698662758
0.4733320474624634
-5.739156246185303
1.1773786544799805
1.9965096712112427
-0.32820501923561096
1.0292247533798218
5.42566442489624
0.06304927915334702
-3.3285586833953857
-2.621502161026001
-0.41690191626548767
-1.5846866369247437
0.9709950685501099
1.1704528331756592
-1.469251036643982
0.3742069602012634
0.17382819950580597
-1.200316309928894
0.4402320981025696
4.652006149291992
-0.2815234065055847
-0.19761769473552704
0.03230087459087372
-1.2749682664871216
-3.6641123294830322
-0.4233417212963104
-3.187838077545166
2.658226251602173
2.614298105239868
-1.5174356698989868
1.0705500841140747
0.8687216639518738
0.8888424634933472
-1.8290600776672363
-0.9254621267318726
4.640007019042969
0.15764588117599487
0.020138202235102654
-4.961801052093506
-0.7728314995765686
3.271118640899658
0.5444794297218323
3.3161821365356445
0.799727201461792
-3.8731563091278076
4.139287948608398
3.8443238735198975
0.9796746969223022
0.07254031300544739
-3.9773635864257812
-1.3302128314971924
-0.3370009660720825
-3.098175287246704
-0.21192532777786255
0.11101289838552475
-0.2424529641866684
-0.6842246651649475
