2241.29345703125
2089.1767578125
3010.767333984375
2271.500244140625
1921.3409423828125
2440.39990234375
2884.669189453125
2345.166259765625
2771.396484375
2928.633544921875
2472.439453125
2162.727294921875
2075.779052734375
1970.5467529296875
2049.034912109375
1906.0386962890625
2086.095947265625
2003.4713134765625
2024.0108642578125
2431.380859375
2048.298828125
2069.06689453125
1937.064453125
2262.67333984375
2096.276611328125
2497.082763671875
2797.494384765625
2667.980224609375
2268.808349609375
2015.3497314453125
1816.3388671875
2600.244384765625
1907.0126953125
2590.448486328125
2960.81689453125
2539.365966796875
2346.072509765625
2271.83203125
3155.244384765625
3343.62939453125
2816.90283203125
2229.86376953125
2320.5458984375
2755.140869140625
1812.69580078125
2109.23291015625
1788.5650634765625
2179.419189453125
1904.9630126953125
1848.466552734375
1872.4388427734375
2283.050537109375
3200.272216796875
2034.300048828125
2212.14599609375
2102.359375
2673.7666015625
2267.178955078125
2174.6669921875
1817.9732666015625
9896.32421875
3386.887451171875
2291.041748046875
1914.6572265625
