-0.3748544156551361
-0.35274776816368103
-1.094497561454773
-0.3768153488636017
-0.7943326830863953
-0.6197072863578796
0.0365508571267128
-0.6695061922073364
-0.8187423348426819
-0.7429371476173401
-0.33360448479652405
-0.16428755223751068
-0.14588595926761627
-0.3832397162914276
-0.15511028468608856
-0.23863449692726135
-0.19449269771575928
-0.3016781508922577
0.5833611488342285
-0.35600996017456055
-1.5515108108520508
0.0888969823718071
-1.3250200748443604
-1.172621488571167
-1.1783320903778076
-1.2165334224700928
-1.0307633876800537
-1.1412559747695923
-1.3878203630447388
0.14449654519557953
0.01395493745803833
-0.47994107007980347
-0.44141989946365356
-0.48343467712402344
-0.6280491948127747
-0.5706326961517334
-0.357369989156723
0.5323910713195801
-0.5113537311553955
-0.31964796781539917
-0.4869019389152527
-0.4458368718624115
0.6762306094169617
-0.7437697052955627
-0.567658007144928
-0.2951909601688385
-0.3986145853996277
-0.13807079195976257
-0.4156084358692169
-0.2601635158061981
0.2940860688686371
-0.6518667340278625
-0.628976047039032
-0.5022261142730713
-0.7685416340827942
-0.7124924063682556
-0.47384586930274963
-0.6410939693450928
-0.835638165473938
0.06338783353567123
-0.40243998169898987
-0.39484283328056335
-0.22917351126670837
0.9791281819343567
-0.44575273990631104
-0.8093053102493286
-0.3938315510749817
-0.3674148619174957
-0.19015972316265106
-0.1976996511220932
-0.7398251295089722
-0.7628169059753418
-1.2303483486175537
-0.045878659933805466
-1.1835743188858032
0.058592505753040314
-0.9885873198509216
-0.956556499004364
-0.7628015279769897
-0.8319123983383179
-0.9797276258468628
-0.28410571813583374
-0.6232005953788757
-0.4566655158996582
-0.2725336253643036
-1.007798194885254
-0.9622142910957336
-0.6989277005195618
-0.17211659252643585
-0.925609827041626
-2.9675934314727783
-2.636946678161621
-1.7750881910324097
-1.7623904943466187
-2.0376360416412354
-1.7682710886001587
-1.5463064908981323
-2.7618768215179443
-2.7440927028656006
-2.8677704334259033
-0.2770605981349945
-0.6966750621795654
-1.3025355339050293
-0.5158294439315796
-1.1875383853912354
0.014751555398106575
-0.972813069820404
-1.0754815340042114
-0.6981747150421143
-0.7469000220298767
-0.8050374388694763
-0.5552160739898682
-0.9237127900123596
-0.5985386371612549
0.09146492928266525
-0.3404843211174011
-0.8048177361488342
-0.3831745982170105
0.06941494345664978
-0.46873971819877625
-1.2418080568313599
-0.5832868218421936
-1.2363520860671997
-0.7750217914581299
-0.378653347492218
-0.8882629871368408
-0.9134666323661804
-0.288574755191803
-0.268541157245636
-0.4814321994781494
-0.5600945949554443
-0.5404871702194214
-0.20111191272735596
-0.6812804341316223
-0.6756250858306885
0.01380326971411705
-0.7443581223487854
-0.08039648830890656
-0.4450456202030182
-0.18989643454551697
-0.5218731164932251
-0.38169214129447937
1.1768864393234253
-0.49618789553642273
-0.5616108775138855
-0.5643177628517151
-0.407263845205307
-0.5501536726951599
-0.4000450372695923
-0.3182671070098877
-0.695828378200531
-0.4683763086795807
-0.5855949521064758
-0.4541015923023224
-0.6511331796646118
-0.7548055052757263
-0.5492077469825745
0.5682342648506165
-0.46763360500335693
-0.41024908423423767
-0.26088082790374756
-0.31676340103149414
-0.23122332990169525
-0.23831503093242645
0.6359931230545044
-0.3754138648509979
-0.08534979820251465
-0.3323095142841339
-0.25290700793266296
-0.05243214964866638
-0.385539710521698
-0.25281763076782227
-0.41707026958465576
-0.5397899746894836
-0.5348299741744995
-0.5845630168914795
0.8330836296081543
-0.42623797059059143
-0.25201019644737244
-0.24058493971824646
-0.5470523238182068
-0.5533143281936646
0.4447460174560547
-0.6654270887374878
-0.7240263223648071
-1.0352064371109009
-0.7154309153556824
-0.5193413496017456
-0.5387526154518127
-0.6447262763977051
0.030829956755042076
-0.838648796081543
-0.9031497836112976
-0.15507055819034576
-0.9881230592727661
-0.6689567565917969
-0.6050218343734741
-0.08275031298398972
-0.7025595903396606
-0.7873499393463135
0.09229448437690735
-0.5298985838890076
-0.6443473100662231
-0.5300685167312622
0.6936139464378357
-0.41610562801361084
-0.4639360010623932
-0.4785330891609192
-0.5048062801361084
-0.6121309399604797
-0.2835543751716614
0.052965059876441956
-0.35035011172294617
-0.27103090286254883
-0.3570892810821533
-0.12499023228883743
0.053288623690605164
-0.436774879693985
-0.04246870428323746
-0.4209000766277313
-0.2843106687068939
-0.5679311156272888
-0.6391637921333313
0.7462868690490723
-0.592326283454895
-0.518201470375061
-0.5379226803779602
-0.5682066679000854
-0.4016112685203552
-0.06595627963542938
-0.7115702033042908
1.0617696046829224
-0.14182506501674652
-0.5559399127960205
-0.2972208559513092
-0.2997336685657501
-0.31863632798194885
-0.5619204044342041
-0.5027431845664978
-0.6861259341239929
-0.5259121060371399
-0.1612718254327774
-0.505027174949646
-0.6155983805656433
-0.39589396119117737
-0.5208053588867188
-0.5927202105522156
0.8073464632034302
-0.2312624156475067
-0.40266087651252747
-0.8644617199897766
-0.028315173462033272
-0.7585417032241821
-0.8543805480003357
-0.9641233086585999
-0.7650801539421082
0.21180853247642517
-0.6196815967559814
-0.07560208439826965
-0.6835767030715942
-0.5895293354988098
-0.5343799591064453
-0.7222990393638611
-0.6752959489822388
-0.5947747826576233
-0.7930412292480469
-0.5467178821563721
-0.3210286796092987
0.8831721544265747
-0.4351853132247925
0.2856608033180237
-0.7547364234924316
0.22262026369571686
-0.9314930438995361
-1.0660253763198853
-0.9955275058746338
-0.9569237232208252
-0.7707704901695251
-0.7402421236038208
-0.3837487995624542
-0.7571646571159363
-0.3280144929885864
-0.6332204341888428
-0.17042070627212524
-0.5375178456306458
-0.46385660767555237
-0.3910224437713623
-0.5322896838188171
0.5168192982673645
-0.40653520822525024
-0.8077672719955444
-0.80074542760849
-0.6511393189430237
-0.9126195311546326
-0.6511791944503784
-0.09788163006305695
-0.7023937106132507
-0.9251065850257874
0.7248703837394714
-0.46645861864089966
-0.3669447600841522
-0.31117168068885803
-0.4205176532268524
-0.42093873023986816
-0.41629067063331604
-0.1332821249961853
-0.16529057919979095
0.22730010747909546
-0.3772188127040863
-0.008931923657655716
-0.5549032092094421
-0.4195924699306488
-0.9135363101959229
-0.8588201999664307
-0.48280906677246094
-0.9808570742607117
0.8724939823150635
-0.7972452640533447
-0.2817712426185608
-0.44899505376815796
-0.20533595979213715
-0.6165206432342529
-0.4963718354701996
-0.7554842829704285
-0.786486804485321
-0.4325176477432251
-0.6062670946121216
0.20663949847221375
-0.7443596124649048
-0.8862292766571045
-0.7154734134674072
0.09702184796333313
-0.3514752984046936
-0.24681459367275238
-0.6054497361183167
-0.5156452059745789
-0.34178274869918823
-0.31006523966789246
0.4794847071170807
-0.7158170342445374
-0.9835209250450134
-0.13296279311180115
-1.1493151187896729
-0.8010613322257996
-0.9813618659973145
-1.016642451286316
-1.0842267274856567
-0.8844178318977356
-1.055517315864563
0.3976716697216034
-0.8985175490379333
-0.5022153258323669
-0.6065600514411926
0.16436941921710968
-0.9858992099761963
-0.13247807323932648
-0.8913000822067261
-0.8448474407196045
-0.7275774478912354
-0.6585121154785156
-0.2068800926208496
-0.5457350611686707
-0.12767864763736725
-0.5406473278999329
-0.7712320685386658
-0.14025084674358368
-0.7970771789550781
-0.6931859850883484
-0.7704251408576965
-0.8609574437141418
-1.1191370487213135
-0.7411245703697205
-0.7891260981559753
-0.5866873264312744
-1.2407029867172241
-0.025486979633569717
-0.9222988486289978
-0.1776026040315628
-0.8595543503761292
-0.8408770561218262
-1.2080230712890625
-1.7889586687088013
-2.371006965637207
-2.6270699501037598
-2.338700771331787
-2.4755706787109375
-2.5617403984069824
-2.448245048522949
-1.1162527799606323
-1.8517260551452637
-0.3355385959148407
-0.31262677907943726
-0.3779807686805725
-0.564998209476471
0.4833456873893738
-0.8431838154792786
-0.5133864283561707
-0.7722324132919312
-0.23728421330451965
-0.36997196078300476
-0.3188118040561676
-0.15650592744350433
0.37685874104499817
-0.7697305083274841
-0.4260275363922119
0.8053414225578308
-0.2493114471435547
-0.3886904716491699
-0.26690226793289185
-0.22460076212882996
0.0792057141661644
-0.36746421456336975
-0.22075077891349792
-0.43212011456489563
-0.38325363397598267
-0.7210438251495361
-0.3466291129589081
-0.2905956208705902
-0.5933179259300232
-0.5204476118087769
-0.6842793822288513
-0.4267078638076782
-1.0999826192855835
-0.8274126052856445
0.374536395072937
-0.6447651386260986
-0.4543282687664032
0.3213249444961548
-0.4439956843852997
-0.43414306640625
-0.18053178489208221
-0.16878221929073334
0.48560285568237305
-0.16076017916202545
-0.2782513499259949
-0.3403899073600769
-0.18116027116775513
-0.19618253409862518
-0.22151149809360504
-0.20680706202983856
-0.6055681705474854
-0.7870497703552246
-0.7552961707115173
-0.785018265247345
-0.7927833795547485
-0.15573722124099731
-0.9772050380706787
-0.3684464395046234
-0.8419964909553528
-0.7080284953117371
-0.34700778126716614
-1.0428404808044434
-0.4472266137599945
-0.9839990735054016
-1.190691590309143
-1.2775760889053345
-1.1472963094711304
-1.2696722745895386
-0.34460505843162537
-1.0099647045135498
0.02452928014099598
-0.5006884932518005
-0.8694458603858948
-0.7627172470092773
-0.7095306515693665
-0.7136482000350952
-0.8317522406578064
-0.7522642016410828
-0.02477678842842579
-0.2814217805862427
-0.003214610507711768
0.80623459815979
-0.42537835240364075
-0.22377975285053253
-0.28718993067741394
-0.478979229927063
-0.2033931463956833
-0.46739986538887024
-0.3200235962867737
-0.6501968502998352
-0.22224661707878113
-0.5260524153709412
-0.5217170119285583
-0.09567497670650482
-0.31608736515045166
-0.5047909617424011
-0.3525642156600952
0.025256378576159477
-0.5472411513328552
-0.4721331000328064
-0.060414575040340424
0.16873174905776978
-0.8380576968193054
-0.7547455430030823
-1.1812419891357422
-0.7782939672470093
-1.04990816116333
-1.0240908861160278
-1.1888296604156494
-0.7876193523406982
-0.41834262013435364
-0.37506210803985596
-0.3773685693740845
-0.7075274586677551
-0.14675143361091614
-0.6804724335670471
-0.35366567969322205
0.8723599314689636
-0.4029403626918793
-0.4778039753437042
-0.3804367780685425
-0.23101933300495148
-0.5145785212516785
-0.8656704425811768
-0.7509363889694214
-0.7402888536453247
1.1539734601974487
-0.41825443506240845
-0.39955246448516846
-0.32069239020347595
-1.3082586526870728
-1.192086935043335
-1.89192795753479
-1.0608848333358765
-1.0282121896743774
-0.1940598487854004
-1.7062937021255493
-0.5459470748901367
-1.1689239740371704
-1.2461057901382446
-0.20039212703704834
-0.1940537542104721
-0.6413756012916565
-0.7568860650062561
-0.5018705129623413
-0.5038663744926453
0.027593661099672318
0.4394301176071167
-0.4926598370075226
-0.37591174244880676
-1.0311111211776733
-0.6765726804733276
-0.30302694439888
-1.248596429824829
-0.36342981457710266
-0.6834913492202759
-0.947260856628418
-0.6911550760269165
-0.7148986458778381
-0.5688244104385376
-1.0533111095428467
-0.10184802114963531
-1.0445330142974854
-0.3529019355773926
-0.5868820548057556
-0.7019798159599304
-0.9867678880691528
-0.7682861089706421
-0.8725583553314209
-0.8094702363014221
0.0016088648699223995
-0.8025856018066406
-0.6034195423126221
-1.0537230968475342
-0.9352548122406006
-0.917818009853363
-0.10795717686414719
-0.9433651566505432
-0.8019111156463623
-0.5635453462600708
-0.8552699089050293
-0.9046651721000671
-0.07445311546325684
-1.072384238243103
0.026139607653021812
-0.929861307144165
-0.7631061673164368
-0.6746833324432373
-0.9637447595596313
-0.8600273132324219
-0.7039933800697327
-0.8201185464859009
-0.5389807820320129
-0.5488767027854919
-0.713852047920227
-0.5287331342697144
-0.7659491300582886
-0.3819010555744171
-0.5959192514419556
0.6513437628746033
-0.4081842005252838
-0.3512819707393646
-0.45274949073791504
-0.42825746536254883
0.8400989174842834
-0.3274117410182953
-0.6065018177032471
-0.17333246767520905
-0.4944770336151123
-0.10260327905416489
-0.0002855198399629444
-0.0003998386673629284
-0.00582243362441659
-0.002111885929480195
0.001237696735188365
-0.005954374093562365
-0.004785839002579451
0.013679899275302887
-0.004396083764731884
0.004788358695805073
-0.8467149138450623
-1.231784462928772
-1.2052736282348633
-0.7095086574554443
-0.163297638297081
-1.1400502920150757
-1.06679105758667
-1.2526384592056274
-1.1917476654052734
-1.0391494035720825
-0.663566529750824
-0.8724438548088074
-0.33200153708457947
-0.5958731770515442
-0.40914633870124817
-0.528813898563385
-0.4369550347328186
-0.6064296364784241
-0.4360209107398987
0.9067794680595398
-0.13279828429222107
-0.4610477685928345
-0.580367922782898
-0.6022458076477051
0.4867556095123291
-0.03021143190562725
-0.4877626597881317
-0.6088456511497498
-0.3677612841129303
-0.26885491609573364
