1912.3424072265625
1871.9796142578125
2055.000244140625
1781.0511474609375
1597.3494873046875
2393.279541015625
1774.619140625
2010.3472900390625
1676.901123046875
2152.0595703125
2258.586669921875
2362.412353515625
2149.83642578125
2666.47412109375
2802.15087890625
1974.4815673828125
2856.106689453125
2028.009765625
1596.6839599609375
2186.3916015625
3972.5703125
2765.95263671875
3181.172607421875
2377.09423828125
1896.6256103515625
1778.5394287109375
2109.83251953125
2641.18115234375
2543.689208984375
1603.0731201171875
1742.221923828125
2706.41796875
