3.29131817817688
3.695890188217163
4.043882846832275
4.48841667175293
4.992268085479736
1.8566572666168213
4.059904098510742
2.9455926418304443
3.6133053302764893
4.717299938201904
1.9394595623016357
3.140867233276367
3.1491634845733643
1.819833517074585
3.7129337787628174
3.4460439682006836
1.876728892326355
3.055262804031372
2.902306079864502
3.4191746711730957
4.347323894500732
4.254978179931641
3.579339027404785
3.4506397247314453
3.350205183029175
2.532536029815674
3.6320061683654785
4.102508068084717
2.884443998336792
3.9987545013427734
3.6010634899139404
3.225151300430298
3.206942319869995
2.6511168479919434
3.5217537879943848
4.0724616050720215
2.988044023513794
3.185328245162964
3.400137186050415
1.9957075119018555
4.2180585861206055
2.659409284591675
3.9492766857147217
3.857206106185913
2.7126033306121826
3.884073257446289
2.114431142807007
3.4201292991638184
2.1113784313201904
4.534789085388184
3.4534637928009033
3.1613802909851074
2.401427745819092
3.7252912521362305
2.332439422607422
3.0198004245758057
2.7109313011169434
3.9414594173431396
3.469303607940674
3.084134101867676
2.7433722019195557
2.860138416290283
3.656407117843628
3.7147562503814697
