-0.48523542284965515
-1.589181900024414
-1.6044092178344727
0.05676761269569397
2.8548028469085693
0.1350424736738205
0.968838632106781
0.020665718242526054
0.054340578615665436
-1.4086849689483643
-2.0985970497131348
1.0660227537155151
-2.1311705112457275
1.546589732170105
-0.8011136054992676
-0.8425719738006592
2.1019446849823
-0.7627654671669006
-0.37974604964256287
-5.103051662445068
0.0674181878566742
-0.8719703555107117
2.3771140575408936
0.12571050226688385
-1.0411332845687866
-1.186463713645935
0.3890421390533447
-0.14509309828281403
-0.6497252583503723
3.7140350341796875
-3.468890428543091
-2.6059558391571045
0.6210496425628662
-0.023519782349467278
0.01876591332256794
0.11993160098791122
-0.5062742829322815
0.8556298017501831
-0.4370175302028656
2.884598970413208
3.723334550857544
-2.029597043991089
0.0902666375041008
4.142046928405762
-0.527637779712677
2.241373300552368
-0.22084814310073853
-0.25850406289100647
-2.153341293334961
1.06083083152771
0.09136775881052017
0.54945307970047
0.7884404063224792
0.06433258205652237
-2.492922306060791
-1.3427269458770752
0.3504812717437744
-0.7456343173980713
0.23226742446422577
1.8495069742202759
1.0645473003387451
0.12892109155654907
-2.9334890842437744
-0.33929917216300964
0.959664523601532
-0.2776036262512207
-0.42074209451675415
0.6653875708580017
0.41635140776634216
0.01929408125579357
0.4484091103076935
1.1182408332824707
-0.13793744146823883
-0.9774495363235474
-0.8183392286300659
2.3284478187561035
-0.2603735327720642
-2.0785329341888428
-0.7078656554222107
-1.3089200258255005
-1.3635303974151611
2.0604405403137207
-0.12295200675725937
1.4711843729019165
0.44759175181388855
-0.36195096373558044
0.20689991116523743
2.9847168922424316
2.052699089050293
0.5646806359291077
-0.3609527051448822
2.615274667739868
1.75995671749115
-0.3600377142429352
-0.3561011850833893
-1.08278226852417
1.5376091003417969
-0.5519596934318542
0.14908090233802795
1.3095040321350098
-0.4870212972164154
1.4173972606658936
-0.35348209738731384
-1.3517297506332397
0.19767393171787262
-0.5883450508117676
0.9719536900520325
0.6031187772750854
-1.0369528532028198
0.7329198122024536
0.5333781242370605
-1.3544749021530151
2.477689504623413
0.46758168935775757
0.015602495521306992
-0.19054394960403442
-0.21161656081676483
-0.17364835739135742
0.1255272626876831
-1.2666741609573364
0.022477274760603905
0.044408127665519714
0.8244366645812988
-2.6023178100585938
-0.2317282110452652
-0.09674263000488281
-0.2684694528579712
-0.20311443507671356
-0.7763344645500183
0.9409692287445068
4.493805408477783
3.253481388092041
-2.641226291656494
0.31707271933555603
-0.13519853353500366
0.9754282236099243
2.9220869541168213
-0.02338162250816822
-4.095705032348633
0.2036416232585907
1.4861009120941162
1.128704309463501
0.5527651309967041
-3.844992160797119
-0.6608448028564453
0.27506840229034424
2.2652535438537598
2.802558422088623
-1.0939725637435913
4.2110490798950195
0.7465343475341797
1.7873682975769043
0.679717481136322
1.8847546577453613
-1.5933644771575928
-0.21412399411201477
-3.131105422973633
2.6534438133239746
-0.9517035484313965
1.4352235794067383
-0.6815177798271179
-2.694054126739502
0.10614299029111862
0.017735730856657028
-0.5024529099464417
-0.2730945944786072
-0.314301997423172
-0.6418124437332153
1.7367819547653198
-0.022031374275684357
-1.5371993780136108
0.47498342394828796
1.7366653680801392
-0.05861937627196312
-2.447282075881958
-1.8037865161895752
1.770782470703125
1.0034308433532715
1.4354897737503052
0.12533199787139893
-0.8440470695495605
0.25072282552719116
-1.3868434429168701
-2.5467522144317627
0.7679502367973328
-1.1100850105285645
0.08893056958913803
-3.8583879470825195
-2.9431235790252686
-1.6567485332489014
-0.1550586223602295
1.1421540975570679
-1.7108817100524902
-0.21825644373893738
0.9530235528945923
1.0440820455551147
0.1866428554058075
1.0998831987380981
-1.533229947090149
2.017197608947754
-0.31527310609817505
-1.1238367557525635
-0.4227536916732788
-0.19889427721500397
-1.8565593957901
-0.41269856691360474
2.648742914199829
-1.4723159074783325
1.2169055938720703
1.7186259031295776
2.6125707626342773
0.08260071277618408
1.1331263780593872
-0.32098647952079773
3.042605400085449
0.4588664770126343
-1.3459597826004028
3.638749599456787
-1.0372779369354248
-1.3811140060424805
-2.743391513824463
4.166137218475342
0.4847780466079712
-0.6246365904808044
-1.981644630432129
0.34867316484451294
-0.07500351220369339
0.17432132363319397
0.9550666809082031
-0.15905705094337463
-0.48478904366493225
-0.39747247099876404
4.29349946975708
-1.2678617238998413
0.2012055516242981
0.5216412544250488
1.5484501123428345
-3.362755537033081
-2.7422244548797607
0.6803926229476929
1.4035149812698364
-1.8405909538269043
-0.6610375046730042
-1.6341400146484375
-0.02792622335255146
-0.061875879764556885
-0.07314880937337875
-2.67781662940979
0.15947942435741425
-0.7891454100608826
2.9229025840759277
-1.7935938835144043
1.1918039321899414
1.6622458696365356
0.3874775469303131
0.9719870686531067
-0.986295223236084
-3.2127842903137207
-0.42137980461120605
0.387910395860672
4.911892414093018
1.1166408061981201
1.051379919052124
-1.905348300933838
1.4443178176879883
-4.416691303253174
0.21562811732292175
0.5439577698707581
-0.7719138860702515
1.5068585872650146
0.21427090466022491
-1.687116265296936
2.8508365154266357
0.035760775208473206
2.7131526470184326
-3.9300448894500732
-0.2584075629711151
-0.9024205803871155
2.1012396812438965
0.09367657452821732
-0.24856294691562653
-1.3761584758758545
-0.18118543922901154
-2.0487022399902344
-2.7636711597442627
0.7082394957542419
-0.6180910468101501
-3.3071558475494385
2.207156181335449
0.809025764465332
-0.8838943243026733
0.19702179729938507
0.06492097675800323
3.4095892906188965
0.07850576937198639
1.9604829549789429
3.221733808517456
-0.427519828081131
0.4859975576400757
4.446211338043213
-3.0970003604888916
-1.7729108333587646
-2.7381582260131836
0.22569915652275085
-0.7462266087532043
0.5294061303138733
0.8136176466941833
-0.1505887657403946
0.7948949933052063
0.1312340646982193
1.201271414756775
-1.4381214380264282
-2.3200995922088623
1.3522093296051025
2.4001855850219727
-1.666251301765442
0.039568040519952774
0.3938595652580261
0.7288715243339539
0.6779190301895142
-1.5248980522155762
-0.042008910328149796
0.4030986726284027
0.41779619455337524
0.15278437733650208
0.7823033332824707
-0.9032768607139587
0.11808391660451889
1.199491262435913
-0.20263738930225372
-0.5628663897514343
0.9156633019447327
1.4270679950714111
-0.5495017766952515
2.5644304752349854
-0.2688329219818115
-0.3675524890422821
2.612023115158081
-0.19844278693199158
2.897083044052124
1.7845244407653809
-1.7664735317230225
0.13874146342277527
2.606809377670288
1.718456745147705
1.9658453464508057
-0.2210448533296585
1.703316569328308
-0.1587498039007187
0.2971201241016388
-0.06705477833747864
-2.155670166015625
-0.8483639359474182
2.032275438308716
-0.6854708194732666
0.5547953844070435
0.9069898724555969
0.8640339970588684
2.451157569885254
-2.2752790451049805
0.8934519290924072
-0.03227709233760834
-1.2232985496520996
1.0713446140289307
0.40807121992111206
0.10175277292728424
0.19982708990573883
-0.9592450857162476
2.968128204345703
-0.280906081199646
0.01221639197319746
-0.010710376314818859
0.14274705946445465
-0.3611409366130829
-0.15794743597507477
-0.48737284541130066
-1.042319416999817
0.8421808481216431
0.031869761645793915
-0.851138174533844
-0.6011832356452942
0.2757090628147125
-0.1816863864660263
1.6971688270568848
-0.5195385813713074
0.12655268609523773
3.766448974609375
2.1705751419067383
-1.8729138374328613
-0.24691183865070343
1.141835331916809
0.29467639327049255
-0.22215266525745392
0.43117502331733704
-0.24056503176689148
-0.30667299032211304
2.9525856971740723
1.1809457540512085
-2.6663382053375244
-3.210747003555298
-0.45703551173210144
2.37021803855896
1.8263975381851196
-0.7201525568962097
0.0846942663192749
5.892755031585693
5.252896308898926
3.2240586280822754
-0.28400155901908875
2.52376651763916
0.2936439514160156
0.14289657771587372
-1.1543196439743042
2.393188238143921
-0.8871781826019287
0.15864509344100952
0.4292645752429962
-3.596806526184082
3.9168756008148193
-2.361663579940796
-3.1200766563415527
1.286557912826538
0.3032517433166504
1.2828744649887085
0.9412211775779724
3.053802013397217
-3.71506404876709
-1.1444734334945679
0.9778040051460266
0.3593391180038452
-0.07942011207342148
-2.8941407203674316
1.8005281686782837
1.325749397277832
1.0865938663482666
0.0023830283898860216
-0.27604416012763977
0.29944300651550293
-2.179090738296509
-2.485747814178467
-1.3495949506759644
-0.3646816909313202
-0.08161912113428116
-3.4049246311187744
-0.003164379857480526
0.5074442625045776
0.30244705080986023
3.5781192779541016
-2.176362991333008
0.7793411612510681
-1.6326124668121338
-2.223817825317383
0.8051712512969971
-0.11998197436332703
1.9079281091690063
2.1792125701904297
0.27350056171417236
-0.9385708570480347
0.35586389899253845
0.4735235571861267
-1.6596598625183105
0.8228527307510376
-3.6119766235351562
-0.3239895701408386
1.775803565979004
-0.09622011333703995
4.256855010986328
2.6803367137908936
4.8598456382751465
-1.3836740255355835
0.3570181429386139
-0.4343506991863251
0.2365260273218155
-0.38010695576667786
-3.4817676544189453
-3.6047956943511963
-1.7736048698425293
2.1360902786254883
-0.499754935503006
-0.2737143337726593
-2.569559335708618
-1.5878874063491821
1.7129402160644531
-1.0658141374588013
0.13444110751152039
-0.43740716576576233
-0.2038063108921051
0.9294237494468689
0.16984887421131134
-0.681616485118866
1.6000770330429077
0.43142378330230713
-0.17217710614204407
-0.7727510333061218
1.670309066772461
-0.7073790431022644
1.1621495485305786
0.22402827441692352
-1.2584415674209595
-0.6717087030410767
-0.014219091273844242
0.020962543785572052
0.8985150456428528
-0.6448049545288086
-1.269607663154602
0.9629000425338745
3.440505266189575
-3.4016027450561523
-1.9580579996109009
-1.3429394960403442
3.473247528076172
0.5271194577217102
-0.7215218544006348
-3.4671432971954346
-0.9520781636238098
-1.1545947790145874
3.297888994216919
-0.08489293605089188
0.85789954662323
-0.47244685888290405
0.08766577392816544
-1.5022962093353271
2.230624198913574
-0.5508788228034973
-1.0547775030136108
-1.1357471942901611
-0.82937091588974
0.3323347568511963
2.390610694885254
-2.0010180473327637
1.697575330734253
-4.422389507293701
0.2205032855272293
-0.2813929617404938
1.2688512802124023
-2.452786684036255
-3.6900577545166016
-0.9249624013900757
-0.1417037397623062
-3.749315023422241
0.8780933618545532
2.156590700149536
-2.8905463218688965
-0.9648134708404541
-0.23119251430034637
0.1058751717209816
1.8514275550842285
0.02711797133088112
0.09603364020586014
3.3265182971954346
-0.08083464205265045
2.815718412399292
-1.8189610242843628
0.9734269976615906
1.9157590866088867
2.79777455329895
-2.2612197399139404
-1.2624355554580688
1.8605202436447144
-0.47412505745887756
-0.357760488986969
1.0830214023590088
0.1069665476679802
-1.7686983346939087
2.8135986328125
0.28096747398376465
-0.9985970854759216
-0.9911669492721558
-0.6670395731925964
-1.422917127609253
0.3905024528503418
0.21586377918720245
-1.1142117977142334
0.861657440662384
-0.19742731750011444
-1.0125283002853394
0.12603715062141418
1.1029510498046875
0.06788693368434906
0.006231329403817654
-0.06676327437162399
0.3550746738910675
-0.3794892132282257
-0.1385873258113861
0.5785200595855713
-2.109358549118042
0.09276847541332245
2.381115436553955
-0.03394560515880585
-0.6869033575057983
0.019589068368077278
-0.8466501235961914
0.870915949344635
-0.25513359904289246
-2.2981767654418945
3.110755681991577
2.3152527809143066
-0.19327333569526672
-0.12241338193416595
2.1224656105041504
4.594647407531738
1.858239769935608
-1.5859029293060303
3.290682554244995
-1.5463664531707764
-1.2340002059936523
0.15921159088611603
-2.1859641075134277
-1.3610037565231323
0.43245169520378113
-0.4724542796611786
1.7984721660614014
0.5961943864822388
1.4005789756774902
-1.6228119134902954
-0.766599178314209
2.5591230392456055
-0.1028825119137764
-1.3781205415725708
2.8127946853637695
-0.5906951427459717
0.9778250455856323
0.7342448234558105
-0.569419264793396
2.760420799255371
-0.15759192407131195
0.28466007113456726
0.6810359954833984
0.11985562741756439
-0.37943997979164124
0.348782479763031
0.347098708152771
-0.2745070457458496
0.8025346994400024
0.006312843877822161
0.37043681740760803
-0.7416751384735107
-0.18315556645393372
0.21876026690006256
0.8066535592079163
-1.4415106773376465
1.6231517791748047
0.5711161494255066
1.3211418390274048
-0.3492114245891571
2.1502652168273926
0.8884127140045166
-1.668906569480896
-1.1942306756973267
0.4807531535625458
-0.913816511631012
-0.12586860358715057
2.0707831382751465
-0.07034449279308319
-0.3510906994342804
-1.9473649263381958
0.5848066210746765
1.686676025390625
3.125128746032715
-0.2596636116504669
-0.26782891154289246
5.540228843688965
3.7698075771331787
1.480243444442749
0.33480650186538696
2.083998203277588
0.359841525554657
-1.0185673236846924
-1.9744377136230469
2.193533182144165
2.042229413986206
0.41672196984291077
1.750004768371582
-3.1063120365142822
1.504800796508789
-0.820044994354248
-0.1137658879160881
1.2271348237991333
0.190028116106987
2.684783697128296
0.9463059902191162
-0.055369485169649124
-0.981888473033905
2.9013071060180664
-1.129774808883667
-1.296339750289917
-1.9621505737304688
-1.945940613746643
1.4311127662658691
-0.0887264609336853
-0.11820848286151886
0.019261684268712997
0.006888474803417921
0.18289195001125336
-1.8980447053909302
-1.186924695968628
-2.9271633625030518
-2.2010109424591064
0.1553436517715454
-0.2374856173992157
0.04631279408931732
2.189624547958374
-0.14337734878063202
3.2111802101135254
-3.7012522220611572
1.380138635635376
0.04731791839003563
-0.9188360571861267
-0.00024223397485911846
0.48401105403900146
-0.1974433809518814
0.9432657361030579
0.1450529545545578
-0.30998289585113525
-0.11701752990484238
0.4332866668701172
0.4548845589160919
3.175374984741211
0.14299871027469635
1.3914179801940918
2.048645496368408
-0.2703062891960144
3.119462728500366
3.639439344406128
3.2314558029174805
-0.24786217510700226
-1.179502010345459
-1.7374684810638428
1.5135492086410522
0.19265548884868622
-3.4776759147644043
0.28242605924606323
-0.15819746255874634
3.671144485473633
0.35018882155418396
0.3054296672344208
-1.365729570388794
-2.4888579845428467
0.7962278723716736
0.010418345220386982
0.041142381727695465
0.33658215403556824
0.20925408601760864
2.364856243133545
1.0999706983566284
-1.3377366065979004
0.129691943526268
-0.22669421136379242
-0.59870845079422
-1.1862505674362183
-0.002980796853080392
-3.5317137241363525
0.09797436743974686
1.1179025173187256
-2.308621406555176
-2.0035738945007324
0.40045449137687683
0.030598601326346397
-0.4918863773345947
0.5518794059753418
1.7975728511810303
1.050818681716919
0.7121666669845581
0.5919234156608582
-3.1095728874206543
-2.788151979446411
-2.1684014797210693
-1.0430911779403687
1.421700119972229
0.2597580850124359
-0.2510008215904236
1.715585708618164
2.968134641647339
0.156229168176651
1.6755954027175903
-2.133465528488159
-0.35592207312583923
-2.7724194526672363
-2.0278899669647217
-1.346320390701294
-1.647107720375061
0.2630596458911896
0.09086547046899796
-0.8462442755699158
-0.14922693371772766
-1.4813449382781982
3.366849899291992
-5.152878761291504
0.5366650819778442
-0.26633957028388977
0.5770052075386047
0.8114021420478821
-2.23483943939209
-3.2625608444213867
-1.573227882385254
-3.396745443344116
-2.1134986877441406
3.75168514251709
-3.7879276275634766
-3.5183768272399902
-0.6259264349937439
1.384435772895813
-0.08962476998567581
2.041381597518921
-0.8620229363441467
3.9012341499328613
-0.5582099556922913
1.3374378681182861
2.7154576778411865
0.05549945309758186
1.8279820680618286
0.7978944182395935
0.6030756831169128
1.763467788696289
0.2722777724266052
0.9179462194442749
-2.5487759113311768
1.0461174249649048
-0.35944250226020813
-1.9779719114303589
1.475117802619934
-0.14659908413887024
-0.37098291516304016
-1.1731466054916382
-0.27981847524642944
-1.0369645357131958
5.05561637878418
0.01408548653125763
2.786578893661499
-1.901116967201233
-1.8389774560928345
-1.1055617332458496
0.8730183839797974
0.7975987195968628
-0.7132849097251892
-0.7028573751449585
0.3541066348552704
0.20539353787899017
-0.6671628355979919
1.5908117294311523
-0.4469565749168396
0.7017478942871094
-4.477509498596191
2.780646324157715
1.6374800205230713
0.07061029225587845
-0.9699342846870422
0.5497026443481445
-2.050410509109497
-3.9329593181610107
0.9634584784507751
-0.82061767578125
0.527868390083313
-1.1429662704467773
-2.1006417274475098
0.8501531481742859
-1.8742330074310303
-3.321133613586426
-0.3809114992618561
1.9942307472229004
0.2225331962108612
1.51693594455719
-0.9582364559173584
-0.7175583839416504
-0.43489953875541687
-0.009207301773130894
0.19960731267929077
-0.5584000945091248
5.026491641998291
1.0989270210266113
-1.3771966695785522
-0.763843834400177
0.19101428985595703
-3.9967894554138184
1.1555025577545166
1.0035957098007202
-0.63227379322052
0.7040830850601196
0.06879505515098572
0.09843132644891739
-0.698703944683075
0.413053423166275
0.6289454698562622
-0.5384470820426941
-0.33073344826698303
-0.23306234180927277
-0.3933744728565216
0.23619158565998077
-0.04322754591703415
0.17798610031604767
0.16948358714580536
-0.06746429204940796
-1.3322265148162842
-0.25188466906547546
0.2436867654323578
0.8169330954551697
0.4546589255332947
1.6546818017959595
4.910371780395508
2.526538372039795
-2.5259594917297363
-0.33613961935043335
-0.1086612418293953
0.11782845109701157
2.9753594398498535
-0.45731720328330994
-2.1683599948883057
-0.3148987293243408
2.611088275909424
2.5039331912994385
-0.35238921642303467
-2.913996696472168
1.7324267625808716
1.3355821371078491
1.3788353204727173
-0.40009379386901855
-0.07156187295913696
5.643438816070557
4.8672637939453125
2.8231711387634277
0.6523607969284058
1.076765537261963
-0.26905903220176697
2.062267780303955
-1.817067265510559
3.2673134803771973
-3.7288496494293213
2.193894147872925
-2.332756519317627
-0.9434424042701721
2.1303155422210693
-2.181087017059326
-1.4595365524291992
0.7732070088386536
-0.4320955276489258
-0.8553407192230225
2.6387031078338623
-1.3561358451843262
-0.02254454232752323
-0.3571822941303253
1.9523385763168335
0.5429572463035583
-3.0108494758605957
-0.7513337731361389
1.8516196012496948
0.42127525806427
1.2363098859786987
-1.1966041326522827
0.14707539975643158
0.1191120445728302
-1.4999566078186035
-1.6412650346755981
-0.08576289564371109
1.0738563537597656
1.052337408065796
-0.4288789927959442
-2.206038475036621
-1.428261160850525
0.019066011533141136
2.0539963245391846
-0.721000611782074
4.415024757385254
-0.37580406665802
-0.47238022089004517
0.06203915923833847
-0.6282538175582886
3.432353973388672
-1.094029188156128
-0.4303784966468811
-1.6038596630096436
-0.8452679514884949
-1.7251986265182495
0.8361533284187317
-0.18323706090450287
1.9181002378463745
-0.7715288996696472
1.8642399311065674
0.9786167144775391
4.624751091003418
1.013861894607544
4.394201278686523
-2.7666850090026855
2.3511245250701904
1.2050049304962158
1.6635273694992065
-0.9237529635429382
-1.3604332208633423
0.7903262376785278
-2.355006456375122
3.4308760166168213
-0.023253031075000763
1.0462064743041992
-0.9681980013847351
-1.970273494720459
2.0899031162261963
-0.15129119157791138
1.5923575162887573
-1.5015228986740112
-1.6926181316375732
-2.744971513748169
4.507724285125732
-0.9431633949279785
3.0740785598754883
-0.3058761954307556
2.185556650161743
-3.0066916942596436
-3.0889711380004883
3.3425121307373047
4.245718479156494
-0.03378748893737793
-2.7002062797546387
-3.8140084743499756
0.025329289957880974
-0.5927788019180298
1.849169135093689
-0.9913583993911743
-1.000596284866333
-0.031267546117305756
1.9203617572784424
1.7131643295288086
-0.26612669229507446
0.8399547934532166
1.3900166749954224
-2.255754232406616
2.4146361351013184
-0.32908135652542114
-0.4823407232761383
-0.5320993661880493
5.745008945465088
1.5922389030456543
3.0260918140411377
-2.768970012664795
-0.3744340240955353
-5.004648685455322
-0.72808837890625
-1.8337147235870361
0.11779763549566269
-0.16626372933387756
0.3070927858352661
-1.517427921295166
1.8504271507263184
-0.4146234393119812
5.350786209106445
-5.072610855102539
1.5236002206802368
-2.634798765182495
0.8038429617881775
0.35940489172935486
0.8336960673332214
-2.9691426753997803
-1.9632439613342285
-1.9307597875595093
-0.37270984053611755
1.9259439706802368
-4.0190277099609375
-3.209233045578003
0.39345046877861023
3.4584920406341553
-3.748013734817505
1.8673393726348877
-1.2104804515838623
5.561514377593994
0.4030604958534241
2.8113527297973633
3.124075412750244
1.4811817407608032
0.7577487230300903
3.6341848373413086
-3.1964104175567627
0.8387727737426758
-1.441021203994751
0.40856674313545227
0.8793120384216309
2.5315237045288086
0.7633125185966492
0.26540547609329224
1.3571633100509644
-0.12167432904243469
0.3790741264820099
-1.3454079627990723
-1.8202362060546875
-1.253325343132019
4.233304500579834
-1.708871841430664
0.12377133965492249
-0.0772365927696228
0.6724762916564941
1.3596034049987793
0.15555648505687714
-1.561607003211975
0.05773630738258362
0.7938079237937927
-0.1376063972711563
0.0024062914308160543
1.7914751768112183
-1.8966398239135742
-0.9101259112358093
-1.3783851861953735
-3.8203554153442383
0.6534678339958191
1.4457974433898926
-0.841848611831665
5.255970478057861
1.7148654460906982
0.5654711127281189
-2.620797872543335
2.14943265914917
-0.09502216428518295
1.6151721477508545
-2.2213001251220703
-2.4129140377044678
1.5677653551101685
-1.1779214143753052
-3.9859461784362793
1.2681552171707153
2.402216672897339
-1.5676647424697876
0.14113248884677887
2.044281482696533
-1.5740687847137451
-0.766721785068512
0.5320791006088257
0.03668541461229324
-0.2865740954875946
5.373603820800781
2.9924728870391846
0.6488853693008423
-2.4187512397766113
0.6509215831756592
-4.897054672241211
0.02520241029560566
-0.06928341835737228
-3.415088415145874
1.8096845149993896
1.2373325824737549
0.13385498523712158
-0.7782654762268066
-0.9040648341178894
0.09382925182580948
-0.05897675082087517
-0.776819109916687
-0.62458735704422
0.2606702744960785
0.9590256214141846
-0.9263412356376648
0.6815730929374695
-0.10398805886507034
0.09052231162786484
-1.6361931562423706
-0.467369019985199
0.08695261925458908
2.516331672668457
-2.2370595932006836
2.3897109031677246
5.350623607635498
1.341642141342163
-3.4664783477783203
-0.4708375334739685
0.3774719536304474
0.3143834173679352
1.6589032411575317
2.9592695236206055
-1.8640040159225464
2.4742791652679443
3.1511433124542236
0.9627416729927063
-5.0619049072265625
-2.7965099811553955
-0.08589093387126923
1.8359169960021973
4.487575054168701
-1.55464506149292
-0.6346285939216614
6.210803985595703
4.904535293579102
3.998084783554077
3.185051202774048
0.720396101474762
-3.968996524810791
0.4101468324661255
0.10371758043766022
3.712005138397217
-1.106509804725647
1.2276713848114014
-2.383877992630005
-2.52750563621521
4.570348739624023
-1.480148196220398
-3.8259642124176025
1.9011363983154297
-1.7149393558502197
2.471203088760376
3.2347822189331055
1.5978593826293945
-2.421816825866699
1.8000823259353638
2.6041717529296875
2.2736124992370605
-2.907381057739258
-1.742608904838562
1.0824670791625977
0.3686693012714386
0.7792832255363464
0.24683928489685059
0.020738201215863228
0.5491752028465271
-2.7212116718292236
-0.37838229537010193
-2.096679210662842
1.4242026805877686
-0.5996568202972412
-0.59681236743927
0.8999067544937134
0.2637418210506439
-0.0624142661690712
4.512048721313477
-3.731023073196411
3.91142201423645
-3.452488660812378
-2.705812692642212
0.8264225125312805
-0.1268409639596939
2.679621934890747
0.7870242595672607
2.013033151626587
-0.6592720746994019
-2.0127298831939697
-0.4480210840702057
0.5790138840675354
-1.6759803295135498
-4.282201766967773
0.9270058274269104
-1.4408706426620483
-0.0779859647154808
5.882426738739014
2.196925401687622
4.984415531158447
-3.634727716445923
1.94945228099823
0.1876021772623062
3.323775291442871
-1.2442097663879395
-5.112627983093262
-0.9871575236320496
-2.394242763519287
0.46464911103248596
-1.1208151578903198
0.31379759311676025
-2.3071694374084473
-0.20911438763141632
4.125997066497803
1.2431758642196655
0.2621094286441803
-2.8958184719085693
-3.2709381580352783
-1.4332363605499268
0.5439429879188538
0.25602585077285767
0.5486345291137695
0.7561682462692261
0.9614324569702148
0.08887782692909241
2.4973697662353516
0.22485890984535217
3.4448509216308594
0.17219099402427673
-1.6105875968933105
0.08610135316848755
0.2047722190618515
0.2679401636123657
-1.6876087188720703
1.487036943435669
-0.5632282495498657
0.1492876261472702
1.1860800981521606
0.43223339319229126
-3.082253932952881
-1.7841675281524658
5.043987274169922
-2.502037763595581
1.6181927919387817
-1.8573064804077148
-0.22154675424098969
0.030879808589816093
5.250990390777588
1.9341799020767212
1.6372756958007812
-1.5559618473052979
-1.0566972494125366
-4.523316860198975
1.3192952871322632
-1.4664169549942017
-0.008497118018567562
0.45620912313461304
0.7894293069839478
-0.2415655106306076
0.20785704255104065
0.5536259412765503
5.060463905334473
-5.156027317047119
2.2194182872772217
-3.0373382568359375
3.926560163497925
-2.2291033267974854
-2.5306477546691895
-0.3747847378253937
0.34711146354675293
-0.42233043909072876
0.947627067565918
1.4645580053329468
-5.305924415588379
-2.956674337387085
-2.684063196182251
4.05085563659668
1.1629654169082642
4.077968120574951
-1.5804997682571411
4.787227153778076
-1.4559003114700317
2.5820329189300537
0.8397791981697083
1.1023880243301392
-0.15126171708106995
2.9007863998413086
-1.9094526767730713
0.676669716835022
3.3544323444366455
1.2865804433822632
-0.31043413281440735
1.4397300481796265
0.5281190872192383
1.1047613620758057
1.7453389167785645
0.5711681246757507
-2.2712342739105225
-1.5174671411514282
-1.4335919618606567
-1.5321002006530762
-0.3580166697502136
-0.38582882285118103
-0.7554269433021545
-0.6395813822746277
0.012210420332849026
1.0423616170883179
0.5754882097244263
-0.901986300945282
-0.05408293381333351
0.46922412514686584
-0.1467367708683014
-0.09845669567584991
0.4171200096607208
0.035310786217451096
-0.4220063388347626
-0.6585766077041626
0.1313953548669815
1.0981707572937012
-0.5853038430213928
-0.0008241143659688532
0.266768217086792
1.7058876752853394
0.7769457697868347
-4.1138916015625
-0.6761640310287476
0.7787827253341675
1.601944088935852
-1.517120361328125
-2.9859230518341064
0.15559737384319305
1.862128496170044
-2.239114999771118
-3.24302077293396
2.5229432582855225
-3.301375150680542
-2.6854543685913086
-0.06150873377919197
-2.380000591278076
-1.9586879014968872
-2.790804386138916
-0.5589468479156494
1.6921942234039307
4.38049840927124
1.9506137371063232
1.2384936809539795
-2.6945741176605225
0.42668449878692627
-3.691140651702881
-1.5425375699996948
-0.03565530851483345
-3.588904857635498
3.101552724838257
0.027675596997141838
0.06628495454788208
0.07583650946617126
0.24868297576904297
0.32434749603271484
0.17522326111793518
-0.5879388451576233
-0.1745995134115219
-0.8272209167480469
0.32083699107170105
-0.20248360931873322
0.33355772495269775
0.0012784504797309637
0.8102391958236694
-1.7740421295166016
0.0017576240934431553
0.716658353805542
2.174635648727417
-2.0143539905548096
1.8761104345321655
2.302487850189209
0.6383875608444214
-0.9100496172904968
1.3008475303649902
-0.9856448173522949
-1.7504960298538208
-1.552931547164917
0.7386574149131775
-2.841127395629883
1.3652372360229492
3.1428990364074707
-1.6875697374343872
-2.407144784927368
-3.353318929672241
-1.3979545831680298
1.8863452672958374
1.6908262968063354
-1.5747236013412476
-0.11529171466827393
5.972205638885498
4.907172203063965
2.5142107009887695
3.4708240032196045
-1.102641224861145
-1.7476142644882202
-0.001959645887836814
-3.079495668411255
2.782470464706421
-0.9353428483009338
2.518832206726074
-0.15624013543128967
-1.9480092525482178
3.840872287750244
-1.5184612274169922
-1.4329278469085693
1.2606803178787231
-1.9170551300048828
3.3152167797088623
2.4757275581359863
1.4552879333496094
0.694247305393219
0.09836364537477493
1.670485496520996
2.328549861907959
-3.2786402702331543
-1.967252492904663
0.03489355370402336
-0.02106865867972374
0.05979527160525322
0.01992039754986763
-0.009751985780894756
0.1565188616514206
-1.3152029514312744
0.48791128396987915
-4.8242645263671875
1.277299404144287
-1.1554256677627563
1.960254430770874
-0.4644109010696411
3.2077386379241943
-0.2798347771167755
4.219812870025635
-3.785182476043701
0.5585065484046936
2.4618003368377686
1.8643709421157837
-0.3247886002063751
0.625767707824707
1.1735469102859497
0.576447606086731
-1.0607962608337402
-2.9486279487609863
0.7835128903388977
1.330611228942871
0.942546546459198
1.863916039466858
0.3691273629665375
0.7976389527320862
2.765493869781494
-2.26843523979187
5.175840854644775
2.564338445663452
5.312275409698486
-1.533329963684082
1.0780431032180786
-2.8472061157226562
0.29444900155067444
-2.590224266052246
-4.321282863616943
-2.1983284950256348
-0.6359087824821472
0.7838979959487915
-2.971597909927368
-1.9459847211837769
-0.9960283041000366
0.9557082653045654
0.32925063371658325
-0.05182701349258423
-0.03741604462265968
-0.8933923840522766
-1.3160456418991089
0.6733313202857971
0.28252387046813965
0.07260831445455551
1.779386043548584
0.9047691822052002
-0.7137318849563599
0.338777095079422
1.2137519121170044
-2.606778383255005
3.0268988609313965
0.34295719861984253
-1.4021403789520264
0.9799872636795044
0.23339468240737915
0.5519334673881531
-1.9096546173095703
0.7623102068901062
2.5411460399627686
-0.031175578013062477
-0.12573842704296112
1.9112485647201538
-3.775029420852661
-1.8315094709396362
-2.0300235748291016
-1.2005647420883179
1.0778361558914185
-2.944675922393799
-0.7242788672447205
0.580912709236145
0.02470456436276436
-0.017804240807890892
0.10482052713632584
-3.2799224853515625
-0.5190555453300476
-2.2939343452453613
0.2578144073486328
-1.1356844902038574
2.054114818572998
3.420152425765991
-0.26637300848960876
0.914691150188446
1.089532494544983
-2.279592275619507
0.6347780227661133
-4.162957191467285
0.06795556843280792
0.010305584408342838
1.3989675045013428
0.9018101096153259
-2.0594043731689453
-2.904512882232666
-0.09381280094385147
-3.8652827739715576
-1.0411629676818848
2.5580034255981445
-4.109203338623047
-1.7178406715393066
-0.17436091601848602
-3.133976697921753
0.9161512851715088
-0.1525154411792755
-1.2136142253875732
3.204883098602295
-0.6329965591430664
-2.661222219467163
-0.4208056628704071
-0.9098084568977356
3.396174430847168
-0.26932433247566223
0.26634180545806885
-0.5471819639205933
0.9199934005737305
0.9075646996498108
-1.4748727083206177
2.3279387950897217
-2.6310317516326904
-2.798624277114868
1.2211618423461914
0.16052192449569702
0.6080669164657593
1.6604838371276855
-0.173663929104805
-1.7440357208251953
3.2411048412323
0.4559728503227234
1.298136830329895
-3.3232061862945557
-2.625714063644409
-1.2684422731399536
0.05856853723526001
0.07023865729570389
-0.10715268552303314
0.5564475655555725
-0.16067688167095184
0.6785493493080139
-1.4579503536224365
-1.5616644620895386
-0.12537938356399536
0.7185996770858765
-4.489490985870361
0.205279141664505
1.3742533922195435
-0.012323916889727116
-0.21199704706668854
0.5497650504112244
-1.3045988082885742
-0.2956596314907074
0.2518223226070404
0.5240107178688049
0.6864428520202637
-0.8883111476898193
-3.8805086612701416
2.573042869567871
1.8047853708267212
-2.433781623840332
-2.8379290103912354
1.6482093334197998
-0.7375256419181824
1.2184033393859863
-1.19574773311615
1.1257867813110352
-0.16392472386360168
0.0498020313680172
0.16293881833553314
1.918972134590149
4.316871166229248
-0.09047840535640717
-0.32838892936706543
0.02428673952817917
3.0059704780578613
0.4564396142959595
-2.0714728832244873
-0.043002475053071976
-0.25895005464553833
2.7862465381622314
0.24742266535758972
2.396622657775879
-1.6683918237686157
-0.8179566860198975
0.6414806842803955
0.02785162627696991
-0.23223717510700226
-0.048612698912620544
0.020045842975378036
1.0842845439910889
-0.9833204746246338
-0.07906146347522736
0.07028571516275406
1.4924111366271973
-2.159449577331543
-0.18110668659210205
0.8045119047164917
-0.15265749394893646
1.2936975955963135
2.129004955291748
4.495086669921875
0.18052904307842255
-0.09433160722255707
-0.9592331647872925
-0.03662464767694473
-2.4720475673675537
0.39984139800071716
1.557517170906067
3.93607759475708
-2.0159034729003906
2.321870803833008
0.8102065920829773
-0.031206831336021423
-0.42992261052131653
0.254125714302063
0.5773552656173706
-0.8111063241958618
-0.1959124058485031
0.39485055208206177
4.599026203155518
4.7756547927856445
-0.21708133816719055
1.1732548475265503
1.1176173686981201
-0.7123243808746338
-2.882035732269287
0.5911685824394226
3.244521379470825
-2.2802445888519287
1.5002387762069702
-2.151855707168579
-2.196194887161255
0.6951066255569458
-0.4181225597858429
-1.6911426782608032
1.4238946437835693
-1.5220661163330078
-0.3771682679653168
2.9285924434661865
0.004765492398291826
-0.5941925644874573
0.02452695742249489
2.7639338970184326
1.3539774417877197
-3.319457769393921
0.4581754207611084
0.08760794997215271
-0.23109588027000427
0.028738360852003098
-0.014111055992543697
0.26975709199905396
-0.42272165417671204
1.4972453117370605
-2.1394572257995605
-0.2979387938976288
2.267930746078491
-1.189267873764038
-0.6303055286407471
-1.6605092287063599
-1.1903637647628784
-0.565539538860321
1.4866033792495728
0.1081337109208107
1.654144048690796
-1.1050370931625366
0.9822522401809692
-0.6410171985626221
-0.08422361314296722
0.28305190801620483
-3.084764242172241
0.16612659394741058
-4.092107772827148
-1.2304961681365967
-2.1160478591918945
1.231655478477478
1.2020949125289917
0.4660549759864807
0.3486179709434509
1.7482666969299316
2.264859199523926
2.3798253536224365
0.12930580973625183
1.0085293054580688
-0.4034534990787506
-0.8549790382385254
3.5057108402252197
1.3267370462417603
1.0053718090057373
-0.0799974873661995
-2.12319278717041
-1.555983543395996
3.769426107406616
0.2565489411354065
1.3193087577819824
-1.7745494842529297
-2.699141263961792
-0.3323567509651184
-1.084694504737854
2.5653622150421143
-2.022587299346924
-0.19515091180801392
-3.641082525253296
3.6437816619873047
2.844808340072632
-0.12273303419351578
1.3881464004516602
1.0506823062896729
-1.2305381298065186
-4.224937438964844
3.691098213195801
3.4209609031677246
-0.694152295589447
-0.1118091344833374
1.3823885917663574
0.3495505452156067
0.3424803614616394
-2.9093379974365234
-1.6088597774505615
0.018668560311198235
0.17992451786994934
-2.6895577907562256
-1.2922345399856567
-2.4670236110687256
2.7596168518066406
1.0898189544677734
-0.5500581860542297
1.7807047367095947
-2.5879623889923096
-0.116979219019413
1.498558521270752
3.3860421180725098
0.5384535193443298
1.1303460597991943
-2.5560226440429688
-0.5099453926086426
-3.930711269378662
-0.09661734849214554
-1.2142325639724731
1.6485881805419922
2.644699811935425
0.010945087298750877
1.0310323238372803
2.555525064468384
-1.6514356136322021
2.1339690685272217
-5.256402969360352
3.918581962585449
-2.9886746406555176
2.990819215774536
-1.1221537590026855
-2.982293128967285
-3.4792983531951904
1.161860704421997
-1.720755696296692
-0.1747564822435379
1.730480670928955
-0.9589082598686218
-3.19378399848938
-0.491677463054657
-1.1411622762680054
-1.0857391357421875
0.5100645422935486
-2.530081272125244
5.436612129211426
-0.18518762290477753
1.0306254625320435
0.8061546087265015
0.7813260555267334
-0.6225206255912781
3.790526866912842
-2.3645074367523193
1.055168628692627
-0.9779866933822632
0.002204014454036951
-0.2479649782180786
2.843890428543091
1.1628422737121582
1.6242039203643799
1.8225796222686768
0.5733060240745544
-1.3935152292251587
0.831989586353302
-1.041225790977478
-0.7685585618019104
3.272674083709717
-1.164905309677124
1.064236044883728
-3.0063211917877197
2.4071078300476074
-0.27155759930610657
-0.02969168871641159
-0.48478963971138
-0.05955968424677849
1.2477601766586304
-0.3019920885562897
-0.24713921546936035
2.454627275466919
-1.9587361812591553
0.440157026052475
0.23151957988739014
-1.7041082382202148
-0.9139236211776733
0.7326099872589111
0.942086398601532
2.9114527702331543
1.8216580152511597
-1.1115081310272217
1.1498095989227295
1.8847323656082153
0.739802360534668
1.5698041915893555
-2.415249824523926
-3.377383232116699
1.5905953645706177
1.8127312660217285
-2.197944164276123
0.8245276808738708
-2.788276195526123
0.15869155526161194
0.6154991388320923
2.1479735374450684
-0.726436972618103
-1.8345670700073242
0.5637261271476746
-0.26441845297813416
0.33526283502578735
5.417001724243164
0.004413294605910778
1.6833522319793701
-0.5604313015937805
0.9740484356880188
-3.4140985012054443
0.8307155966758728
-2.061192512512207
-0.4021681547164917
3.533205986022949
-0.24023471772670746
2.492572546005249
-0.47900015115737915
-0.30793479084968567
-0.23363085091114044
0.09151387214660645
-0.16329818964004517
-0.19691608846187592
0.024830453097820282
1.892655849456787
-0.18026448786258698
0.88202303647995
0.23788048326969147
1.3452754020690918
-2.0809426307678223
-1.0118861198425293
-0.28766384720802307
-0.42293083667755127
-0.08485350012779236
3.179598093032837
5.194994926452637
0.6956472396850586
-0.9862186312675476
0.3995063006877899
-2.086251974105835
-3.1078593730926514
-0.1844165027141571
3.7325074672698975
-1.8091585636138916
1.2792047262191772
2.798685073852539
-1.3158564567565918
-4.546508312225342
-1.4290549755096436
0.25064435601234436
2.251478672027588
0.6804216504096985
-4.088326930999756
0.12462466210126877
5.802980422973633
5.584406852722168
2.8404734134674072
4.343776702880859
0.9168855547904968
-0.8888165950775146
-0.34891214966773987
-0.9718615412712097
4.115319728851318
-2.646846294403076
1.7166448831558228
-2.943635940551758
-1.68472421169281
3.9110138416290283
-1.1613253355026245
-3.1741528511047363
1.2757446765899658
-0.874090313911438
1.7110373973846436
2.3752830028533936
1.5961947441101074
0.8274332880973816
1.7210197448730469
2.574470281600952
2.189349889755249
-2.3321409225463867
-0.8564757704734802
0.8987010717391968
-0.208225280046463
0.22335101664066315
0.20839764177799225
0.3828173875808716
-0.43343690037727356
1.7882188558578491
-0.6991721391677856
-3.1919617652893066
2.777406692504883
0.7124706506729126
-1.1815745830535889
-0.13885006308555603
0.9276359677314758
-0.716254472732544
3.982064723968506
-1.3391835689544678
1.4353950023651123
-1.4691106081008911
0.8890677094459534
-0.15569719672203064
0.34440726041793823
0.3230709135532379
-0.795255184173584
0.8498457670211792
-2.395995616912842
-4.747087478637695
0.7970675826072693
-0.8034731149673462
0.9948263764381409
-4.103036403656006
-0.13393107056617737
1.984992504119873
1.893652081489563
5.205497741699219
-0.8473877906799316
5.040844440460205
-3.6466031074523926
0.6731871366500854
0.7327569127082825
2.302757501602173
-0.2600633203983307
-2.19073486328125
-0.9468332529067993
-2.3844997882843018
2.639838457107544
0.09570970386266708
1.4887967109680176
-0.7909601926803589
-3.2019741535186768
2.8311634063720703
0.6517981886863708
2.232819080352783
-2.5991129875183105
-1.3489941358566284
-4.219458103179932
2.3856585025787354
0.48463210463523865
2.361776113510132
2.6829030513763428
2.329146146774292
-0.04227427393198013
2.763761520385742
3.151839256286621
1.6088602542877197
0.4022434651851654
0.0002565168833825737
3.649491310119629
-0.26183730363845825
-0.31695303320884705
1.0422922372817993
-0.19733986258506775
0.3521750867366791
0.9657593369483948
-2.5985894203186035
0.5393512845039368
-2.7569501399993896
-0.37270665168762207
3.9564104080200195
0.5492322444915771
1.9404915571212769
-2.2375049591064453
0.2537058889865875
2.2698421478271484
1.6288769245147705
3.14619779586792
0.10018939524888992
-2.5098042488098145
-0.6497127413749695
-2.1331794261932373
-0.347045361995697
-0.808847188949585
-1.296598196029663
0.04272819310426712
0.8073922991752625
1.2133432626724243
2.996814489364624
-0.7881051898002625
1.3016653060913086
-5.338815689086914
2.277221202850342
-1.7395950555801392
2.3448965549468994
-2.7844512462615967
-3.142697811126709
-0.3087168335914612
0.350434809923172
-2.45592999458313
-0.22429777681827545
3.113495349884033
-3.2938272953033447
-1.2599900960922241
-1.1366136074066162
2.0769100189208984
1.939985752105713
2.2827541828155518
-3.2948031425476074
4.1116557121276855
0.9587967991828918
-0.19264443218708038
2.2465059757232666
0.03489863872528076
-1.3951560258865356
3.302460193634033
-2.504122495651245
0.3658480644226074
2.3909549713134766
1.3698958158493042
1.3962923288345337
3.0842344760894775
-0.3962867856025696
0.4908299148082733
1.6506491899490356
-0.3423401415348053
-2.6138927936553955
-0.3212096691131592
-0.7151556015014648
1.1519513130187988
-1.1619071960449219
-1.7796217203140259
-0.9138613939285278
-0.5334823727607727
-1.5004132986068726
-0.07106351107358932
-0.5009016394615173
-2.4353575706481934
-1.567909598350525
0.5603506565093994
0.363637238740921
-0.1082000583410263
0.15862859785556793
-1.067954659461975
-0.8824365139007568
-0.24711687862873077
-0.3949303925037384
0.7061561346054077
0.34746599197387695
1.2669568061828613
-0.3084552586078644
0.2844642996788025
-0.24111731350421906
1.1311076879501343
-0.33987894654273987
-1.5617289543151855
2.298877239227295
-3.0101101398468018
-3.2311973571777344
-1.1021302938461304
3.903804063796997
1.592054009437561
-1.5686179399490356
-0.6785136461257935
0.41319510340690613
-1.284043312072754
0.8432442545890808
-0.3655760586261749
-2.2857320308685303
-2.4327938556671143
0.17381125688552856
-0.6885781288146973
5.44670295715332
0.13621219992637634
0.9920082688331604
0.04888421669602394
0.027885686606168747
-1.339637041091919
2.9882423877716064
-0.948129415512085
-0.4429244101047516
3.250000238418579
0.08930598944425583
1.4364606142044067
0.5648896098136902
-0.40858739614486694
-0.30538901686668396
0.21076542139053345
-0.3838871717453003
-0.20634542405605316
0.09821813553571701
0.830277144908905
-0.2010149210691452
0.13268595933914185
-0.35073593258857727
1.1641409397125244
-2.3368144035339355
-0.4450684189796448
-0.10869733989238739
-0.19657206535339355
-0.9609686732292175
3.4298412799835205
0.34286752343177795
0.21990974247455597
-0.18628065288066864
-0.07470525801181793
-0.659021258354187
-2.958951711654663
-1.371530294418335
2.7891836166381836
-2.512843608856201
0.7577170729637146
1.2905018329620361
-1.520768404006958
-2.207953453063965
-2.1053178310394287
0.5326510071754456
0.48759979009628296
1.1118364334106445
-2.938807725906372
0.47082793712615967
4.713119983673096
3.9520320892333984
1.729434847831726
3.444653034210205
0.3029071092605591
-0.12177996337413788
-2.575449228286743
-2.8344407081604004
3.5079615116119385
-3.5166120529174805
1.4776077270507812
-1.1980119943618774
-0.41318416595458984
2.931452989578247
-1.9142175912857056
-1.6567741632461548
0.8530336022377014
-3.188943862915039
3.6999242305755615
2.1793463230133057
0.7272120118141174
0.45733484625816345
0.25316306948661804
2.79144287109375
1.902728796005249
-3.5269501209259033
-0.23589405417442322
0.40567633509635925
-0.8436950445175171
0.0034201722592115402
1.2686187028884888
0.2656998932361603
-0.1580960899591446
-0.18216396868228912
-0.1676030308008194
-3.708484411239624
3.4123153686523438
-0.2934338450431824
-0.0724983885884285
-1.2514394521713257
2.6298744678497314
0.12819290161132812
4.105310440063477
-1.488131046295166
2.2774555683135986
0.00829521007835865
-0.6578052043914795
-0.22036926448345184
-0.327955424785614
4.655819892883301
-0.19818085432052612
-0.13209618628025055
-2.27824068069458
0.6246594190597534
1.8596408367156982
-0.5715773105621338
2.3649051189422607
-0.1722649335861206
-1.7723572254180908
1.6041303873062134
-0.8343600034713745
2.938009023666382
-0.28935402631759644
3.420344352722168
-0.6469382643699646
0.16334213316440582
-1.9107667207717896
0.45714110136032104
0.03457966819405556
-0.4644097089767456
-2.3648808002471924
-1.0693554878234863
2.1217236518859863
-0.6217250227928162
1.768973469734192
-0.004084991756826639
-2.0719704627990723
0.8741581439971924
1.679282784461975
0.20287077128887177
-0.4469677209854126
-2.1497180461883545
-2.0236616134643555
1.0296406745910645
1.5822267532348633
0.037961751222610474
0.7965039014816284
-0.43490147590637207
0.4856429994106293
1.2200905084609985
-1.476319670677185
1.3609029054641724
1.5567865371704102
-1.388870358467102
0.12120946496725082
0.7768501043319702
-0.49806052446365356
1.9082767963409424
0.29953497648239136
3.5407888889312744
0.647510826587677
-2.774109363555908
3.2038183212280273
-2.237218141555786
-0.3609861135482788
-1.6817952394485474
0.38518112897872925
