-1.5265992879867554
-1.1961758136749268
-0.2082703709602356
-0.937785804271698
-1.525765299797058
-0.18448589742183685
-0.848141610622406
-0.8920056223869324
-0.6003598570823669
2.025104522705078
0.3865581452846527
-0.9049771428108215
-0.9148901104927063
-1.326071858406067
-2.0886244773864746
-1.8526880741119385
-1.72512948513031
-1.7120493650436401
-1.2484021186828613
-0.8273820281028748
-1.849703311920166
-1.9553606510162354
-1.1026067733764648
-1.2520427703857422
-1.3701980113983154
-1.644667387008667
-0.5506702065467834
-0.016462374478578568
-1.3383291959762573
-1.474989414215088
-2.179164409637451
0.01978153921663761
-1.0528275966644287
-0.9986495971679688
-0.8423689007759094
-0.7191730737686157
-1.0460976362228394
-0.8998101949691772
0.8498162627220154
-0.6925265789031982
-1.859526515007019
-1.0218080282211304
-1.6605346202850342
-1.8206446170806885
-0.7090302109718323
-0.11557065695524216
-1.9535655975341797
-1.714560866355896
-1.5965594053268433
0.26497432589530945
-0.8492533564567566
-1.4786831140518188
0.8233782052993774
-1.0872244834899902
0.14256326854228973
-0.7777265310287476
-0.6377861499786377
-0.8709952235221863
-0.37856635451316833
-2.350831985473633
-3.4163646697998047
0.5864482522010803
-1.0409739017486572
-1.9639708995819092
