-37.59052276611328
33.86274719238281
-99.53826141357422
-16.40620231628418
-12.650192260742188
-4.278685092926025
4.1115899085998535
30.523706436157227
12.475607872009277
-68.64307403564453
1.5093202590942383
-29.376127243041992
6.385575771331787
-32.8702278137207
4.015446186065674
-16.704532623291016
11.590357780456543
-2.057300567626953
-42.0174446105957
-20.020212173461914
-37.703941345214844
10.050183296203613
12.485193252563477
-47.37874221801758
-10.872910499572754
-12.143789291381836
-15.407594680786133
61.42281723022461
31.78958511352539
-23.851913452148438
-50.90552520751953
-60.71284484863281
