0.7409878373146057
-2.035048246383667
1.6051901578903198
-4.033670425415039
1.6563829183578491
-2.906123399734497
1.0425095558166504
0.2809823751449585
-2.4160642623901367
-2.051787853240967
-0.00020130009215790778
0.5116236805915833
2.033477544784546
-3.5276567935943604
3.1216166019439697
2.4098007678985596
1.8136602640151978
0.09461423754692078
0.5112842321395874
0.34163913130760193
-0.954784631729126
2.5493886470794678
2.3218162059783936
0.5702095627784729
2.395974636077881
-4.280074596405029
0.6753188371658325
0.5773335695266724
-0.6857231259346008
-0.6946402192115784
3.9228363037109375
1.9463521242141724
-4.844642639160156
-0.31135237216949463
-0.3243369460105896
1.2502914667129517
-0.602543294429779
-3.574047565460205
2.1788735389709473
2.365828275680542
0.16180387139320374
2.331264019012451
0.19198675453662872
1.129184365272522
-0.9107522368431091
1.0085351467132568
-0.13140694797039032
-0.6942081451416016
-0.16028881072998047
-0.885657787322998
-1.4873331785202026
-0.21846133470535278
0.19253045320510864
2.4116709232330322
-0.566889226436615
1.530717372894287
3.51519775390625
-4.655694007873535
3.1797642707824707
1.3540321588516235
-4.448451519012451
-0.4559497535228729
-0.36302077770233154
-3.22241473197937
0.26169249415397644
0.9918818473815918
-1.044247031211853
1.356602430343628
-2.510894775390625
0.40044453740119934
0.5937222242355347
-0.22489193081855774
0.3630192279815674
-1.691629409790039
1.9159953594207764
0.5027844905853271
-3.3376457691192627
0.10291758179664612
0.27305054664611816
0.10816913098096848
-0.4815784990787506
-5.268842697143555
-0.34954938292503357
3.2754881381988525
-0.2563936710357666
-1.6337876319885254
-1.5805761814117432
-2.905909776687622
-3.1458892822265625
-1.8428293466567993
0.5561462640762329
-2.787558078765869
-0.7586986422538757
-3.9355759620666504
-1.0148131847381592
-1.4748334884643555
0.7153803706169128
0.5743993520736694
-0.9772306084632874
0.2506818473339081
-1.985070824623108
-0.48394307494163513
-1.5243022441864014
-0.2933638393878937
0.09985385090112686
-1.8661471605300903
0.022142671048641205
-2.164802074432373
-2.770796537399292
-2.480041265487671
-0.5830485224723816
0.38486409187316895
-1.0996817350387573
-0.042626745998859406
0.5145055055618286
4.491503715515137
-0.6836757659912109
1.5847798585891724
-1.8729034662246704
0.5165132284164429
1.9229155778884888
-0.8887488842010498
-0.33016255497932434
0.04550057277083397
2.6444551944732666
-3.3142075538635254
0.14500558376312256
-0.845490038394928
0.03336501494050026
-2.381564140319824
-0.8627884387969971
0.037665750831365585
-0.6231993436813354
0.24522574245929718
1.8733689785003662
2.6611533164978027
-3.044173002243042
-1.984847068786621
0.35975146293640137
-1.8549953699111938
-2.038663148880005
-2.838524341583252
0.4157874882221222
2.844149351119995
-0.35491546988487244
-0.21042399108409882
-1.7493109703063965
-2.400722026824951
-0.06787095218896866
0.22427451610565186
-0.6298808455467224
-2.5831429958343506
1.520277976989746
-3.478271484375
0.12403379380702972
-1.0746811628341675
-0.24954082071781158
1.4630693197250366
-0.817777156829834
-0.7022327184677124
-1.3105491399765015
0.73502117395401
0.4896774888038635
-1.605826735496521
0.5695470571517944
0.3777141869068146
-0.03326283395290375
0.20328837633132935
2.7033979892730713
-0.12970589101314545
-0.35193195939064026
2.6164605617523193
3.3740925788879395
0.21724992990493774
2.9652585983276367
-0.3138889670372009
1.0912821292877197
-0.4936162829399109
0.8410266041755676
0.36937448382377625
0.7381362915039062
2.211397647857666
-2.0866456031799316
1.7009214162826538
-0.003627713769674301
1.1806976795196533
-1.2834168672561646
-0.5120455026626587
-0.5957136750221252
-1.1601169109344482
1.8894057273864746
0.6585807204246521
-0.14182168245315552
-3.2091174125671387
-0.596683919429779
-0.020500870421528816
0.7581524848937988
-2.148404121398926
-0.4393821060657501
-0.3907042443752289
0.4485669732093811
0.7466819286346436
0.5134307742118835
-1.3546031713485718
0.6595441102981567
0.11769409477710724
-0.39800041913986206
0.3773079216480255
-0.0837189108133316
-0.325656920671463
0.27217918634414673
0.1277758628129959
0.23868323862552643
-1.3993650674819946
0.4546763002872467
-0.6895545125007629
1.9863078594207764
-3.4793167114257812
1.8064545392990112
0.7115768194198608
0.48231497406959534
-0.4534369111061096
-0.6225464940071106
0.00881437212228775
-1.4463518857955933
0.6557387113571167
4.10873556137085
2.147024393081665
-3.6139402389526367
2.6308422088623047
3.4010519981384277
-1.2933512926101685
-0.14198517799377441
1.2482020854949951
0.8976477980613708
0.34991148114204407
1.0728870630264282
3.458146333694458
-3.365443229675293
-1.4597774744033813
-1.8743807077407837
-0.02398003078997135
-0.30131104588508606
0.6807713508605957
-5.919422149658203
-0.33566346764564514
-0.03765852376818657
0.6940925121307373
0.12172526121139526
0.9163609743118286
0.11589454114437103
0.4706338942050934
-0.23668739199638367
0.06584495306015015
0.15775427222251892
-4.325026512145996
-0.17799626290798187
-3.4054901599884033
2.3995018005371094
2.551879405975342
-0.5919535160064697
-3.2682783603668213
0.44511494040489197
2.9096386432647705
0.8560317158699036
3.4523110389709473
-0.5009170770645142
-1.1887619495391846
0.7650596499443054
0.02480878308415413
1.6879125833511353
0.7158012986183167
-0.4313367009162903
-2.8702504634857178
-0.7356761693954468
-1.155116081237793
-1.6399235725402832
-3.4021008014678955
0.1189374029636383
-1.871921181678772
0.04668693616986275
-0.4263865351676941
-3.1715588569641113
-2.1006953716278076
3.701097011566162
0.669824481010437
2.20524263381958
-0.6962067484855652
-0.16729387640953064
-3.7645580768585205
0.9010277390480042
0.33869460225105286
0.2724857032299042
-1.062285304069519
-2.0285661220550537
-0.7852296829223633
-0.04703235998749733
0.06226499378681183
-1.564793586730957
-1.2125219106674194
0.696168839931488
0.0628596618771553
1.337396264076233
1.524610996246338
-1.2889904975891113
-0.6406559944152832
-0.18494391441345215
0.07486142218112946
0.9476135969161987
0.20868219435214996
1.030228853225708
-0.3986501395702362
-0.052226778119802475
-1.5290956497192383
0.34945929050445557
-0.5692210793495178
1.509790062904358
0.031208015978336334
0.002565781120210886
1.1254435777664185
-0.43635186553001404
0.00025353318778797984
-1.0121233463287354
-0.525251030921936
1.4123162031173706
1.4828014373779297
-1.434366226196289
-1.5101165771484375
-0.18812769651412964
0.1865384727716446
0.6981536149978638
-1.0812830924987793
0.029806390404701233
0.2834019958972931
-0.29812943935394287
-0.532986581325531
-2.180697202682495
0.3404998183250427
0.9158549904823303
1.967448353767395
0.6319814324378967
-0.8228634595870972
4.345802307128906
-0.5968331694602966
3.0314574241638184
-0.22867172956466675
-0.6609054803848267
1.5396755933761597
-0.08491851389408112
-0.580748975276947
0.9835655093193054
0.07980270683765411
-1.778038501739502
-1.264782190322876
2.2203307151794434
0.0573892667889595
3.1736488342285156
-2.427513837814331
0.09142392128705978
3.1639277935028076
-0.1480836421251297
-1.1459234952926636
4.016265869140625
-0.025513414293527603
0.021027062088251114
-0.3161264955997467
2.203321933746338
4.293968677520752
-1.5547384023666382
0.17635177075862885
-1.172493577003479
-3.3764212131500244
0.5054029822349548
1.51939857006073
-1.1630386114120483
-3.8529415130615234
2.2088680267333984
1.5570604801177979
-3.584024429321289
-3.8398818969726562
-0.710350751876831
2.6238458156585693
-0.6419289112091064
1.7640482187271118
-2.2297284603118896
-0.041163474321365356
2.526695489883423
0.0542776845395565
-1.185468316078186
-1.274289846420288
0.6404382586479187
-0.05977775901556015
-3.817772150039673
-0.15142185986042023
0.01054729800671339
0.8174678683280945
1.6804014444351196
0.4185265898704529
-1.2779443264007568
2.1995561122894287
-4.063846588134766
1.4101589918136597
0.31774213910102844
3.127866744995117
-0.9860317707061768
2.255953311920166
-3.974827527999878
-1.8065263032913208
0.9303184151649475
-0.10213323682546616
-1.7276508808135986
-0.1202194020152092
-1.1145602464675903
0.7514853477478027
2.23103404045105
2.2726192474365234
0.12165043503046036
0.8351083993911743
-0.16039808094501495
-0.06419181823730469
0.9288994073867798
0.680452823638916
-1.3060615062713623
-1.687524437904358
-0.8036398887634277
3.4359965324401855
2.581066846847534
-1.3217512369155884
0.217756450176239
-0.43966343998908997
-0.6814897060394287
-1.8536161184310913
-2.4451828002929688
0.7275762557983398
0.32585760951042175
1.7103168964385986
1.1276967525482178
-0.5634641647338867
-0.0272761769592762
0.17400367558002472
0.6769892573356628
0.09474212676286697
-0.05714923515915871
1.3007590770721436
-4.237435340881348
0.13621310889720917
2.444244384765625
-0.08117539435625076
-0.3180314004421234
0.10024890303611755
0.09422405064105988
-0.22184298932552338
0.15526875853538513
0.05717368796467781
0.7299857139587402
-0.32137370109558105
-0.17051570117473602
0.6971678733825684
-1.041421890258789
-0.7972345948219299
0.07119803875684738
-0.833230197429657
-2.5443994998931885
0.2516742944717407
-0.47681528329849243
2.4078032970428467
2.920850992202759
3.351792573928833
0.10013480484485626
0.28058549761772156
-0.5794170498847961
0.349905401468277
0.8005101084709167
1.4406986236572266
-0.1223330944776535
0.3106203079223633
-0.06562765687704086
-0.9491934180259705
0.04625494405627251
0.5573557019233704
0.24405980110168457
0.3500276505947113
-0.8279739618301392
0.003459332976490259
-3.488483428955078
1.9243584871292114
-1.3636373281478882
-1.0475099086761475
-2.979801654815674
0.9774758815765381
-0.18656772375106812
-0.33931609988212585
1.8662939071655273
0.8476008772850037
-1.406646966934204
2.573261260986328
-0.8819094300270081
-0.08991742134094238
-0.1282380223274231
0.9015384316444397
1.1742953062057495
0.03692300617694855
-3.173762321472168
-0.1563832014799118
-1.6273424625396729
1.065051794052124
-0.42815643548965454
0.7461009621620178
2.614956855773926
0.236456036567688
-3.146442174911499
-0.4033270478248596
0.09849875420331955
-2.886500597000122
2.978938341140747
-4.227452278137207
-1.5796959400177002
-1.8816497325897217
1.0100221633911133
0.7412259578704834
-1.1530815362930298
-0.06057136878371239
-1.4596474170684814
0.5015539526939392
2.4235312938690186
-3.3909313678741455
3.484217882156372
1.7170439958572388
1.6259734630584717
0.9705615043640137
0.8521932363510132
1.5810527801513672
-0.7554870247840881
1.416487693786621
-0.5973420739173889
0.4863896071910858
2.1525330543518066
-4.274279594421387
-0.8143636584281921
-1.4962185621261597
1.9974634647369385
-1.3130238056182861
3.9226346015930176
1.3024468421936035
-5.570584774017334
1.012703776359558
-3.0381314754486084
3.094040632247925
-0.17786945402622223
-1.827298879623413
2.683865547180176
2.5414199829101562
-0.3117254376411438
-1.6364384889602661
-2.7072641849517822
2.1030664443969727
-4.366970539093018
2.0330231189727783
-0.17148004472255707
-0.7778475880622864
-1.2043193578720093
-0.1004636138677597
1.249266505241394
-0.20773795247077942
-0.08434227108955383
2.585724115371704
2.2051823139190674
-0.616856575012207
2.6861281394958496
-4.541696548461914
2.487990379333496
2.757030725479126
-3.7129170894622803
-0.009827665984630585
-0.5837740898132324
-4.21537446975708
0.6834960579872131
-0.033503491431474686
-1.5318784713745117
2.8377416133880615
-1.0100520849227905
0.6652035117149353
0.6392133235931396
-1.2192926406860352
-0.45764675736427307
1.9433181285858154
4.39289665222168
-1.6300512552261353
-3.7668521404266357
-1.0181154012680054
2.8990724086761475
1.5283870697021484
-0.22220966219902039
-5.863210201263428
-3.971713066101074
-0.3142944276332855
0.038525305688381195
-3.278876304626465
-0.005286755505949259
-3.4638912677764893
-5.409173965454102
-0.5756665468215942
-0.4991559088230133
-4.471550464630127
-2.242279291152954
-0.6415899991989136
0.2895859479904175
-1.1728156805038452
-0.021521633490920067
1.4207683801651
-2.0106568336486816
0.9715444445610046
-1.1639912128448486
-0.7142403721809387
0.9650179147720337
-0.4634740352630615
-0.36862245202064514
-0.8936647176742554
0.27164793014526367
-1.4879318475723267
-4.062591075897217
-2.4600048065185547
-0.45054227113723755
-0.9222822189331055
0.02681414596736431
0.6265270113945007
-4.46287202835083
1.734589695930481
-0.21470065414905548
2.433966875076294
-3.0000510215759277
-0.2161763459444046
1.4643363952636719
-0.19861453771591187
-1.1025978326797485
-0.4160507917404175
0.17927980422973633
2.127878427505493
0.7780725359916687
-0.07491713762283325
-1.0310882329940796
-1.0862098932266235
-1.4795175790786743
0.9412372708320618
-0.08415853977203369
2.4630308151245117
2.8314208984375
1.802465796470642
-3.1535258293151855
-0.23501567542552948
1.4290786981582642
-0.29826563596725464
-4.400355815887451
-0.613995373249054
-0.6485816836357117
2.8333845138549805
1.8595778942108154
-0.9845975041389465
2.5602614879608154
-0.2728673219680786
1.44310462474823
0.8140172362327576
-0.04448829963803291
0.08107943087816238
1.2840197086334229
-2.2868125438690186
2.2792816162109375
-0.034274954348802567
-1.2194201946258545
-0.7585280537605286
-0.828779935836792
-0.22992900013923645
-4.232041358947754
2.2498202323913574
1.4253844022750854
-2.794053554534912
0.22446836531162262
-1.2143357992172241
1.8253381252288818
-1.0845067501068115
3.2898190021514893
1.2201792001724243
-1.2803817987442017
2.4478840827941895
3.1015779972076416
-3.598911762237549
1.4698288440704346
1.214590072631836
-0.5233387351036072
1.2842141389846802
-0.8103420734405518
-2.9152896404266357
-0.6687300801277161
3.6827774047851562
-4.052915096282959
0.5488680005073547
0.7915326952934265
0.5682922005653381
-3.724264144897461
-1.4882599115371704
0.341663658618927
-1.1439231634140015
1.8779982328414917
-2.6946890354156494
0.029870303347706795
-4.4015116691589355
-1.8026988506317139
0.45076465606689453
2.8377292156219482
-0.7520895004272461
0.8950706124305725
-0.7024180889129639
0.2121046483516693
-0.29138869047164917
0.0064784809947013855
-1.127773404121399
1.0049676895141602
-0.10424499213695526
0.49595001339912415
0.5158542394638062
-0.20250819623470306
-0.5427969098091125
-1.2056639194488525
1.9014426469802856
0.009020370431244373
-1.1904919147491455
1.0983123779296875
-0.34033316373825073
-0.29485997557640076
-2.439314365386963
1.165300726890564
0.34425586462020874
0.6723793745040894
0.4629706144332886
-0.7059939503669739
-2.1756880283355713
-0.6043092608451843
1.9441347122192383
3.973329782485962
3.2385928630828857
-3.3187878131866455
3.267580270767212
3.8432891368865967
-3.220404863357544
0.5999282002449036
2.4676401615142822
0.5646098256111145
1.0954326391220093
-0.009942722506821156
4.167492866516113
-4.4941487312316895
-2.6091933250427246
-3.4757039546966553
-0.0758185088634491
-0.1352526992559433
-1.3114125728607178
-5.899592876434326
-2.326996326446533
-0.9645313620567322
-1.6749621629714966
1.287814736366272
2.343742609024048
-0.5791995525360107
0.9814684987068176
-1.424561619758606
0.584695041179657
-0.8045843243598938
-4.849400997161865
-1.282424807548523
-3.1466424465179443
1.124604344367981
4.595522880554199
-0.7104556560516357
-2.23008394241333
2.296024799346924
5.078778266906738
2.2786900997161865
2.652475118637085
1.0973542928695679
-0.07586541771888733
0.13151298463344574
1.0008692741394043
4.819230556488037
1.3594865798950195
-2.520083427429199
-3.5795233249664307
0.8816478848457336
4.488587856292725
-4.0162224769592285
-4.668242454528809
-1.9086713790893555
-4.045775413513184
0.08769404888153076
-0.16371536254882812
-3.6435697078704834
-3.165983200073242
4.009510517120361
-3.7362823486328125
3.9052703380584717
-0.20172744989395142
1.2749425172805786
-4.329070568084717
1.6729578971862793
0.05387189984321594
1.9015779495239258
-0.44125425815582275
-2.957554340362549
-1.082516074180603
-1.2555508613586426
-0.08927885442972183
-1.672987937927246
-1.183794379234314
0.5033300518989563
-0.003138130297884345
0.6259771585464478
0.8048217296600342
-0.42060133814811707
-0.0928817167878151
-0.14012962579727173
0.09365557879209518
0.6157454252243042
-0.30631017684936523
2.466883420944214
-0.4508955776691437
0.9530059695243835
-2.8346853256225586
0.4814606010913849
-0.47251075506210327
-0.049040038138628006
0.7109785676002502
-0.3849739730358124
0.9545551538467407
-0.5385936498641968
-0.6987108588218689
-2.1126868724823
-0.40188226103782654
0.5894261598587036
0.7000502943992615
-2.8514721393585205
0.8393861651420593
0.707857608795166
-2.17482852935791
-0.379121869802475
0.05182582512497902
0.1668420284986496
0.5655289888381958
-0.7559314966201782
0.9984228014945984
-2.4786837100982666
0.3508474826812744
-0.18200258910655975
2.80281400680542
0.09397835284471512
-0.23834609985351562
3.6724867820739746
-2.0489766597747803
4.546546459197998
-0.04589057341217995
-3.623011350631714
4.361609935760498
-1.1332999467849731
2.8155391216278076
-0.5075514912605286
-0.05466688796877861
-4.763674259185791
-0.9857931733131409
1.7642123699188232
1.5989619493484497
1.3967152833938599
-4.117648124694824
2.397357225418091
4.367339134216309
2.6760666370391846
3.529606580734253
2.7412657737731934
0.6592763662338257
-0.1934041678905487
0.08007008582353592
3.1090362071990967
4.630925178527832
-3.467186689376831
-0.2546846866607666
4.801139831542969
3.7087297439575195
-0.19394472241401672
-2.2738935947418213
-2.7736475467681885
-3.6642987728118896
2.0827271938323975
0.35116609930992126
-4.528595447540283
-3.9428553581237793
0.46386945247650146
-4.183511734008789
2.1407532691955566
0.3973581790924072
-3.1783244609832764
-0.5039499402046204
-0.5323798060417175
0.38660740852355957
2.5381901264190674
-1.2743217945098877
3.758723735809326
0.46772029995918274
-2.018416166305542
-0.6252037882804871
2.3793580532073975
0.9631696939468384
2.09000825881958
1.1748571395874023
0.7006650567054749
3.2126338481903076
-4.236579418182373
0.5279456377029419
-2.9524917602539062
-0.4288405179977417
-4.687922477722168
-0.6337277889251709
2.4249892234802246
0.2042929083108902
-0.3052985668182373
-0.9080420732498169
0.6029045581817627
-0.2933729290962219
-3.4898736476898193
1.2460393905639648
3.9640843868255615
2.056885242462158
0.4558066129684448
0.3013976514339447
-1.7982333898544312
-0.4476611614227295
2.1592679023742676
-1.0993143320083618
-2.8470377922058105
0.019170919433236122
0.15498468279838562
0.32934293150901794
-0.07369526475667953
-0.5202448964118958
0.6942041516304016
-0.34260669350624084
-0.8084048628807068
-1.5829246044158936
-0.508939266204834
0.7071537971496582
-0.29947584867477417
-0.25862786173820496
1.15990149974823
0.37400761246681213
0.8286592364311218
0.2550540864467621
0.3572792112827301
-0.46151748299598694
-0.561537504196167
3.1062135696411133
-2.6676690578460693
2.0891354084014893
0.9066255688667297
0.0546434223651886
0.17898663878440857
0.15071886777877808
-0.023236310109496117
0.4843149781227112
1.020736813545227
0.03979913890361786
0.8216042518615723
-1.8191269636154175
0.8386011123657227
-0.17366427183151245
0.11951027065515518
-0.1551179587841034
0.20246687531471252
-0.7282060980796814
-3.549880027770996
-0.644782304763794
-0.3222649395465851
5.253415584564209
-5.0323405265808105
-0.5403017401695251
0.4142206311225891
0.1372469961643219
1.7238397598266602
1.79495108127594
0.22667519748210907
1.4980745315551758
-0.09328388422727585
0.07782943546772003
-0.1443166881799698
2.8517651557922363
-0.23359240591526031
0.9038186073303223
-1.882404088973999
1.7049882411956787
0.7126149535179138
-0.2519136369228363
-0.1467677652835846
0.9779816269874573
-2.3139114379882812
-1.93734610080719
-4.454427242279053
2.182819366455078
2.8200817108154297
-1.0446168184280396
1.0607349872589111
0.8170090317726135
0.014593585394322872
4.238993167877197
0.014163856394588947
-0.7900410294532776
-1.8226326704025269
-1.0989513397216797
0.25040555000305176
0.1357000768184662
-1.657353162765503
0.02615532837808132
-2.0569822788238525
0.3720519244670868
0.859557032585144
0.3334597945213318
-1.203787088394165
1.8584743738174438
-3.732793092727661
0.4985904395580292
0.09807828813791275
-2.3991551399230957
2.568436861038208
-4.096964359283447
-0.5581642389297485
0.5729765892028809
-0.3713897168636322
-0.2593667507171631
-1.6887924671173096
1.5264678001403809
0.4764510691165924
-0.41549429297447205
1.4432591199874878
-3.557692527770996
3.730449914932251
1.114052653312683
-0.8246811032295227
1.4653514623641968
-0.48094627261161804
1.667205572128296
-1.1574647426605225
-0.07510322332382202
-0.8219491839408875
-1.4736531972885132
-0.014053281396627426
-4.370678424835205
-1.315032720565796
-2.223315954208374
-0.9291248321533203
-0.9466302990913391
3.8077468872070312
-1.8326436281204224
-5.2878546714782715
-0.1679249405860901
-1.3588508367538452
1.5071674585342407
0.47859492897987366
0.0038277609273791313
2.1251912117004395
1.054630160331726
0.4349091649055481
-0.2262437641620636
-2.2980589866638184
2.2828075885772705
-2.58040452003479
0.20867939293384552
-1.2953810691833496
0.12509088218212128
-0.641849160194397
0.1374155879020691
0.9079563617706299
-0.1903344839811325
-0.05723348259925842
1.7239891290664673
0.20960430800914764
-0.18982669711112976
2.5491321086883545
-3.7630326747894287
2.7540314197540283
2.1148195266723633
0.8424301147460938
-0.11001638323068619
-0.27982720732688904
-1.3263661861419678
1.04513680934906
-0.613253653049469
0.18619389832019806
1.2285919189453125
0.025311823934316635
0.19167383015155792
2.0824344158172607
0.0708555057644844
-1.9490852355957031
-0.7183641195297241
1.1557326316833496
0.2565366327762604
-0.21161922812461853
-0.36861714720726013
1.8909659385681152
0.7066988945007324
-0.18458355963230133
-5.261940002441406
1.8408288955688477
-2.073334217071533
0.32537955045700073
-2.865264892578125
0.9765117764472961
-1.84172785282135
-3.138381242752075
-2.2453789710998535
0.37225663661956787
-0.5367009043693542
-3.6140971183776855
-2.297527313232422
0.801516592502594
0.23720838129520416
-0.03724723309278488
0.6891949772834778
0.16945184767246246
-0.5370460152626038
3.0506420135498047
0.0753321573138237
-0.3444172441959381
0.05172667279839516
-1.5432426929473877
0.0025061811320483685
-0.8622769713401794
-1.8894110918045044
-3.1181554794311523
0.30934998393058777
0.38404446840286255
1.1341197490692139
0.8880712389945984
0.19115008413791656
1.2683568000793457
-0.4373876750469208
-0.20230543613433838
-0.14684651792049408
0.7883957624435425
1.1758852005004883
-0.10190197825431824
-1.1648226976394653
-1.1898057460784912
-1.0507285594940186
-0.11403273046016693
-2.4957735538482666
0.8614571690559387
0.2595362365245819
2.3101589679718018
-1.61698579788208
0.337139755487442
1.478014588356018
0.9965948462486267
1.2552748918533325
2.0275814533233643
1.408205509185791
0.14323191344738007
1.4757872819900513
1.7306050062179565
-0.07104607671499252
-3.9564850330352783
0.0006288530421443284
-0.8994540572166443
1.0058367252349854
1.815999984741211
-0.22253075242042542
-0.19671252369880676
-1.4487557411193848
1.942119836807251
-2.101956367492676
1.1906003952026367
0.16931219398975372
0.5248177647590637
-0.5492914319038391
0.15971256792545319
-1.6595827341079712
-2.7898924350738525
2.9384093284606934
0.4302979111671448
3.5652174949645996
-3.1809582710266113
-0.25861185789108276
0.5854882597923279
-2.09682035446167
1.895500659942627
-0.17943315207958221
0.9753655195236206
-1.8759336471557617
2.8638410568237305
1.0272012948989868
-1.9944548606872559
1.9365158081054688
0.5413312911987305
-4.198242664337158
-0.6601313352584839
1.9118375778198242
-0.8419604301452637
2.2990386486053467
0.5482107400894165
-1.3990037441253662
-1.5872735977172852
2.160184383392334
-2.6312978267669678
0.3588554561138153
1.5069866180419922
0.11112434417009354
-2.0342764854431152
-1.8256571292877197
0.6028776168823242
-2.469618797302246
-0.14172668755054474
-3.663342237472534
0.3502967357635498
-3.2107436656951904
-1.2286845445632935
-0.33318278193473816
-0.8515805602073669
0.6339276432991028
0.29944875836372375
0.26099634170532227
0.5173506140708923
-0.3906344771385193
0.5721787810325623
-0.3344859182834625
0.4030531644821167
0.49219760298728943
-0.8283084034919739
-0.05980120226740837
0.06135721504688263
0.11127369105815887
0.4000740349292755
-0.15417367219924927
-1.3124793767929077
-0.0036359718069434166
1.9438403844833374
-0.3957166373729706
-0.4808129072189331
-1.999527096748352
-0.1481074094772339
0.16361039876937866
-0.14402858912944794
0.40099650621414185
-0.4434940814971924
-0.3007267415523529
1.503440499305725
0.6814941763877869
2.717700242996216
0.055850379168987274
-0.24741312861442566
2.6373610496520996
3.0703773498535156
-3.7918663024902344
1.0481855869293213
0.9792331457138062
0.08071310073137283
0.7993111610412598
-0.7678645253181458
2.6730306148529053
-3.9553043842315674
-1.553140640258789
-2.6127941608428955
0.6999631524085999
0.47400858998298645
-1.3032920360565186
-5.7624030113220215
-0.7401730418205261
0.3574695885181427
-2.0914716720581055
-0.14367227256298065
1.8911255598068237
-0.01623842492699623
-0.7041105031967163
0.6808158755302429
1.0815324783325195
-1.3033332824707031
-4.765716075897217
-0.24137908220291138
-1.5309213399887085
-1.5288909673690796
1.1040432453155518
0.06511854380369186
-0.7351502776145935
0.17822451889514923
4.61329984664917
-1.802381157875061
-1.294776439666748
3.5078980922698975
-0.4329153001308441
0.8772516250610352
0.39289334416389465
3.878749370574951
1.223956823348999
-2.1025757789611816
-3.583845853805542
-2.89418625831604
1.3524707555770874
-3.7222745418548584
-3.7717175483703613
-1.37480890750885
-3.2589774131774902
-0.23494184017181396
2.9519824981689453
-0.8099246025085449
-1.1590220928192139
1.3824706077575684
2.8413949012756348
2.2029292583465576
0.8252208232879639
0.7386057376861572
-3.0719926357269287
1.7810373306274414
0.09320122003555298
-0.3188641667366028
0.6941700577735901
-3.064694881439209
0.2114124745130539
-0.7632990479469299
-1.1279703378677368
-0.3941560387611389
-0.504111111164093
0.32645201683044434
0.06744660437107086
-0.42144274711608887
-0.24816706776618958
-0.5254648923873901
0.7014473080635071
0.3939327597618103
1.1315641403198242
-0.011489421129226685
0.5769487023353577
-0.18983247876167297
-0.33110305666923523
-0.3275340497493744
-1.7315194606781006
-0.7259097695350647
-1.2808301448822021
0.017611946910619736
0.09455439448356628
1.0881069898605347
-0.3260079324245453
-0.525387704372406
-1.2720850706100464
-0.8502286076545715
0.4641076922416687
-1.6752971410751343
-0.30782368779182434
-1.4998457431793213
-1.723840355873108
0.35119572281837463
-0.020422758534550667
-0.9220572113990784
0.9368089437484741
-0.589705765247345
-2.108851194381714
0.45741555094718933
1.4710735082626343
-1.0194296836853027
0.6578829288482666
0.10748188197612762
0.001027592457830906
-0.15012556314468384
0.27388572692871094
1.1859880685806274
-0.23940952122211456
1.3290575742721558
1.5830820798873901
-3.444312572479248
0.05717601999640465
0.42052051424980164
-0.16880351305007935
-0.7686840295791626
-0.44761666655540466
-2.4862489700317383
-0.6298782229423523
2.5761680603027344
1.3679744005203247
0.36423787474632263
-2.0349717140197754
3.1274027824401855
0.9121791124343872
3.8154752254486084
4.450000286102295
1.3889756202697754
0.35593557357788086
0.8212472796440125
0.37875980138778687
1.2979551553726196
3.570430278778076
-3.3041532039642334
-1.3457154035568237
-3.1340134143829346
1.4731422662734985
0.7473880648612976
-2.1674346923828125
1.1257494688034058
-3.0271596908569336
-0.2566855847835541
0.7480913400650024
-4.039829730987549
-4.786518573760986
-0.09474996477365494
1.5454494953155518
2.461470603942871
0.4986310303211212
-1.4027231931686401
-0.04515920579433441
-3.9500701427459717
-1.2452541589736938
2.272977590560913
-1.1065586805343628
0.7686881422996521
-0.32775434851646423
-0.1972767412662506
-4.418951988220215
1.063877820968628
-1.498988151550293
1.6225248575210571
0.2442617267370224
0.060306236147880554
3.256300449371338
-0.49815675616264343
-1.7603507041931152
0.24166131019592285
-1.7058732509613037
-5.0531463623046875
0.9889646768569946
1.2062811851501465
-1.0148271322250366
-0.10128635168075562
-0.2988705635070801
2.5566329956054688
-1.5104107856750488
0.3683711886405945
-0.8386856913566589
1.7531852722167969
0.6410818099975586
-0.8719944953918457
0.7995842099189758
-0.1357332170009613
-0.1710485816001892
-0.7822879552841187
-1.1298737525939941
-1.1064257621765137
-0.07698161154985428
1.6046150922775269
-1.029353141784668
-1.7183278799057007
-0.2825397551059723
1.1108726263046265
0.23952403664588928
-0.28857943415641785
-1.274773120880127
-0.19022612273693085
1.1897563934326172
0.4667118489742279
-1.817157506942749
0.32447153329849243
0.9661750197410583
0.4436746835708618
0.16209068894386292
0.20894181728363037
-0.5427621006965637
-1.4529259204864502
0.4960656762123108
2.8292300701141357
0.7160338163375854
-1.1658259630203247
1.1189438104629517
0.05064089596271515
0.058509163558483124
-0.39912065863609314
0.5123850703239441
2.028642416000366
0.6030361652374268
0.20360863208770752
-0.23242084681987762
-0.05679326504468918
-0.24966849386692047
0.2520069479942322
-0.22480866312980652
-0.35945940017700195
-0.533626914024353
-2.249701738357544
-0.4273416996002197
0.13419434428215027
4.47492790222168
4.0664286613464355
-1.690390706062317
-0.001835989416576922
0.17065957188606262
0.5591812133789062
0.14775025844573975
0.14407701790332794
0.598234236240387
0.6745161414146423
-0.813069224357605
0.7149226069450378
-0.9773454070091248
0.13723458349704742
0.3375474810600281
-2.2665109634399414
1.7039920091629028
2.708652973175049
-0.7000529170036316
0.9437479376792908
0.4290548264980316
-0.8070369362831116
-0.6126415133476257
-1.3721174001693726
1.3238188028335571
1.3205379247665405
-1.5978946685791016
0.27881231904029846
1.0024648904800415
-0.7708389759063721
3.4649264812469482
1.1817376613616943
0.07280457764863968
0.8813262581825256
-0.8600813150405884
-0.2798866033554077
-0.815949022769928
-0.8721136450767517
0.1769419014453888
-2.029515504837036
1.5918740034103394
1.2693068981170654
-0.23792509734630585
-2.49226713180542
0.5159222483634949
-0.7421445250511169
0.28629356622695923
-1.1313073635101318
0.18665027618408203
2.168524980545044
-4.439021110534668
-2.950593948364258
-1.3201942443847656
2.3013525009155273
-1.8514331579208374
-0.03272615000605583
-1.8862967491149902
-1.3554675579071045
0.6588193774223328
1.0473288297653198
-3.5699658393859863
0.6748958230018616
1.628640055656433
1.6792681217193604
0.17289237678050995
-0.45564568042755127
-2.060413360595703
-2.0034515857696533
2.1948862075805664
2.1283421516418457
0.6917502284049988
1.8397256135940552
-2.4801902770996094
0.17215782403945923
-0.894308865070343
-1.4941425323486328
-0.3587817847728729
3.9242961406707764
2.2866768836975098
-5.484310150146484
5.399143218994141
-4.40380334854126
2.968867301940918
0.9512881636619568
-4.666440963745117
-1.4693987369537354
4.386113166809082
-1.4702317714691162
-3.2693870067596436
0.03095882385969162
2.9264464378356934
-5.121335506439209
4.209616661071777
-1.4384664297103882
1.2752727270126343
-3.5870893001556396
1.2514067888259888
-0.7474604249000549
-1.6137721538543701
0.6416260004043579
4.591709136962891
1.6541578769683838
-1.331390142440796
2.386533737182617
-2.559905767440796
2.855668306350708
3.9894778728485107
-3.275141954421997
1.3459540605545044
1.338066577911377
-5.112432479858398
0.8229199051856995
-0.10532157868146896
0.7749862670898438
2.0464086532592773
-0.7978307008743286
2.9440343379974365
-2.559572696685791
1.892018437385559
1.9404093027114868
1.4573431015014648
4.138708591461182
-4.199084758758545
-2.8779046535491943
0.5395457744598389
2.7057242393493652
-0.5094044208526611
0.5221924185752869
-5.814274787902832
1.6963235139846802
2.085235357284546
0.7310082912445068
-0.4139787256717682
-0.6851312518119812
-4.611598491668701
-4.933724880218506
-0.5443257689476013
0.3549889922142029
-4.072226524353027
-0.4620673954486847
-3.431352376937866
-1.242241382598877
-0.9465317726135254
-0.4937375783920288
0.26384586095809937
-1.153151512145996
1.7645341157913208
-2.7073633670806885
0.8199015855789185
0.796704888343811
1.2856742143630981
-0.4858899712562561
0.06445958465337753
-0.9938185214996338
0.23925843834877014
-3.8170158863067627
-0.2879403829574585
-1.0913069248199463
0.07260747253894806
-0.44839993119239807
0.4179878234863281
1.130602240562439
4.5050950050354
0.3751935660839081
1.4345200061798096
-0.7748255133628845
0.052029069513082504
2.288916826248169
-1.2941423654556274
-0.36689579486846924
0.22556565701961517
2.06050443649292
-3.725825786590576
-1.0459814071655273
0.7312415242195129
-1.5856856107711792
0.537438690662384
-0.8205873370170593
-0.5726701617240906
0.15401102602481842
-1.1208980083465576
-0.2543468475341797
1.5765396356582642
-3.0301456451416016
-3.787240982055664
0.4370577037334442
1.8031741380691528
-3.4640724658966064
0.7155179381370544
-0.12765873968601227
1.5634386539459229
-2.5590105056762695
1.3727208375930786
-2.2045400142669678
-3.4056906700134277
0.11833180487155914
3.3029656410217285
1.8955906629562378
-1.8846313953399658
0.5467845797538757
-1.1967127323150635
2.517836809158325
0.8521333932876587
1.0166035890579224
1.0783395767211914
-2.0559468269348145
-2.3134233951568604
-1.3281984329223633
2.479482650756836
2.141873836517334
-3.8078908920288086
-0.984494149684906
0.02949988842010498
2.227358102798462
-0.6251081824302673
3.2508087158203125
1.920982837677002
-0.3981810212135315
3.5203142166137695
4.4913763999938965
4.4686970710754395
1.96554434299469
-0.06569597125053406
-2.4870407581329346
0.04329952225089073
0.4467369616031647
-0.19469664990901947
-1.4825493097305298
3.6087141036987305
-4.498006820678711
-0.18628117442131042
-1.3225324153900146
-1.7348045110702515
-4.093255996704102
-0.31983262300491333
0.11065398901700974
-0.03474362567067146
1.9460569620132446
-0.4733106791973114
-0.1323556751012802
-3.473034143447876
-1.2010831832885742
0.2556670904159546
3.4681217670440674
-2.8129892349243164
-1.5978493690490723
-0.2851982116699219
1.2901582717895508
1.0392539501190186
1.192695140838623
1.0721547603607178
0.35291022062301636
-0.6565479636192322
0.4730183482170105
-0.9967601299285889
-0.09563589096069336
-0.5990868806838989
0.13899849355220795
-0.47916218638420105
0.15456286072731018
-1.0108994245529175
2.7712714672088623
0.49889662861824036
0.5365409851074219
-2.568251371383667
1.28654146194458
0.2821640074253082
-0.03160228952765465
-0.19919197261333466
-0.152893528342247
-0.9507462382316589
-2.328702926635742
-2.434879779815674
4.434573173522949
3.9240450859069824
-2.4833741188049316
1.4032258987426758
2.8433175086975098
-0.6404411792755127
1.03865647315979
2.7881996631622314
-0.7156743407249451
-0.16665275394916534
0.7887756824493408
4.284523010253906
-3.232161283493042
-1.763830304145813
-3.2096493244171143
0.22187133133411407
-0.13647323846817017
-0.6280186176300049
-5.866161346435547
-0.8324347734451294
-0.12550245225429535
0.5592935681343079
0.176975280046463
0.781347930431366
-0.4151955246925354
1.3550814390182495
-0.20334742963314056
-0.3182308077812195
1.4916446208953857
-4.778311729431152
0.03704456612467766
-0.1653447300195694
2.226743221282959
3.4436731338500977
1.1261378526687622
-3.8751063346862793
-1.6660419702529907
3.896608829498291
2.757335662841797
1.2679734230041504
-2.4071784019470215
0.6211640238761902
-1.0562589168548584
2.355844020843506
2.8763856887817383
-0.9724674820899963
-2.123720645904541
-3.658252477645874
-1.944871425628662
-1.7145483493804932
-3.2373697757720947
-3.2000443935394287
-3.742063283920288
-4.385362148284912
-0.9596050381660461
2.24983811378479
-4.403390884399414
-2.878871202468872
4.517364978790283
3.655980110168457
3.7696502208709717
-0.013908728025853634
0.13054904341697693
-2.4996249675750732
-0.0770619586110115
0.09743253886699677
2.359424352645874
-3.224085807800293
0.465431809425354
-0.46050506830215454
-0.1222914531826973
1.5414384603500366
-2.2633442878723145
-0.9405636787414551
2.2600016593933105
-2.666409730911255
-0.41229957342147827
-1.0489139556884766
-0.05526365339756012
-0.983199954032898
-0.1568315029144287
0.42097264528274536
-0.16880327463150024
-0.2702939212322235
2.2528188228607178
-0.21924622356891632
1.0634994506835938
-3.2170569896698
1.09213387966156
-2.5464351177215576
0.6143196225166321
-0.36931076645851135
0.040161389857530594
0.9514063596725464
-0.12460879981517792
-1.1585693359375
-0.2964598834514618
0.22195111215114594
0.5170050263404846
-0.42770954966545105
-3.166992425918579
0.10478687286376953
-0.3050709664821625
-2.3721065521240234
0.7007219791412354
0.3714848756790161
0.062121063470840454
-0.5307945013046265
-0.5914899706840515
1.0289084911346436
-0.9756890535354614
0.7345568537712097
-0.02259521372616291
0.5503062605857849
-0.060990698635578156
-1.1218739748001099
3.824138879776001
0.7721489071846008
4.664124011993408
-0.21774302423000336
-2.5018157958984375
2.907130002975464
-0.290164053440094
0.9821627140045166
0.4678124785423279
0.23411938548088074
-4.466984748840332
-0.12808339297771454
0.9946033358573914
0.42949286103248596
1.1175529956817627
-2.8628697395324707
2.2441749572753906
3.5624165534973145
3.857966184616089
-2.6704483032226562
1.5320332050323486
2.759584903717041
-2.3102669715881348
1.1330934762954712
-1.0192838907241821
0.0014520717086270452
-3.2133288383483887
-1.129597544670105
-0.23043237626552582
-3.667503595352173
-2.014009714126587
-1.2871173620224
-1.544020414352417
-0.21993015706539154
4.26432991027832
1.1265820264816284
-4.656952857971191
2.53218674659729
-1.3744503259658813
1.7425898313522339
2.5292882919311523
0.4048721492290497
-0.7721816897392273
-0.06557735800743103
2.571354866027832
1.5208783149719238
2.3746724128723145
2.1017534732818604
1.6273678541183472
1.2898668050765991
-0.927865743637085
-0.7730520367622375
0.6332517862319946
1.754090666770935
1.3324410915374756
1.5664526224136353
1.5299752950668335
1.8190364837646484
-4.664744853973389
1.8705165386199951
-0.18559247255325317
3.963573932647705
-2.1528947353363037
2.8438684940338135
1.4583770036697388
-1.893990159034729
0.8863954544067383
-2.8370156288146973
-2.458341598510742
-1.458358645439148
-0.9337505102157593
-1.3093397617340088
2.2048537731170654
3.495936632156372
-0.10871298611164093
0.08407879620790482
-1.4813425540924072
-0.4302121102809906
2.0651121139526367
1.885643482208252
-1.282414197921753
-0.7369869351387024
0.1727355420589447
3.155791759490967
2.1248373985290527
0.416629821062088
0.2179470658302307
0.7751963138580322
-0.975587785243988
0.2561202347278595
-0.06909652054309845
-0.0754983201622963
0.10780882090330124
2.8699984550476074
1.3542968034744263
-0.4523085653781891
0.6412142515182495
-0.2673081159591675
1.283287525177002
-0.5616484880447388
-0.37380021810531616
1.120926022529602
-5.155019760131836
-0.7043066024780273
0.24034196138381958
-1.0640093088150024
-0.9331932663917542
-0.06910497695207596
-0.34068816900253296
-0.1728706806898117
0.9869213104248047
0.5602146983146667
1.5947600603103638
-0.9841335415840149
0.006465158890932798
0.849842369556427
-2.0298004150390625
0.47914981842041016
0.30286169052124023
7.549519796157256e-05
-3.215744733810425
-0.2511803209781647
-0.12391334027051926
4.272334575653076
3.0052239894866943
3.8397631645202637
-0.008429250679910183
-0.41424688696861267
0.4997481405735016
1.0658342838287354
0.4124193489551544
0.2644103169441223
0.1396150439977646
0.12355585396289825
-0.28219014406204224
-3.6889808177948
0.2115839570760727
-0.19871430099010468
0.8671656250953674
-1.2994837760925293
0.3736187219619751
0.33586668968200684
-0.6270382404327393
1.928267002105713
-0.606093168258667
-1.6938625574111938
-3.6276979446411133
0.9843801856040955
1.2311171293258667
-0.4805884063243866
0.8625587821006775
-0.5035734176635742
-0.9171185493469238
3.537562847137451
-1.1756136417388916
0.5500502586364746
1.2329140901565552
-0.0401197113096714
2.538604736328125
1.591015338897705
-0.8359287977218628
-1.735579490661621
0.694214940071106
-0.5159708857536316
0.011585182510316372
0.33839190006256104
3.1982288360595703
-0.10578728467226028
-4.538453578948975
-0.11155129224061966
-2.7487707138061523
-0.8656038045883179
2.9766342639923096
-4.19652795791626
-3.371807098388672
-3.3361868858337402
2.287893772125244
-1.8282452821731567
1.5961861610412598
0.8069729804992676
-2.305366039276123
1.6863222122192383
1.4842212200164795
-3.033540964126587
2.295161485671997
1.541163444519043
1.3277987241744995
0.7638564705848694
0.9385333061218262
1.318762183189392
-1.941528081893921
2.167588710784912
-0.6972357630729675
0.4574047327041626
2.2626426219940186
-3.736025810241699
-1.0528582334518433
-0.865949273109436
2.1625816822052
0.3668827414512634
3.6249539852142334
1.6939268112182617
-5.861082553863525
5.755113124847412
-4.8411545753479
4.331092834472656
0.004586415830999613
-5.015844345092773
1.3299729824066162
5.45400857925415
-0.6090483665466309
-4.566213130950928
-0.873329758644104
3.4800491333007812
-5.751318454742432
4.86441707611084
-1.7318731546401978
2.7925984859466553
-4.923769950866699
-0.37439149618148804
2.5757791996002197
-0.5216623544692993
0.5462958812713623
4.942904472351074
-0.23429612815380096
-3.107510566711426
2.462632894515991
-2.8523974418640137
3.4277703762054443
4.667157173156738
-2.845926523208618
0.2326413094997406
0.45901399850845337
-5.6513590812683105
1.490764856338501
0.3458225429058075
-0.10622010380029678
2.395366907119751
1.1069896221160889
3.442201614379883
-2.53666615486145
1.0836620330810547
0.7716931700706482
3.4577198028564453
5.594112873077393
-5.252569198608398
-3.7509775161743164
0.037936367094516754
3.9181485176086426
-0.11512702703475952
-0.6472300291061401
-6.023756980895996
-1.690590500831604
2.09495210647583
-0.3802317678928375
-3.7251956462860107
2.443920373916626
-5.187163352966309
-5.842769145965576
0.7392220497131348
0.41036099195480347
-5.046830177307129
0.4654124677181244
0.9585360884666443
0.21094469726085663
-0.8225946426391602
-0.5241624712944031
0.7700269818305969
-3.567279100418091
2.7312726974487305
0.6073483824729919
0.3500349521636963
-0.05139476805925369
1.0499845743179321
-0.8248867988586426
0.08815181255340576
-0.3538481891155243
0.32491299510002136
-4.377809524536133
0.7827681303024292
-0.09974163770675659
0.4656919240951538
0.17847007513046265
-1.060431957244873
-4.878913879394531
0.5460538864135742
0.2349034994840622
2.230485200881958
0.6294283866882324
-1.8684961795806885
1.7169708013534546
-2.7581186294555664
1.1604400873184204
1.4283593893051147
-0.3605441153049469
3.6304826736450195
-0.5641332268714905
0.7500539422035217
-2.4296531677246094
1.7809756994247437
-0.6248312592506409
1.3441861867904663
-1.3290209770202637
1.397868275642395
3.0720183849334717
1.1955184936523438
-2.0706050395965576
-1.7089704275131226
0.4707253873348236
2.38110089302063
-4.778346538543701
1.9742861986160278
-2.1730804443359375
2.4537456035614014
-0.5262369513511658
0.4819173216819763
2.7037956714630127
-1.4001003503799438
0.5443027019500732
4.150317192077637
0.8086876273155212
-2.3717973232269287
-1.217740535736084
0.46696627140045166
3.815432071685791
2.0937771797180176
1.523858904838562
-3.1380059719085693
-1.0394830703735352
-2.4564285278320312
-4.513287544250488
3.094996690750122
2.1018128395080566
-3.3665030002593994
3.319204807281494
-3.2826032638549805
3.6522233486175537
-2.6918184757232666
3.427686929702759
1.4230961799621582
-0.510753333568573
3.139626979827881
3.778942346572876
3.439291477203369
-1.1281477212905884
0.30342531204223633
-3.771869421005249
0.1665857583284378
-1.1119681596755981
-2.892664670944214
-1.3821088075637817
3.079688310623169
-3.759183883666992
-2.7115986347198486
-1.3512147665023804
-0.05944303795695305
-4.8823771476745605
-0.49012473225593567
-1.1802204847335815
0.35677629709243774
-0.24551084637641907
-4.272125720977783
0.07138927280902863
-3.760892152786255
-0.48773881793022156
0.3836502432823181
-0.6574262380599976
-2.0546183586120605
-2.120525598526001
0.6132405400276184
0.4838690161705017
-0.5620611310005188
0.5830689668655396
1.9228185415267944
0.8001729846000671
-1.7035069465637207
0.6735482811927795
-0.9738316535949707
-0.32473427057266235
-0.5035305619239807
-0.7254083752632141
0.6767469048500061
0.11884815245866776
-2.2031478881835938
2.542158603668213
-0.0018285539699718356
-1.5753980875015259
-3.2809414863586426
0.6398162245750427
-0.33963075280189514
0.33216798305511475
0.24698536098003387
-1.5529420375823975
-1.597957730293274
-2.090686082839966
-1.8256462812423706
4.514143466949463
4.309288501739502
1.1167300939559937
0.5397246479988098
3.2828941345214844
-2.7255232334136963
2.5874624252319336
2.651310682296753
-2.2061376571655273
-0.26530396938323975
-0.062087394297122955
5.092806339263916
-4.7732367515563965
-3.4475464820861816
-4.470239639282227
-0.015108944848179817
-0.23807401955127716
-1.5689399242401123
-5.871795177459717
-1.3172686100006104
1.0771762132644653
-1.4362958669662476
0.22779132425785065
0.9802584052085876
1.734787106513977
3.361154794692993
-0.8905462026596069
-0.9058360457420349
2.2985098361968994
-5.145871162414551
-2.0110321044921875
0.04094724729657173
0.31434521079063416
4.987577438354492
-0.714296281337738
-4.8481879234313965
-0.8003376722335815
5.341646194458008
2.783780336380005
4.339346885681152
1.6831685304641724
-2.2649552822113037
-0.358515202999115
2.6939730644226074
4.8686699867248535
1.0649654865264893
-4.578983306884766
-4.2777910232543945
0.9239601492881775
3.977865219116211
-4.8138346672058105
-4.380377769470215
-3.9105396270751953
-5.349637031555176
-1.4687260389328003
0.5601937174797058
-5.0941033363342285
-3.359546661376953
4.389712333679199
-4.191798210144043
4.628998756408691
0.3631415069103241
2.8183207511901855
-3.1499133110046387
2.4065866470336914
-0.17422007024288177
0.7159032821655273
-0.4007551670074463
-1.5751769542694092
0.3503027558326721
0.207289457321167
-0.4154033958911896
-2.4692845344543457
0.31471237540245056
3.6234962940216064
-3.151923894882202
1.056007981300354
-0.418298602104187
0.3245127499103546
-1.2663264274597168
-0.3255116641521454
1.2079331874847412
0.24480217695236206
-2.184276580810547
0.6681297421455383
1.0992637872695923
0.9433046579360962
-4.266332149505615
0.489854097366333
-3.672513008117676
0.27463498711586
-0.8542052507400513
-0.8321771621704102
2.2048563957214355
-0.8801640272140503
-2.0738368034362793
0.11694832891225815
0.046737946569919586
-3.5008671283721924
0.23928050696849823
-4.090032577514648
1.5013233423233032
0.2963797152042389
-3.3226051330566406
-1.622340440750122
-0.051864683628082275
0.1745537519454956
-2.0748307704925537
-0.9570948481559753
1.2081348896026611
-0.8107280731201172
2.4062933921813965
0.8321748375892639
1.304413914680481
0.6248021125793457
-0.9356026649475098
-1.8206748962402344
-0.7254691123962402
5.594269275665283
-2.3423640727996826
-4.97410249710083
4.285192966461182
-0.48322123289108276
3.4000279903411865
-0.3336465358734131
0.5472806096076965
-5.526452541351318
1.1287095546722412
0.4970908761024475
3.7780871391296387
-1.2069566249847412
-5.1839599609375
4.0595703125
4.915075778961182
5.350091457366943
2.2443950176239014
-1.2431461811065674
3.765965700149536
-1.7771797180175781
3.512282133102417
-0.6056321263313293
-0.9701529741287231
-5.009113311767578
-0.2278740108013153
5.055349349975586
3.1226892471313477
-3.669710159301758
-4.203961372375488
0.11678848415613174
-1.6900604963302612
4.560746192932129
2.0294301509857178
-4.8804030418396
1.106374740600586
0.094770647585392
-5.074409484863281
4.166685581207275
0.5174660086631775
-0.3893755376338959
1.2632896900177002
-1.95395028591156
2.9085822105407715
3.272491931915283
-1.0165468454360962
2.9293973445892334
1.8603020906448364
3.6489367485046387
-4.174274444580078
3.9325010776519775
1.6939252614974976
2.3885223865509033
2.3697755336761475
2.6638171672821045
3.1354846954345703
-4.13045597076416
0.11573486030101776
-2.6051454544067383
0.9275079965591431
-4.313223361968994
0.09630532562732697
3.5831973552703857
-0.7862346172332764
-0.9906042814254761
-2.316866397857666
-2.4606668949127197
-2.889270544052124
-3.961904525756836
-0.38994652032852173
4.258273124694824
3.815639019012451
-0.019285494461655617
0.023559698835015297
-3.1884217262268066
-0.44141119718551636
0.040969766676425934
-0.3712596595287323
-3.2416937351226807
0.19784416258335114
-0.298612117767334
-1.4001394510269165
-0.24315430223941803
0.19129759073257446
-0.8417555093765259
-0.5277639627456665
-0.41667473316192627
-1.410073161125183
-0.5965996384620667
-1.6906383037567139
-0.7755201458930969
-0.7670422196388245
0.7961421608924866
0.3967771828174591
1.1297378540039062
0.5481712222099304
1.0170180797576904
0.7957603335380554
-1.657082438468933
2.007158041000366
-4.773482799530029
2.543579339981079
-1.0876307487487793
-1.0009698867797852
-0.42296189069747925
0.017016204074025154
-0.7651241421699524
0.1285080760717392
2.4058210849761963
0.8159214854240417
3.012526035308838
-3.9989778995513916
-1.3782953023910522
-1.2918431758880615
-1.0412352085113525
4.262832164764404
0.025079287588596344
0.02052146941423416
-3.268040180206299
0.12491627782583237
0.5763982534408569
5.811304569244385
-6.087394714355469
-0.841248095035553
0.1877993941307068
0.3321464955806732
0.9426177740097046
3.260631799697876
1.8731043338775635
0.043449901044368744
0.4525836706161499
0.10757792741060257
-0.855140209197998
1.7738397121429443
-0.07436072826385498
0.804395854473114
-0.9199758768081665
-1.0009337663650513
0.6834210157394409
0.9063025116920471
1.342905044555664
1.3963212966918945
-2.2040069103240967
-2.8787286281585693
-4.4102396965026855
1.4623600244522095
2.8978774547576904
-0.5743833780288696
0.2140086591243744
0.007619556039571762
1.2682403326034546
4.19013786315918
0.7085865139961243
1.034225583076477
-1.9867219924926758
-0.048703644424676895
1.1504355669021606
2.8292794227600098
0.9112576842308044
-2.207754135131836
-0.23252563178539276
-0.1894122213125229
-0.5715596079826355
-1.9898507595062256
-2.6093409061431885
2.4942476749420166
-5.295524597167969
-0.3378504812717438
-2.17232346534729
0.42469245195388794
3.0254533290863037
-4.2574567794799805
0.7113609910011292
-2.1572487354278564
1.0866647958755493
-1.7658231258392334
1.3690149784088135
0.9013055562973022
-1.2963467836380005
-1.8170692920684814
2.01458477973938
-1.9395924806594849
2.6897547245025635
1.6108990907669067
0.4757879376411438
0.978517472743988
0.9384963512420654
-0.5612649321556091
-1.5471421480178833
1.402271032333374
0.19443412125110626
-2.097696304321289
0.630525529384613
-3.1219594478607178
-0.4907166361808777
-2.0657472610473633
0.21921002864837646
1.3084378242492676
3.5258469581604004
-1.3254255056381226
-5.5613203048706055
5.39625883102417
-3.4484193325042725
3.489511728286743
-1.1274975538253784
-2.528087615966797
0.6534163355827332
4.5874152183532715
-0.9806315898895264
-0.1721586138010025
-0.617879331111908
1.5235464572906494
-5.518632411956787
3.746039628982544
-2.472214937210083
2.4057111740112305
-4.471386432647705
-0.09600761532783508
0.3145942986011505
0.5480807423591614
0.7591387629508972
4.642638206481934
-2.937814712524414
-1.3968509435653687
1.8569313287734985
-2.034433603286743
2.75490665435791
3.7811083793640137
-0.36489689350128174
0.6768040060997009
0.4758087992668152
-4.840486526489258
0.07159590721130371
0.5336079597473145
-0.11930039525032043
1.0986014604568481
-0.34231317043304443
2.9721758365631104
0.4138428568840027
-0.1304769665002823
0.09607531875371933
1.8979235887527466
4.019778251647949
-4.547313213348389
-0.4660659730434418
-0.4129634201526642
3.0747368335723877
1.6101068258285522
-1.5610051155090332
-5.6876630783081055
2.1997432708740234
0.01489451713860035
0.9827185869216919
-2.7630980014801025
0.31052055954933167
-3.696713447570801
-4.881488800048828
0.08962227404117584
1.0489126443862915
-3.1658778190612793
-3.828077793121338
-1.492195725440979
1.3743098974227905
0.12274495512247086
-0.1551114022731781
0.3583163022994995
-1.9491198062896729
2.277278184890747
2.4782400131225586
-1.2619760036468506
-1.520243525505066
2.5480117797851562
-0.24167007207870483
-2.8360488414764404
0.5651925206184387
0.8895629048347473
-3.4964168071746826
0.4494767487049103
0.7113100290298462
-0.14072741568088531
2.1927764415740967
0.24017822742462158
3.933500051498413
-0.5785322189331055
-0.5026735663414001
0.7269993424415588
0.9528263211250305
-1.7880663871765137
0.2600673735141754
-0.03694625198841095
0.6028145551681519
-0.38544178009033203
-0.5285647511482239
-2.646042823791504
1.034165859222412
-0.2410183995962143
-0.2660731375217438
-0.1834949404001236
0.7217773199081421
0.01589328981935978
-1.0377438068389893
1.6496630907058716
2.235795736312866
-0.00034408929059281945
-0.7310900688171387
1.850632905960083
0.6801984906196594
2.854926347732544
-4.772063732147217
1.271140456199646
-0.5648536682128906
1.1420927047729492
0.5510820746421814
0.8885415196418762
-1.0870718955993652
0.7855157256126404
0.078057661652565
2.1132736206054688
1.4066320657730103
-0.40932029485702515
-1.9330819845199585
0.5574951767921448
2.367741346359253
0.6518367528915405
-0.4348544478416443
2.246182680130005
-0.9540539383888245
1.9091135263442993
-2.958115577697754
1.9648566246032715
0.8681356906890869
-2.2345821857452393
3.614859104156494
-1.6111901998519897
2.0053887367248535
-1.6965562105178833
1.0619457960128784
-2.479776382446289
-0.12535937130451202
1.4892616271972656
2.840115785598755
0.3865959048271179
-0.33103814721107483
1.52173912525177
-1.1974791288375854
1.6129933595657349
0.3156513571739197
-3.2490828037261963
-0.7045816779136658
2.00795578956604
-1.7382408380508423
-1.863356351852417
0.5192570090293884
0.7220390439033508
-3.9937989711761475
-0.9740866422653198
0.22269077599048615
-1.5237926244735718
-1.9548637866973877
-3.8251447677612305
-0.05039394274353981
-2.4413583278656006
-0.7366086840629578
-0.2896295487880707
-3.076702117919922
0.7073056101799011
-1.7700939178466797
-0.3501058518886566
0.7449916005134583
2.09071946144104
-0.42436423897743225
1.8439860343933105
-0.06719421595335007
0.005140737630426884
0.5210259556770325
-0.6686468720436096
-0.4787653982639313
0.30623385310173035
0.12770643830299377
-0.2133326530456543
-0.07236838340759277
-0.722650408744812
0.24304278194904327
-0.1523015797138214
-0.8642064332962036
-1.8288474082946777
0.10261394083499908
-0.5231503844261169
0.48769742250442505
0.18128018081188202
-0.01660601980984211
-0.9705414175987244
0.11837563663721085
-1.346185326576233
2.656740665435791
3.2038376331329346
1.6965242624282837
1.6788475513458252
1.9781105518341064
-2.7449047565460205
0.4511140286922455
0.6213101744651794
-0.9269372224807739
-0.7397961616516113
-0.3286178708076477
3.8956947326660156
-2.856384754180908
-1.0824846029281616
-3.578110694885254
1.0679984092712402
0.3682165741920471
-0.7738155722618103
-5.804164409637451
-0.7979831099510193
0.5022577047348022
-2.612299680709839
0.5587697625160217
1.061362624168396
0.5303979516029358
2.674996852874756
-1.138917088508606
-0.3881981074810028
0.46224117279052734
-4.832406520843506
-0.3168603479862213
0.2943689823150635
-1.9005298614501953
2.2661635875701904
4.419983386993408
-4.155097007751465
-2.5380702018737793
5.207356929779053
-0.2953985929489136
2.1904752254486084
4.915717601776123
-2.25453782081604
-0.5820063948631287
1.2296844720840454
4.562138080596924
3.4747941493988037
-1.5803134441375732
-3.1894140243530273
-2.670185089111328
1.2864832878112793
-4.353338241577148
-2.851801633834839
-1.5007766485214233
-4.927933692932129
-0.46494996547698975
1.721898078918457
-3.3299386501312256
-3.0986196994781494
0.1781756430864334
2.9378583431243896
1.280131459236145
1.7668964862823486
1.863224744796753
-2.178847074508667
1.9302724599838257
0.292005717754364
-2.293489694595337
1.6159265041351318
-2.0428521633148193
0.6462467908859253
-0.6022773385047913
1.6489390134811401
-0.7927698493003845
0.7437255382537842
0.035592611879110336
-2.369819402694702
0.2913687527179718
-0.1625472456216812
0.39006859064102173
0.26532799005508423
0.18486358225345612
-0.5443452000617981
0.6290297508239746
-0.3084684908390045
-0.46653294563293457
-0.4165898263454437
0.7744280099868774
-3.8434958457946777
-0.9761073589324951
-3.5109100341796875
0.37247708439826965
-0.1852034032344818
0.06164593994617462
0.8249468207359314
-0.8479217290878296
-0.52618408203125
-0.5419961810112
-0.35672953724861145
-4.265046119689941
0.966854989528656
-1.6841801404953003
-0.7017092704772949
-0.6493129134178162
1.8630273342132568
-1.8685448169708252
-0.6929100155830383
-0.4933113157749176
-0.8463496565818787
-0.7779185175895691
1.8009235858917236
0.10199768841266632
2.5069580078125
-0.08894222229719162
0.14028236269950867
0.025057105347514153
-0.5448030829429626
-2.761601448059082
-1.7509772777557373
2.8575382232666016
-0.42183589935302734
-3.816312551498413
0.5763691067695618
0.11021427065134048
1.634947657585144
-0.04502582550048828
-0.2601046562194824
-4.708812713623047
-1.250742793083191
-0.6751747727394104
2.612081527709961
-0.2241443544626236
-3.9168522357940674
2.9513046741485596
3.70037841796875
5.276078224182129
1.4985837936401367
-2.1529664993286133
3.0214953422546387
-0.3027361035346985
2.1301462650299072
-0.4654921293258667
-1.2921334505081177
-3.8967032432556152
-0.07745881378650665
-3.846173048019409
2.330392837524414
-1.679836392402649
-3.198320150375366
3.9638097286224365
1.1293708086013794
3.740222215652466
0.4600815176963806
-4.2676100730896
-1.370600938796997
0.3663100600242615
0.6825023889541626
2.840235471725464
0.6798200011253357
-0.23834675550460815
-0.2777066230773926
-2.733593702316284
1.6096166372299194
-2.053941249847412
-2.1907317638397217
0.6025661826133728
-0.06603533774614334
2.82498836517334
-3.0687196254730225
2.7401440143585205
0.611297607421875
1.2531276941299438
-1.0848252773284912
0.7839866876602173
2.4079244136810303
-2.003675937652588
-0.4705440402030945
0.06915615499019623
-1.4120550155639648
-4.546939849853516
-1.373138666152954
-0.985133945941925
-1.8130842447280884
1.747106671333313
-3.3308088779449463
0.7634753584861755
-1.5533603429794312
-0.049476735293865204
-1.567757487297058
3.3531882762908936
2.276291608810425
-0.5454923510551453
-0.6152647733688354
-3.392324924468994
0.046748094260692596
-0.5049921870231628
-0.9539769291877747
-2.8696448802948
-0.0774075984954834
0.04676596820354462
-1.2951524257659912
-3.1876096725463867
0.017811967059969902
-0.2521618902683258
-1.3285526037216187
0.059521373361349106
-0.6536221504211426
-0.06014986336231232
0.08181727677583694
0.3711189925670624
-2.377833127975464
0.5683999061584473
0.44224539399147034
0.060990747064352036
0.8391473293304443
-0.1657293438911438
0.23839373886585236
-0.41943010687828064
0.5006633996963501
0.8197168707847595
0.3990779519081116
-0.8003809452056885
0.13751623034477234
0.1575128734111786
-0.24493928253650665
-0.8705034255981445
0.1441575437784195
0.7469004392623901
0.8627978563308716
0.768162190914154
-0.8905384540557861
-0.296071320772171
-2.043412446975708
-0.6433085203170776
2.0893144607543945
-0.16302181780338287
0.23153094947338104
-1.369065284729004
0.6371356844902039
1.3942824602127075
5.196201801300049
4.1563591957092285
-3.552365779876709
-0.06903029978275299
1.5290011167526245
0.8926386833190918
2.6779708862304688
0.9752147793769836
-0.08983884751796722
-0.0005451917531900108
0.8564375042915344
0.08743088692426682
-4.182592391967773
-0.001010859850794077
0.583642840385437
-1.5034053325653076
-1.2067878246307373
1.8939855098724365
1.5039989948272705
0.581045925617218
2.02968430519104
-0.1708272397518158
-2.1085703372955322
-0.7098691463470459
1.796248197555542
1.7492876052856445
-1.3308597803115845
-0.2522035241127014
0.13688330352306366
-0.023515967652201653
4.140360355377197
0.6167478561401367
0.238427072763443
1.23363196849823
-0.9480627775192261
0.9634630680084229
1.7929062843322754
0.4689073860645294
-1.1417375802993774
-0.2456219643354416
1.2510727643966675
-1.0803171396255493
-2.3910017013549805
-2.8855042457580566
-0.11388017982244492
-3.1327996253967285
0.042360030114650726
-1.9069174528121948
1.1205227375030518
2.2549362182617188
-3.7263131141662598
-1.7520170211791992
0.3586023449897766
2.1899068355560303
-1.9773838520050049
-0.1792422980070114
-0.8750952482223511
1.166529655456543
-3.04914927482605
-1.129698395729065
1.894078254699707
-2.1204020977020264
1.777377963066101
-2.280068874359131
-1.5752424001693726
0.05496712028980255
-1.203571081161499
-1.2350746393203735
2.2478442192077637
1.743140697479248
-3.002556085586548
-0.10797722637653351
-1.5027986764907837
-0.4314482510089874
1.8629096746444702
-2.1443874835968018
0.6965128183364868
1.0602161884307861
0.7227182984352112
-4.4181227684021
1.6546921730041504
-1.8948010206222534
-0.04467365890741348
-2.4926042556762695
0.5091186165809631
-0.9398227334022522
1.8363163471221924
-2.177927017211914
-3.5333049297332764
0.3534795939922333
-0.6265400052070618
-3.756406307220459
1.2517969608306885
-1.9955805540084839
0.8515692949295044
-3.9482057094573975
0.5344861745834351
-0.49827104806900024
-0.6753604412078857
0.2877306342124939
2.7591750621795654
0.585841178894043
-2.2043001651763916
0.40056130290031433
-0.8443161845207214
0.05779878795146942
1.1278798580169678
-1.1186556816101074
0.1465628445148468
0.5268064737319946
-4.811834335327148
1.2763783931732178
-2.317599296569824
0.6378654837608337
0.005771270487457514
0.24088260531425476
0.8744139075279236
-3.5241501331329346
1.7403484582901
2.297795534133911
1.3023098707199097
0.5886635184288025
-3.4297897815704346
-0.7988539338111877
0.06304299831390381
0.6254342198371887
-2.5617575645446777
0.35365527868270874
-3.5699899196624756
0.4310581684112549
-0.8935193419456482
0.07260461151599884
0.4991111159324646
1.6014201641082764
-1.6379766464233398
-2.840120315551758
1.7792023420333862
-0.8373518586158752
-0.199862539768219
0.33213311433792114
-2.9015612602233887
-0.7179803848266602
0.7885448932647705
-0.38726237416267395
0.08288654685020447
0.3515220284461975
-0.1919383406639099
0.7614782452583313
-2.0797674655914307
-0.5660814046859741
2.198090076446533
-0.5618048310279846
-0.3163965046405792
0.33916205167770386
1.4210597276687622
-1.3072638511657715
0.9213021397590637
-1.2807958126068115
-0.26242753863334656
0.8581740856170654
0.2769717872142792
0.621454656124115
1.535561203956604
0.1362304985523224
1.6212158203125
0.8040042519569397
-2.3442351818084717
0.6332833170890808
-1.1366829872131348
0.9770262837409973
0.9365708827972412
0.5784318447113037
-2.540503740310669
0.08867499977350235
1.6001548767089844
-0.04603508487343788
-1.6250839233398438
0.35405433177948
-1.7491393089294434
-0.45432084798812866
-1.3087711334228516
-3.347634792327881
-0.8799504041671753
0.6605077981948853
-3.5479421615600586
0.4711734354496002
2.1279985904693604
-0.7031252980232239
0.017036698758602142
0.11672051250934601
0.6572335958480835
-3.0191755294799805
1.5063352584838867
-1.651094913482666
-1.9222970008850098
1.0375621318817139
-0.2162015438079834
1.6774605512619019
-2.823211431503296
0.2830353081226349
-1.009138822555542
1.4108940362930298
1.2098740339279175
0.7507480382919312
2.0191006660461426
-0.955097496509552
0.11933086812496185
1.4389551877975464
-1.2611805200576782
-0.42240771651268005
-2.919090747833252
-1.544571042060852
-1.7005929946899414
1.5493394136428833
-0.6242272853851318
-0.24733373522758484
1.942631721496582
0.28012651205062866
0.013141711242496967
2.4105753898620605
4.007100582122803
1.1322836875915527
-0.18096156418323517
-2.2262516021728516
-0.23302403092384338
-0.5261377692222595
0.7150330543518066
-0.8853277564048767
3.455109119415283
-2.8421037197113037
-1.361189603805542
-2.798274040222168
-2.274385452270508
-1.6800435781478882
-0.611725389957428
1.4162055253982544
-0.631878137588501
0.20938433706760406
2.6506717205047607
0.13181595504283905
0.8048772811889648
-0.3285185396671295
-0.2991330623626709
0.7654574513435364
-0.8078927397727966
0.004331621807068586
0.18501247465610504
0.2638615369796753
-0.16526304185390472
1.6441692113876343
2.894178628921509
1.4246463775634766
-0.10172054916620255
0.26618996262550354
-2.1534814834594727
0.1709609180688858
-0.6041935682296753
0.6211561560630798
1.0027650594711304
0.06809146702289581
-0.964411735534668
0.8592046499252319
0.30173423886299133
-0.40032294392585754
-0.6381002068519592
0.619627833366394
1.3866907358169556
-0.5279870629310608
-1.3324289321899414
-1.0591788291931152
-0.7233623266220093
-2.7883176803588867
-2.2136125564575195
3.77293062210083
3.453282117843628
-0.6194941401481628
0.24759118258953094
1.058045744895935
0.4304640591144562
-0.766227662563324
2.1782033443450928
-1.7992234230041504
-1.0989716053009033
1.5133315324783325
0.5411725640296936
-2.5103580951690674
-0.7192617058753967
-1.3940738439559937
-1.0007216930389404
-0.2446470558643341
-0.6415542364120483
-4.564372539520264
0.42802193760871887
0.026683690026402473
0.480336993932724
0.4273258447647095
-1.089402675628662
-0.05039975419640541
1.1592506170272827
-1.320516586303711
-0.6404370069503784
0.20584380626678467
-4.926611423492432
0.3876629173755646
0.007859008386731148
-0.05623435974121094
1.9943277835845947
-0.345499187707901
-1.6424674987792969
-2.0485596656799316
2.0660400390625
0.7824980020523071
0.6687015891075134
-3.2227630615234375
-3.2326951026916504
0.24800685048103333
0.5897489786148071
-1.4401756525039673
-0.9338876008987427
-3.388603925704956
-4.107090950012207
-0.7617604732513428
-4.483134746551514
-0.6530552506446838
-0.458291232585907
-2.768491744995117
-4.357021331787109
-1.289043664932251
3.1119701862335205
-0.5017643570899963
-0.0202313419431448
3.391383171081543
4.072423934936523
2.74379301071167
0.11189469695091248
-0.05455669015645981
2.8768093585968018
-1.4745848178863525
-0.27819308638572693
1.6468216180801392
-1.4513758420944214
1.0790073871612549
-0.5056500434875488
0.045343220233917236
-1.42681884765625
-2.4211931228637695
1.4559532403945923
0.890356719493866
-1.8757368326187134
-0.6397445201873779
-0.2680450677871704
-0.12222646921873093
-1.4141985177993774
-0.3646691143512726
-0.03270142525434494
-1.585636854171753
-0.034292493015527725
-0.46135592460632324
-0.31419405341148376
-0.13429109752178192
-3.2338733673095703
0.2875978648662567
0.056555986404418945
1.0449542999267578
-0.007773973513394594
0.3154648244380951
0.12230966985225677
0.14323939383029938
1.3928581476211548
0.6765802502632141
0.4704206883907318
-0.16834871470928192
0.24352926015853882
-1.8531497716903687
-0.21674160659313202
0.2289312481880188
-2.8550679683685303
-0.4009029269218445
-0.4548603296279907
0.2661868929862976
-1.132016658782959
0.7214788198471069
2.8890817165374756
-0.9780863523483276
-0.19633722305297852
-0.6284435987472534
-0.18422217667102814
0.012489032931625843
0.1309126615524292
-0.41403812170028687
0.1769295185804367
1.1563796997070312
0.34753477573394775
-2.425549030303955
0.45794540643692017
-0.08571692556142807
1.6934285163879395
0.004319918807595968
-0.08942744880914688
-3.2392020225524902
1.0460965633392334
2.657288074493408
0.4926173686981201
-2.3665575981140137
-0.25755688548088074
-0.5576891899108887
0.09940733760595322
4.012108325958252
1.8762685060501099
0.785860002040863
4.295406341552734
0.01846342533826828
2.989630937576294
-1.0717413425445557
0.9196715354919434
-3.2308361530303955
-0.42635905742645264
-1.04106605052948
-3.4972152709960938
-3.407999038696289
-1.2887674570083618
1.5326703786849976
-3.770730972290039
1.8581327199935913
0.9895780682563782
-1.774159550666809
3.278282880783081
-1.2102723121643066
0.22679390013217926
2.9946048259735107
-1.5488299131393433
1.3682657480239868
1.4163751602172852
-0.4590296745300293
0.0652700886130333
2.0092787742614746
3.43001389503479
-1.3543912172317505
0.8438688516616821
3.3469576835632324
-4.344227313995361
1.0417366027832031
1.0384560823440552
1.0850876569747925
0.6549418568611145
0.5352327823638916
0.3756686747074127
-2.4249470233917236
2.059629201889038
0.9575791954994202
3.291226387023926
-0.24088124930858612
2.336458921432495
2.1033129692077637
1.283181071281433
0.7521955370903015
-2.039663076400757
-1.4269031286239624
1.6443562507629395
1.0849735736846924
0.4569385051727295
1.2432149648666382
3.5666310787200928
-0.20527954399585724
0.5599285960197449
-0.4186822175979614
-0.10183193534612656
0.4496679902076721
3.0895421504974365
-0.007382670417428017
0.7616608738899231
-0.9946813583374023
-0.1118001937866211
1.1354867219924927
0.492413729429245
0.1896638572216034
0.9154222011566162
-0.48608627915382385
0.8118277192115784
-0.997171938419342
-0.6810036301612854
-0.2788592576980591
1.6504498720169067
0.7057886123657227
-0.14420083165168762
1.9542686939239502
-0.03339208662509918
0.23923388123512268
0.2300330251455307
-1.0534526109695435
-0.20156016945838928
-4.105157852172852
-0.837426483631134
-0.05833261087536812
-1.1529477834701538
-0.11863401532173157
0.9653481841087341
-0.13350321352481842
-0.028108635917305946
1.6046576499938965
0.10394861549139023
0.9138649702072144
-0.5589122772216797
-0.4987187385559082
-0.9941815733909607
-0.4400859773159027
0.6179841160774231
0.002875127363950014
-0.061958812177181244
-0.9407328963279724
2.560822010040283
-0.367990106344223
1.8111082315444946
2.466712713241577
2.3277697563171387
-0.3458511531352997
-0.30853819847106934
0.09736661612987518
0.32059627771377563
-0.04278722032904625
0.0633564367890358
0.22190500795841217
-0.7498521208763123
-0.03880699723958969
-3.324322462081909
0.9126457571983337
-0.20182384550571442
-0.08011326193809509
-0.9124696850776672
-0.47666069865226746
0.8920681476593018
0.12315299361944199
-0.33611440658569336
-0.05169670283794403
-0.3701189458370209
-2.1875388622283936
-0.5808038115501404
0.2288360446691513
0.9896341562271118
0.015498307533562183
-0.5388453006744385
-0.00897819921374321
2.4915425777435303
-1.5811474323272705
-0.022532297298312187
0.0890791192650795
-0.39821162819862366
0.5822737812995911
-1.1391186714172363
1.7233922481536865
-2.0384817123413086
-0.05260308459401131
-1.5955893993377686
-0.027314765378832817
-0.305648535490036
3.4388811588287354
-1.074379324913025
-4.2978620529174805
0.38806965947151184
-3.6034367084503174
1.4183751344680786
2.0583643913269043
-3.1673455238342285
0.288199245929718
-2.9743547439575195
2.4252445697784424
-2.3188369274139404
0.07798495888710022
-0.6017976403236389
-0.03160954639315605
-3.2979736328125
0.5957818627357483
0.6662107110023499
-0.9910798668861389
2.200336217880249
-1.7445566654205322
-1.5941905975341797
-0.44757044315338135
-0.8032174706459045
-0.8465509414672852
2.4184157848358154
1.444568157196045
-2.6506218910217285
-0.5508458614349365
-1.5725805759429932
-0.5253279805183411
1.4442299604415894
0.9181563258171082
0.33326777815818787
1.3997430801391602
0.3437921106815338
-5.05704402923584
2.586556911468506
-2.960084915161133
3.0594675540924072
-0.31800854206085205
-2.1342475414276123
-0.16635185480117798
3.3285765647888184
-1.102035403251648
-0.6321089267730713
-0.8758553266525269
-0.22985781729221344
-5.223574638366699
2.455719232559204
-2.2300894260406494
1.6191966533660889
-4.8614068031311035
0.01993406191468239
0.6942650079727173
-0.4970990717411041
1.6219509840011597
3.527634382247925
-0.6546944379806519
-2.9393632411956787
0.15565936267375946
0.10584703087806702
0.6458114981651306
0.4310661852359772
-2.5072085857391357
0.5545237064361572
-0.14276617765426636
-5.395295143127441
0.08724457025527954
-0.8540523648262024
-1.1461963653564453
0.094261534512043
0.5617693066596985
1.9345979690551758
-2.212446689605713
-0.1944943070411682
1.725587248802185
0.6787109971046448
3.9055545330047607
-4.051279544830322
-1.4457223415374756
0.18146537244319916
1.2938367128372192
-0.3617057204246521
-0.010690493509173393
-5.0906219482421875
-3.264267921447754
1.005686640739441
0.13262197375297546
-0.4151029884815216
1.6860955953598022
-3.422813892364502
-4.950405120849609
1.4459660053253174
-0.09924257546663284
-1.6677685976028442
-0.11420445144176483
1.674380898475647
0.09102824330329895
-0.06582973152399063
-0.6809182167053223
0.5261856913566589
-1.55082368850708
1.8133548498153687
0.7911323308944702
-1.4833712577819824
-1.5206061601638794
2.469444513320923
-0.890728771686554
-2.5294036865234375
0.28442543745040894
1.7151240110397339
-2.3524515628814697
0.32315710186958313
0.10259323567152023
-1.402725100517273
1.2172141075134277
-1.2689706087112427
-4.392796516418457
-0.14521917700767517
0.06377598643302917
0.9566153883934021
0.2532912492752075
-3.300903797149658
-0.012851979583501816
-1.6467212438583374
1.3895617723464966
0.4268435537815094
-0.3577139973640442
3.0687756538391113
0.13600844144821167
1.7637624740600586
-1.919416904449463
-0.018620798364281654
0.11383894830942154
-1.5910173654556274
-0.46679532527923584
-0.2797897458076477
-1.3215876817703247
-1.5330288410186768
0.22283117473125458
-0.790628969669342
-0.7939046621322632
2.4207303524017334
-3.8059425354003906
2.1544718742370605
0.25799983739852905
-0.9949103593826294
-2.832717180252075
1.8204935789108276
3.0615100860595703
-0.6004719734191895
1.071352481842041
2.853213310241699
-0.4977160394191742
-2.718873977661133
-0.8027150630950928
1.489668607711792
2.4411416053771973
1.5164700746536255
2.072803020477295
-3.196883201599121
-0.4959358274936676
-1.8969188928604126
-3.153351306915283
1.354932188987732
-0.9548208117485046
-1.737780213356018
1.094105839729309
-3.1916422843933105
2.0117087364196777
0.3328794836997986
0.26181265711784363
0.04574471339583397
2.1725668907165527
-0.8593146800994873
2.748979330062866
3.660086154937744
0.22707948088645935
-1.7822113037109375
-1.9092155694961548
0.3480715751647949
-1.9891839027404785
-1.4695549011230469
0.461847722530365
2.834373950958252
-2.141756057739258
-2.7229652404785156
-1.3005943298339844
-0.4462911784648895
-4.345485210418701
-0.07705393433570862
-1.737836480140686
0.7764191627502441
-1.1367006301879883
-0.5757825374603271
0.6247566938400269
0.5421644449234009
-0.5278405547142029
-0.678429126739502
-2.3092422485351562
-1.5251147747039795
-1.9190266132354736
0.1588335484266281
2.133807897567749
0.2547159194946289
-0.1289478987455368
1.2238850593566895
-0.11679013818502426
-1.0351920127868652
0.6967135667800903
-1.4415351152420044
-0.349588543176651
-1.2076715230941772
-0.6210750341415405
-0.38941946625709534
-0.09571124613285065
-1.614205241203308
-0.4651065766811371
1.7190039157867432
-1.3876769542694092
-1.4558939933776855
-0.03459010273218155
0.5574795007705688
-0.0927729681134224
0.1872081607580185
-0.09112494438886642
-2.195026159286499
-1.1438380479812622
-2.0334632396698
3.84539794921875
4.415197372436523
0.6266864538192749
1.3056212663650513
0.7781676054000854
-0.6291497945785522
1.1850016117095947
1.3537880182266235
-1.0770699977874756
-0.1824563443660736
-0.3575887382030487
3.012397527694702
-2.8193392753601074
-2.85306978225708
-2.9356462955474854
-0.22480010986328125
-0.013285922817885876
0.1347970813512802
-4.277994632720947
1.3214168548583984
0.18651102483272552
-0.13563965260982513
0.30183079838752747
-0.42056792974472046
0.34235650300979614
2.1920034885406494
0.33543482422828674
0.32666724920272827
2.231241464614868
-5.119583606719971
-0.5663118958473206
0.7602748870849609
-3.551156997680664
2.777279853820801
4.145132541656494
-4.834107398986816
-3.2421300411224365
4.427806854248047
1.423635482788086
1.4648246765136719
1.9699426889419556
-4.356376647949219
0.060824137181043625
0.44790855050086975
3.771768808364868
1.3691366910934448
-5.002681255340576
-4.370161056518555
2.0839624404907227
2.411400079727173
-3.3658862113952637
-3.3721868991851807
-1.2315313816070557
-5.239961624145508
-1.7757015228271484
3.6966543197631836
-4.218579292297363
-0.24268682301044464
1.7748100757598877
-2.673057794570923
3.2809486389160156
0.018383972346782684
1.7740720510482788
1.4967435598373413
0.18927261233329773
-1.0855207443237305
-3.0347819328308105
-1.0222684144973755
0.9835973381996155
-0.11834855377674103
-0.1455472707748413
-0.007819965481758118
-3.112947940826416
1.4745279550552368
1.6643809080123901
-3.1228671073913574
0.08498693257570267
-0.7840005159378052
0.3668999671936035
-1.7048882246017456
-0.1234702616930008
1.7254884243011475
-0.16628757119178772
-1.1414217948913574
-0.6914644241333008
-0.11630130559206009
0.7103700041770935
-3.9849183559417725
-0.024081336334347725
-0.8762615323066711
0.20836836099624634
0.5201393365859985
0.4734767973423004
0.5472895503044128
-0.2322005331516266
0.05525447428226471
0.7402413487434387
-0.44561341404914856
-4.268937110900879
-1.2535649538040161
-1.5660839080810547
0.14173680543899536
-0.27238374948501587
0.60163414478302
-2.077359437942505
-0.1251007467508316
0.42459866404533386
-1.4818999767303467
-0.42457324266433716
3.1248645782470703
-1.3383817672729492
-0.06349015235900879
0.5059086084365845
0.31271693110466003
0.2986457049846649
-1.7111650705337524
-2.4825854301452637
-1.3038320541381836
4.455418109893799
-1.57499098777771
-4.082874774932861
3.6886467933654785
0.18412165343761444
-0.39647072553634644
-0.15778504312038422
0.06719904392957687
-5.05032205581665
1.187074065208435
0.1554083228111267
4.1555562019348145
1.4611331224441528
-4.5527215003967285
-0.5119234323501587
2.771552085876465
4.939030647277832
2.412306308746338
-1.4626071453094482
4.60245418548584
-0.945775032043457
3.0810985565185547
-0.7479208111763
-0.5402329564094543
-4.987106800079346
1.9816224575042725
3.4516360759735107
0.8138992190361023
-4.38292932510376
-3.2002294063568115
2.4555087089538574
-3.8706984519958496
3.0709116458892822
1.8643708229064941
-3.9251554012298584
3.6658120155334473
-0.5596609711647034
-5.0160980224609375
3.6995043754577637
-1.5843470096588135
1.13643479347229
1.0883584022521973
-0.7354354858398438
2.9977824687957764
-2.4790921211242676
2.881225109100342
0.5467567443847656
1.6994222402572632
4.126496315002441
-3.5312509536743164
3.480954647064209
0.14871297776699066
2.371030330657959
1.6248786449432373
1.9934217929840088
0.5012855529785156
-3.4778568744659424
1.6790701150894165
-0.09714937955141068
1.50955069065094
-1.4579037427902222
0.835654079914093
0.3832257390022278
0.707703709602356
0.018060749396681786
-3.446725368499756
-1.575652003288269
0.41087406873703003
-3.9553005695343018
-0.3393453359603882
3.74271297454834
3.9145328998565674
-0.1719290316104889
0.03505914285778999
-2.8560049533843994
-1.535178542137146
-0.9901122450828552
1.4712828397750854
-0.39741671085357666
0.7424103617668152
-0.4920797049999237
-0.606617271900177
-1.138028860092163
-0.15641559660434723
-0.42360568046569824
0.10358560085296631
-1.877812147140503
1.0841745138168335
-0.41561201214790344
-2.339350700378418
-0.42969802021980286
-1.7827905416488647
0.22803492844104767
0.8178796768188477
-0.21413597464561462
-0.33638396859169006
0.06785121560096741
0.1897502839565277
-0.26879414916038513
-1.237829566001892
-4.902148246765137
0.48073673248291016
-1.8677566051483154
-0.701364278793335
-0.20627732574939728
0.8271582722663879
-0.022306812927126884
0.11936566978693008
0.24774374067783356
1.07582688331604
1.3597629070281982
-0.6252772212028503
-0.1326373815536499
-3.480605125427246
-0.6472055315971375
1.7295726537704468
-0.08359113335609436
-0.2657988369464874
-1.1175025701522827
2.2858965396881104
0.17515669763088226
4.013091087341309
-4.295107841491699
-0.11303010582923889
-1.1411858797073364
0.27201882004737854
0.07221954315900803
1.1368061304092407
-0.5957475304603577
-1.486182689666748
-0.31885331869125366
-0.20569637417793274
-1.0550590753555298
2.605616569519043
0.1393986940383911
-0.07206697762012482
0.3568246364593506
-0.9779927730560303
-0.04732227325439453
1.143125057220459
-0.04283634200692177
0.32810869812965393
0.8053949475288391
-1.3795949220657349
-3.369156837463379
-0.1497281938791275
1.0532444715499878
1.8225765228271484
-1.23358154296875
-0.8395293354988098
0.6801607012748718
3.4679110050201416
-0.14537227153778076
0.5448085069656372
-1.9664137363433838
2.0403575897216797
-0.24051524698734283
1.0086416006088257
2.2351369857788086
-1.9144490957260132
0.950359582901001
-1.6320172548294067
-1.5635242462158203
-0.9672237634658813
-1.2690566778182983
-0.19478808343410492
-5.066248416900635
0.21788236498832703
-3.377971649169922
0.8579025864601135
2.0305376052856445
-2.9010703563690186
1.7078404426574707
-3.1350901126861572
0.44610071182250977
-1.1544725894927979
-0.714054524898529
-1.7880020141601562
1.0977619886398315
-3.915405750274658
1.6716989278793335
-0.5851659178733826
1.5508720874786377
1.3982665538787842
-1.5588229894638062
-1.246598243713379
-0.4055568277835846
-0.07122854888439178
0.2675713002681732
1.4569545984268188
2.450482130050659
-3.2047951221466064
-1.4578694105148315
-1.775578498840332
0.630657970905304
-0.8083596229553223
-0.2009989470243454
1.1617408990859985
0.6780974864959717
-1.8239814043045044
-4.104404926300049
0.31564754247665405
0.5423123836517334
0.28061288595199585
2.496941566467285
-1.8142441511154175
0.3906751871109009
1.8858567476272583
-2.2289931774139404
0.8693971037864685
0.07495839893817902
0.7202264666557312
-4.720888137817383
0.7635964751243591
-0.8712368607521057
1.1746070384979248
-3.235532760620117
-0.15004518628120422
0.23554401099681854
0.34355494379997253
1.8062292337417603
1.8726365566253662
-0.3762302100658417
-0.284088671207428
-1.123016357421875
-0.5287501215934753
0.18430155515670776
-0.9331375956535339
0.08531012386083603
0.9090593457221985
-0.7534326314926147
-4.634646415710449
0.4085314869880676
0.07057539373636246
-0.6278506517410278
-1.2842150926589966
-0.42957109212875366
0.37111836671829224
-0.24166642129421234
0.2828657031059265
0.3038337826728821
-0.5227956771850586
1.4578309059143066
-2.5730364322662354
0.12388680130243301
0.0710148811340332
-0.5850287675857544
0.16032813489437103
-1.1717396974563599
-3.9253625869750977
-0.04482674598693848
-2.5099427700042725
-0.044504567980766296
-1.2619168758392334
-1.1140635013580322
-2.4201464653015137
-1.2752245664596558
-0.5854156017303467
-1.386382818222046
-0.5042166709899902
-3.8134422302246094
-1.2707093954086304
1.058464527130127
-0.043462153524160385
-0.3832598924636841
1.2963340282440186
-0.21247659623622894
0.33807459473609924
0.4367902874946594
-2.2257308959960938
-1.3533140420913696
2.2259559631347656
-1.3668547868728638
-2.3340516090393066
-0.5054047107696533
-0.12498937547206879
-1.1038122177124023
0.9184439778327942
0.202314555644989
-0.18171031773090363
1.2502596378326416
-0.1263003945350647
1.3357841968536377
-3.542970895767212
-1.469976544380188
1.0481746196746826
-1.469052791595459
-2.7056541442871094
-0.6516582369804382
0.6068193316459656
0.6855932474136353
0.8539898991584778
0.05954352021217346
-2.195230484008789
0.8047850131988525
0.19970998167991638
-0.6292376518249512
-0.2936173379421234
0.9839040040969849
-3.0510785579681396
1.0458073616027832
0.5891236066818237
0.29578062891960144
-1.5324821472167969
1.448056936264038
0.855972945690155
0.858556866645813
2.9492344856262207
-4.009829998016357
0.9170176982879639
0.07967810332775116
-0.3576302230358124
-0.9276489615440369
1.358077049255371
-0.1735333651304245
2.418452501296997
-0.7381061911582947
2.348308801651001
-0.05421409010887146
-2.583453893661499
-3.0668416023254395
-0.2629851996898651
0.358663409948349
0.6816068887710571
1.1587624549865723
2.149674415588379
0.7944504022598267
1.7610642910003662
-3.014716863632202
1.1503247022628784
-2.134143829345703
-0.5544103980064392
0.4160008430480957
-2.7739765644073486
-0.17189432680606842
0.0772649496793747
-1.2353521585464478
-3.489657402038574
1.5852787494659424
-2.0241994857788086
2.430238962173462
0.9407867193222046
-0.6787330508232117
-1.073133945465088
0.7282484769821167
2.489274024963379
1.2736077308654785
-0.7476833462715149
2.3780267238616943
0.6532675623893738
-1.718083143234253
-1.8819843530654907
0.16282108426094055
1.0256859064102173
-3.7612404823303223
-0.2227744162082672
-0.9020760655403137
-1.328736424446106
-0.3954043388366699
-0.10684170573949814
1.1009948253631592
0.5472650527954102
0.14155206084251404
0.3505074679851532
-0.26857417821884155
0.5440858602523804
-2.206944704055786
-0.1226256787776947
0.7861296534538269
1.3648210763931274
-2.0948646068573
1.4522614479064941
-1.014453649520874
-0.14148546755313873
0.3040020167827606
-0.0021480158902704716
-1.3254914283752441
-0.006173861213028431
-0.3644285500049591
-0.2207566797733307
0.0401492603123188
-0.386868953704834
0.1681176871061325
2.191042184829712
-1.0680311918258667
-0.003308440325781703
-0.7607586979866028
-0.7816401720046997
0.5403563380241394
-0.04404286667704582
0.5552331209182739
-1.4738452434539795
1.2004334926605225
0.08970028162002563
2.3838322162628174
3.0555615425109863
1.8564975261688232
0.3555477559566498
0.007438647095113993
-0.3174564838409424
0.8431870341300964
-0.4455937445163727
0.005203953478485346
0.043966926634311676
-0.09673471003770828
0.8847439885139465
-1.825468897819519
0.08563822507858276
-2.760878324508667
0.08577881753444672
-0.16753560304641724
-0.10834890604019165
-3.5283679962158203
0.733769953250885
-1.8047977685928345
-1.5241343975067139
-0.4050578773021698
-1.858689785003662
-0.8018414378166199
1.6938292980194092
-2.7244129180908203
-0.022724024951457977
0.13152602314949036
-4.760964393615723
0.2711144983768463
1.1422826051712036
-2.752687931060791
-0.3631206154823303
3.7656683921813965
-3.8389227390289307
-2.466836929321289
4.468416213989258
-0.9100159406661987
-2.1133384704589844
4.704967021942139
-1.445182204246521
0.052157144993543625
-0.2707255482673645
2.970942974090576
2.8289053440093994
-2.170893907546997
-2.945488929748535
-3.2930028438568115
-0.20311778783798218
-1.5641452074050903
-0.6791427731513977
3.2613604068756104
-4.871885776519775
-1.417576789855957
3.545173406600952
-2.711923360824585
0.2918045222759247
0.961024820804596
2.6050562858581543
-0.04757017269730568
1.2461434602737427
1.9899852275848389
1.4885762929916382
1.4130340814590454
-0.08988998085260391
-2.3879706859588623
2.0219483375549316
-0.1603306084871292
0.37054914236068726
0.16760672628879547
0.032074980437755585
-2.67581844329834
0.6472870111465454
0.33722978830337524
-1.1033014059066772
-1.0915652513504028
-0.7111510634422302
1.8494149446487427
-1.42881178855896
0.32722002267837524
-1.5876742601394653
-0.3104393184185028
-1.0972025394439697
-1.329910397529602
-0.5047040581703186
-0.2213844507932663
-3.07035756111145
-0.5002779364585876
-1.2021743059158325
0.12365114688873291
1.3701528310775757
-1.0932140350341797
0.34151339530944824
-0.03603184223175049
-0.3697175681591034
0.5043255090713501
-0.1923230141401291
-0.4764381945133209
0.1964373141527176
-0.854258120059967
0.7391507029533386
-0.8564761281013489
1.7579338550567627
-0.6829069256782532
-0.03936739265918732
0.36336803436279297
-0.16469858586788177
-0.7546384930610657
0.3876732885837555
0.39218270778656006
-0.06299087405204773
-0.09972492605447769
-0.22356565296649933
-0.3046093285083771
-1.3062318563461304
-0.3820810616016388
-2.7425942420959473
1.0378745794296265
-0.8428239822387695
-1.9144090414047241
1.3818546533584595
-0.21314392983913422
0.3172887861728668
-0.507982611656189
-0.08922785520553589
-3.192464590072632
0.42424920201301575
-0.7100719213485718
2.667959690093994
-0.3711759150028229
-3.16884183883667
-1.7219750881195068
1.3956269025802612
4.196992874145508
-0.9048659205436707
-1.50462007522583
4.370711326599121
2.2073161602020264
3.060147285461426
-1.065300464630127
0.6345852613449097
-3.972672700881958
1.0959590673446655
-4.99813175201416
1.9202380180358887
-3.9954991340637207
-1.2587511539459229
3.4418909549713135
-3.7716097831726074
-0.29030054807662964
-0.05301960930228233
-2.517794370651245
2.2956998348236084
0.9853761792182922
1.8228869438171387
2.0108282566070557
-0.29591843485832214
1.2558841705322266
-1.687563419342041
-1.8071902990341187
0.41172146797180176
-4.480664253234863
0.5492545962333679
-0.2828465402126312
-1.6189732551574707
3.3474152088165283
-0.8079971671104431
3.1561508178710938
-0.3237619698047638
0.716113805770874
-2.8170487880706787
0.459127277135849
-0.8964793682098389
0.37994620203971863
0.6559543013572693
0.6487396359443665
-1.186764121055603
-1.3366937637329102
-0.9519776105880737
-0.6441731452941895
-1.5453917980194092
0.4415588676929474
-3.3594093322753906
1.8141051530838013
-0.6224745512008667
-2.3389031887054443
-0.9068798422813416
3.261902093887329
3.384859800338745
0.02934197522699833
0.06247728317975998
-2.8589882850646973
0.08755499124526978
-1.3145310878753662
-0.0049044289626181126
-1.9811052083969116
0.03923478350043297
-1.029833436012268
-0.21984437108039856
-3.2333438396453857
-0.04610247164964676
-0.023413056507706642
-0.7471445202827454
0.2904648780822754
-0.8517910838127136
-0.1383901983499527
-0.5931254029273987
-0.0029068547300994396
-2.6104135513305664
0.12701953947544098
-1.0271339416503906
-0.4743286073207855
-0.15700381994247437
-0.26753196120262146
0.48067015409469604
1.1754883527755737
-1.8741599321365356
-0.3315480947494507
-0.35029366612434387
-1.8702170848846436
0.03218122199177742
0.016080401837825775
0.36322975158691406
-0.7006235122680664
0.21638865768909454
0.44609561562538147
0.661785900592804
1.3172287940979004
-0.08778981864452362
-0.6311506628990173
-0.3552461564540863
-1.118545651435852
1.5616251230239868
0.05442838743329048
-0.10565876960754395
-0.6493690013885498
0.8279738426208496
-0.04657108336687088
1.893566370010376
3.469454526901245
-3.698526620864868
-0.09674857556819916
0.37769338488578796
-0.9942638874053955
0.6877504587173462
-0.6006856560707092
-0.2439763844013214
0.10712695121765137
0.3651374876499176
-0.48267436027526855
-2.3377180099487305
-0.041843947023153305
0.1609870344400406
-0.02370131015777588
-0.6350252628326416
0.010559143498539925
0.5629964470863342
-1.7202783823013306
0.6574193835258484
1.3294543027877808
-0.3340705931186676
1.341888427734375
3.006366014480591
0.6189554333686829
1.907216191291809
-1.3642339706420898
0.11312340199947357
-0.8972066640853882
3.4288079738616943
1.3003087043762207
0.2883044481277466
0.35518622398376465
-0.17457112669944763
-0.37806084752082825
1.020150065422058
-0.5951327085494995
-0.7146533131599426
-0.030127638950943947
-0.5476630330085754
-0.5973580479621887
-2.199345111846924
-1.2783161401748657
-1.1706935167312622
-3.046154260635376
0.6343836188316345
