2421.385986328125
3423.059326171875
2964.238037109375
2411.853759765625
2625.298828125
1720.3316650390625
2430.1826171875
3578.966552734375
2106.932861328125
2359.3642578125
4009.318115234375
2227.890625
2049.591796875
2165.8525390625
2392.355224609375
2022.892578125
1541.58203125
1782.189208984375
1818.2369384765625
2177.342041015625
2273.697265625
1689.7376708984375
2335.0751953125
2306.3232421875
2235.082763671875
2632.763916015625
2159.579345703125
2964.43798828125
2343.38916015625
2417.64794921875
1958.45458984375
2564.766357421875
