-1.3493610620498657
-2.9889042377471924
-0.34746846556663513
-0.3856859803199768
-0.9676067233085632
1.0170625448226929
0.36088693141937256
-2.6973917484283447
-2.81001353263855
0.008559856563806534
-2.293264389038086
-1.8245983123779297
-2.467391014099121
-0.16742435097694397
-2.5349068641662598
0.7850679755210876
1.8006914854049683
1.2614588737487793
-3.1055572032928467
0.27833953499794006
-2.7577219009399414
-2.0052573680877686
-1.9402539730072021
1.9468600749969482
-1.668091058731079
-2.2113523483276367
0.17919965088367462
-2.5876574516296387
-3.361149311065674
0.47474583983421326
-2.7287449836730957
-0.15642517805099487
-1.2148076295852661
-2.331864833831787
-0.90302574634552
-0.7044026255607605
-1.8671818971633911
-1.3449674844741821
-1.391896367073059
-3.306572914123535
1.3347887992858887
-3.0247204303741455
-0.4953549802303314
0.5587490200996399
2.109437942504883
-0.823658287525177
-1.849472165107727
1.295364260673523
2.3574726581573486
1.7057920694351196
-1.3607752323150635
-3.2665388584136963
-0.16269005835056305
1.0990015268325806
-2.0841991901397705
-3.3193235397338867
0.40252625942230225
-1.067458152770996
-3.0275280475616455
-2.1377193927764893
-0.034114960581064224
-2.449578046798706
-1.91367769241333
-2.9057860374450684
