0.002517830580472946
0.002396467374637723
0.002920685801655054
0.0015400656266137958
0.0015359383542090654
0.0029753604903817177
0.0019114249153062701
0.0017482951516285539
0.0027400695253163576
0.0019458330934867263
0.002348930574953556
0.003162924898788333
0.002724638907238841
0.0015771002508699894
0.0024657442700117826
0.002298461040481925
0.0019521701615303755
0.002639536280184984
0.0016888524405658245
0.002367677865549922
0.002016928046941757
0.00269117159768939
0.002903174376115203
0.002097381977364421
0.0021251034922897816
0.0018305655103176832
0.0019449470564723015
0.0029561647679656744
0.0024791909381747246
0.004071384202688932
0.0017277078004553914
0.0024902215227484703
0.002215634798631072
0.0019224791321903467
0.002315908670425415
0.00178583525121212
0.0020530326291918755
0.00196667923592031
0.00198035198263824
0.0027975477278232574
0.0021958379074931145
0.0026419865898787975
0.0018206973327323794
0.0024666457902640104
0.0019332895753905177
0.0029275917913764715
0.0029317839071154594
0.002608546754345298
0.003022589487954974
0.0019209182355552912
0.0019110697321593761
0.0019897036254405975
0.0023606610484421253
0.0031120863277465105
0.00238563003949821
0.0033066244795918465
0.0021013792138546705
0.002438489580526948
0.0022617275826632977
0.003719285363331437
0.0016036141896620393
0.0016398625448346138
0.002386330161243677
0.0024946844205260277
