-2.441518545150757
-1.5787092447280884
-1.9193097352981567
-2.2562131881713867
-1.4245270490646362
-0.6117386817932129
-1.365492343902588
-0.6017338633537292
-1.3179073333740234
-2.837336778640747
-0.557823121547699
-2.002084732055664
-1.3867106437683105
-0.7810296416282654
-1.788815975189209
-0.5514501929283142
-2.1242165565490723
-1.0422226190567017
-1.7414095401763916
-1.0852092504501343
-1.9408540725708008
-1.9810962677001953
-0.6576483845710754
-1.9549041986465454
-1.4141110181808472
-0.5019586086273193
-1.45854914188385
-1.0439738035202026
-2.375575304031372
-0.4515008330345154
-2.243499994277954
-1.6332759857177734
-2.1494369506835938
-0.604763388633728
-1.9196239709854126
-2.30332350730896
-0.06893409788608551
-1.2691256999969482
-0.33596572279930115
-1.2400354146957397
-1.262540340423584
-0.7805258631706238
-1.896894931793213
-1.6072847843170166
-2.376483917236328
-1.742686152458191
-0.6682296991348267
-1.9417681694030762
-0.7436882257461548
-2.0985360145568848
-2.3313920497894287
-1.042435646057129
-1.5272388458251953
-2.594964027404785
-1.8061250448226929
-2.8686399459838867
-1.3231381177902222
-1.616864562034607
-2.070627450942993
-1.6791812181472778
-2.330886125564575
-0.23888607323169708
-0.6785216331481934
-2.168003559112549
