24.210603713989258
23.553030014038086
10.269918441772461
9.890881538391113
18.00469398498535
10.137304306030273
10.63830852508545
12.655573844909668
48.068626403808594
23.28838348388672
13.57662296295166
9.19119930267334
9.51718807220459
14.215523719787598
4.647927284240723
13.525421142578125
11.33335018157959
17.241661071777344
25.40349769592285
12.158682823181152
19.264568328857422
8.77790641784668
16.18448257446289
13.55538272857666
9.714848518371582
5.30832576751709
11.726059913635254
9.62491512298584
4.573856353759766
11.616249084472656
16.867788314819336
8.89063835144043
