1605.154541015625
3254.418212890625
1666.693115234375
3296.53271484375
2245.3974609375
1144.4696044921875
1741.1357421875
1232.494140625
1467.7281494140625
2806.114013671875
1590.6441650390625
1571.73974609375
1594.7015380859375
1234.61328125
1096.3846435546875
1446.73876953125
1664.7509765625
1599.0650634765625
1106.2513427734375
1389.2967529296875
2431.402587890625
3251.589111328125
1431.1019287109375
1618.8145751953125
1259.408447265625
1401.024169921875
1281.560302734375
2456.26318359375
1517.796875
1240.289306640625
1916.9820556640625
1634.063720703125
1733.717041015625
1893.6827392578125
1698.4825439453125
1437.3756103515625
1686.3729248046875
2247.19970703125
2371.478515625
1125.9759521484375
2208.189697265625
1855.2518310546875
1775.3016357421875
4132.916015625
2327.699462890625
1820.111572265625
1897.61865234375
2284.66162109375
3069.13427734375
1473.9571533203125
1281.2138671875
1426.6329345703125
2073.412841796875
1547.328125
2833.83251953125
1477.9854736328125
2273.370361328125
1797.6591796875
1487.169677734375
1147.1114501953125
2498.668701171875
2554.80029296875
1639.142822265625
1577.2589111328125
