-0.597262978553772
-2.737902879714966
-1.8239176273345947
-1.1291429996490479
-0.014080082066357136
-0.1334177702665329
-1.3781052827835083
0.09031815081834793
-0.21532042324543
-1.1112781763076782
-2.3290963172912598
1.1991618871688843
0.22335335612297058
-2.3835813999176025
-2.235611915588379
0.3796437680721283
-2.607332706451416
-3.356201648712158
-1.4701216220855713
-1.2940398454666138
-4.595835208892822
-2.119337320327759
-1.6952264308929443
-1.2223438024520874
0.05340346321463585
-1.608664631843567
-0.16485202312469482
1.3065649271011353
-1.800219178199768
1.7345366477966309
-2.4013514518737793
-0.07601524144411087
