1.3722056150436401
-1.5854705572128296
-1.2458534240722656
3.3668313026428223
2.0841383934020996
1.0678696632385254
-0.38476336002349854
-0.8223937749862671
-2.327463150024414
-1.8153479099273682
-1.3577017784118652
-0.06248128414154053
2.900249481201172
-0.10569126904010773
-0.5914733409881592
-0.23535485565662384
0.4531853199005127
-1.6223747730255127
1.2324999570846558
1.5507599115371704
0.16505613923072815
0.004925112705677748
0.3934020698070526
-2.4434561729431152
3.4892771244049072
0.5285639762878418
-0.14291934669017792
-0.9993211030960083
0.48230284452438354
-3.171055316925049
-3.561856508255005
0.00730486074462533
-0.2878842055797577
-1.0397777557373047
0.6413997411727905
0.012372140772640705
0.03701701760292053
1.3189045190811157
4.007416725158691
-2.006869077682495
0.8078339695930481
0.1471455693244934
2.8793318271636963
1.0887655019760132
1.5397731065750122
1.2702974081039429
-1.7471791505813599
0.3362356722354889
-1.6226428747177124
0.32493141293525696
0.32741445302963257
-0.717253565788269
1.0380589962005615
-0.1555880755186081
-0.5029799342155457
-1.0773717164993286
1.1264351606369019
1.2303051948547363
0.26873064041137695
-0.07265546172857285
-0.3721499443054199
-1.3688684701919556
-0.20429080724716187
-1.0695159435272217
0.3104979395866394
1.33408784866333
2.42175030708313
0.25786644220352173
-0.460964560508728
0.30958664417266846
0.9972458481788635
2.105325937271118
-2.409735918045044
-1.8398813009262085
1.056365728378296
-1.2582192420959473
0.08950908482074738
1.1942453384399414
-3.488475799560547
0.5149258375167847
1.8239144086837769
1.2782782316207886
0.5263731479644775
2.3905670642852783
-0.4167366623878479
-0.18927699327468872
0.9711513519287109
1.8266654014587402
1.322316288948059
1.774550199508667
1.4291285276412964
0.3571512699127197
-1.423462152481079
0.27257680892944336
-2.5154688358306885
-0.7486482262611389
-2.1063835620880127
1.172286033630371
0.44662395119667053
-0.33013713359832764
-0.3485080301761627
0.0834503024816513
1.114930272102356
0.09929724037647247
0.2320100963115692
-1.0804060697555542
-0.1437760442495346
1.3164551258087158
0.8788038492202759
-1.4280130863189697
1.1531018018722534
1.1011985540390015
1.9924336671829224
-0.9531928896903992
0.16370725631713867
-0.0005952527280896902
0.02638092264533043
-0.06528646498918533
0.07726770639419556
1.0413638353347778
-0.026159724220633507
0.5895623564720154
0.43555450439453125
-1.682283639907837
0.8332810401916504
1.3869202136993408
1.3480072021484375
-2.2035131454467773
-1.4776188135147095
-0.6578056216239929
-1.7579456567764282
-1.2669333219528198
0.8873921632766724
0.22898335754871368
-2.353455066680908
2.182469129562378
2.4309003353118896
-0.1315140724182129
-4.627943992614746
0.03794798627495766
0.4896394908428192
-0.8353320956230164
-1.4185410737991333
-1.2979426383972168
-1.3809328079223633
0.9592092037200928
-2.811802625656128
3.591625690460205
-0.10656566172838211
-0.433691143989563
3.3247909545898438
-3.0504508018493652
0.6078495979309082
-0.4368731677532196
1.9894808530807495
-0.25451532006263733
0.10049526393413544
2.248683452606201
-0.9383536577224731
-3.64184832572937
-1.4314502477645874
-2.6118998527526855
0.730463981628418
0.03407372534275055
0.2951972186565399
0.14409062266349792
-1.425909161567688
0.07188231498003006
1.3678953647613525
0.2562441825866699
0.2423662543296814
-0.983410656452179
-1.4574917554855347
-3.0911951065063477
2.2108263969421387
1.9810562133789062
-0.7048972249031067
0.518269956111908
0.7481467127799988
-0.39903324842453003
0.031080184504389763
0.30157139897346497
-3.935896635055542
2.539581298828125
-0.12719446420669556
-0.17716583609580994
0.8544899821281433
-0.41482484340667725
0.02822255715727806
-1.4727215766906738
1.733917236328125
1.6065587997436523
1.990187644958496
-0.2417936474084854
2.0958635807037354
0.026211930438876152
-0.3770168721675873
0.07944812625646591
-0.15026375651359558
-0.46705853939056396
1.0788335800170898
0.2501940429210663
0.494872123003006
-2.8589084148406982
1.3092652559280396
0.21901625394821167
1.6943013668060303
1.1473625898361206
1.2675803899765015
-1.9476947784423828
-0.6186767816543579
0.36448872089385986
-1.2131000757217407
2.8634490966796875
-0.17652036249637604
2.789283037185669
3.989769697189331
0.682968020439148
-0.8109691739082336
-0.056849271059036255
-1.9635937213897705
1.1168677806854248
1.441571593284607
0.06242707744240761
-0.049089230597019196
-3.0363004207611084
-0.31506070494651794
2.426814079284668
3.2550220489501953
-0.3234804570674896
-0.5987527370452881
-2.2956738471984863
2.1152584552764893
0.18685322999954224
-3.356945037841797
-0.199595108628273
0.8499911427497864
2.23807954788208
-0.5031489729881287
-2.4480559825897217
1.8912897109985352
-2.084477424621582
-0.34856027364730835
-2.112743377685547
-2.380403995513916
3.6182303428649902
-2.1288676261901855
2.427598237991333
3.739262342453003
-0.15747329592704773
-2.4837729930877686
-0.2603057622909546
-0.19731546938419342
-1.3418000936508179
1.2331598997116089
-1.6230696439743042
0.9058740139007568
-0.708890974521637
-2.3279926776885986
2.3677258491516113
3.7642273902893066
3.687540292739868
2.866994857788086
-0.9514570236206055
0.7961229681968689
-3.4995808601379395
-1.4816547632217407
-0.24153392016887665
2.223611831665039
3.1543219089508057
1.0267763137817383
0.285727858543396
0.4908215403556824
-1.034002423286438
3.104318380355835
0.588153064250946
-0.32122179865837097
0.14407280087471008
2.135310411453247
-1.7555360794067383
0.028512634336948395
0.3131859600543976
1.4182075262069702
1.9448047876358032
1.529503345489502
0.10020063072443008
-1.905594825744629
1.0036031007766724
0.0485776849091053
1.5766445398330688
1.6011078357696533
0.28081536293029785
0.8487927317619324
1.4211814403533936
3.474666118621826
-2.2256546020507812
0.6536699533462524
-0.910593569278717
2.657133102416992
-0.0008967698668129742
0.059845540672540665
1.977180004119873
-0.3004036545753479
0.21774569153785706
-0.6105465888977051
-0.01564772054553032
0.7588315010070801
-1.2958649396896362
-0.1318029761314392
0.06942141056060791
-1.2619075775146484
0.5955857634544373
-0.7738040685653687
1.827539086341858
-0.015605581924319267
-0.47447293996810913
2.4317448139190674
-1.063124418258667
0.6019455790519714
-0.03899650275707245
-0.8315491080284119
0.1673109531402588
1.3191156387329102
0.23610417544841766
-2.331433057785034
-2.825291156768799
0.5407949090003967
1.853421688079834
2.1839494705200195
0.5608453750610352
2.113210439682007
-0.7748817205429077
0.9132998585700989
0.7536399960517883
-2.6893301010131836
0.3337477147579193
-0.10910776257514954
-0.8350725173950195
-1.9490115642547607
2.1567533016204834
-4.090201377868652
-0.34822192788124084
-0.4494018852710724
1.838977336883545
1.9433990716934204
2.023895740509033
3.4111294746398926
-0.2109018862247467
0.9985634684562683
-0.7955111861228943
-2.748889684677124
-2.0688834190368652
-0.5250310897827148
0.5676538348197937
0.29946476221084595
0.11958879232406616
-0.10542597621679306
-0.0880708396434784
0.2139187604188919
2.2397079467773438
-0.4065003991127014
0.42293739318847656
2.2753002643585205
2.51438307762146
-1.6290240287780762
-1.6680396795272827
1.5189768075942993
-0.5517988801002502
2.334834098815918
0.6676689982414246
-2.6194937229156494
-1.0225447416305542
1.2038131952285767
0.048317186534404755
-1.110895037651062
0.7286086678504944
-0.11622866243124008
-1.1103049516677856
0.6214677691459656
-0.7259253263473511
1.5527243614196777
-0.6582645177841187
-0.5742429494857788
1.5482964515686035
-1.254533052444458
-3.2672626972198486
-0.25619104504585266
-4.3041605949401855
3.640503168106079
0.4099893569946289
1.892683744430542
0.4515206813812256
1.6028882265090942
0.8600068092346191
-4.851988315582275
0.7178432941436768
1.6898105144500732
-1.3546088933944702
3.1125001907348633
-1.5661221742630005
-0.29353097081184387
3.0550649166107178
-1.11210036277771
4.427016735076904
0.6640017032623291
1.8772310018539429
0.5836837291717529
-1.6653343439102173
2.41389536857605
-2.681182384490967
1.6351995468139648
0.131489098072052
-1.734430193901062
0.5500279068946838
-0.9323142766952515
-3.836151123046875
-0.11960297077894211
-1.894193172454834
-0.9196794033050537
0.6336764693260193
0.29781946539878845
0.5400993824005127
-1.631274938583374
-0.7754029631614685
0.1864488124847412
-0.7982915639877319
-0.21723675727844238
1.2580233812332153
0.8423959612846375
-1.941412091255188
1.2204281091690063
0.9901614785194397
-1.6262409687042236
0.6567515730857849
-3.195643901824951
-1.3044393062591553
2.9459288120269775
-0.3519737124443054
-1.1231878995895386
-0.287677139043808
0.42996105551719666
-0.07165103405714035
0.37414276599884033
1.4057040214538574
0.16461442410945892
-1.1320971250534058
-1.9147478342056274
0.6401485800743103
1.1538705825805664
0.20343396067619324
-0.2564126253128052
-1.204407811164856
-0.11346830427646637
-0.14168952405452728
-0.16534729301929474
-0.09635137021541595
0.1351485252380371
1.3162477016448975
-0.25700071454048157
-2.0210468769073486
0.7138413190841675
-0.7157546877861023
0.2146642804145813
0.6399992108345032
0.5469151139259338
-0.5774376392364502
0.22114604711532593
0.29503142833709717
-0.49401310086250305
4.454723358154297
-0.22227343916893005
2.230552911758423
2.921430826187134
-1.2574042081832886
-0.46796914935112
2.1798479557037354
-3.623810291290283
0.2542133629322052
-2.418133497238159
0.7143049240112305
0.7461963891983032
-0.504345178604126
2.9863507747650146
3.101182699203491
3.9566171169281006
-1.6053674221038818
-1.1790555715560913
-3.6559410095214844
0.7775875926017761
-1.4103113412857056
-4.254307746887207
3.6190497875213623
-0.04766036197543144
0.8800890445709229
0.061483144760131836
0.04317261278629303
2.318164348602295
0.09278418123722076
-1.0159732103347778
-4.278010368347168
-0.7679281234741211
5.494264125823975
1.4883501529693604
2.8787131309509277
-1.1603089570999146
0.2415773719549179
-4.009726524353027
-2.0975844860076904
1.4358582496643066
-0.44042444229125977
0.34793996810913086
-1.399631381034851
0.18081699311733246
-1.943692684173584
-1.9380807876586914
0.9223354458808899
2.8562779426574707
2.387502670288086
0.6774726510047913
-0.713793933391571
0.1337112933397293
-0.3231469690799713
-0.8537055253982544
0.6133697032928467
1.2388787269592285
3.6578586101531982
0.6137065291404724
0.7131050229072571
-0.6739749312400818
-0.7518075108528137
1.055907130241394
0.32969218492507935
-0.607017993927002
-0.2834022641181946
-0.023476477712392807
0.4778691232204437
-1.8301068544387817
-1.6933656930923462
1.8041610717773438
3.249154806137085
-1.0801912546157837
0.04710280895233154
-2.459033489227295
-0.20226392149925232
-0.5349962115287781
0.08416485786437988
1.9306854009628296
1.6710939407348633
1.775148868560791
1.3552638292312622
0.15895827114582062
-0.4152357578277588
3.4377403259277344
-0.33727243542671204
2.297654151916504
-0.04895424470305443
-1.8229471445083618
2.631335735321045
0.38555192947387695
1.769668459892273
-2.432586669921875
0.9347773194313049
-0.0006369601469486952
0.12005883455276489
-0.2612428069114685
0.17580603063106537
-0.5613337159156799
0.17042012512683868
-0.18712830543518066
1.1438069343566895
-0.8053361177444458
-0.05225435644388199
1.161381721496582
-1.4776976108551025
0.08936519175767899
0.4919644296169281
-2.870910406112671
-1.3217871189117432
1.4694169759750366
-0.07141615450382233
-1.1387373208999634
-1.9672621488571167
1.8216938972473145
-1.7710025310516357
-2.422464609146118
-0.24030382931232452
2.2915127277374268
1.8776118755340576
0.021556813269853592
0.3524422347545624
-2.083456516265869
-0.43955153226852417
-0.290387898683548
1.4978923797607422
-1.1531881093978882
0.7531535029411316
-2.1146047115325928
-0.2407940924167633
-2.669327735900879
-0.5207257866859436
3.0691158771514893
-0.47450488805770874
3.585355281829834
-0.4668821096420288
0.44509199261665344
0.8285821080207825
-2.3614583015441895
-1.955103874206543
-1.3629626035690308
-1.9247076511383057
-1.1500523090362549
0.16976864635944366
0.3096621632575989
-0.1828036606311798
-0.5778163075447083
0.7046224474906921
-0.2820034921169281
-0.40750253200531006
0.5781006217002869
0.6857243180274963
-1.251698613166809
0.19198408722877502
-3.5244855880737305
-0.05029279366135597
1.9417537450790405
0.5987324118614197
-1.991150975227356
-0.837780237197876
0.20352067053318024
-0.1439570039510727
1.8807770013809204
-0.7991663217544556
1.6395113468170166
-0.9747888445854187
0.201104536652565
-0.637904942035675
1.103164553642273
1.3459819555282593
0.07596174627542496
1.753298282623291
-1.2344510555267334
-4.653021335601807
1.3291362524032593
-1.7355382442474365
0.9267817735671997
-0.01867075264453888
0.10501352697610855
1.7195979356765747
2.0280134677886963
3.198784351348877
-3.319335460662842
-1.0221511125564575
-1.9869247674942017
0.5716007351875305
0.4905255436897278
-1.1675165891647339
-2.2662343978881836
1.082384705543518
-0.8171968460083008
3.7425169944763184
0.16627858579158783
1.5227442979812622
1.2579765319824219
-0.021535664796829224
1.2105586528778076
-2.8924789428710938
-0.015867125242948532
2.1097095012664795
-1.8674277067184448
1.9512009620666504
0.32468292117118835
-3.4412946701049805
2.030256986618042
-1.8636528253555298
-0.2754055857658386
-0.301864355802536
0.021789425984025
0.20350506901741028
0.4271441400051117
0.525780200958252
-4.5859785079956055
0.3065575957298279
-0.0844329297542572
2.7784790992736816
0.5443550944328308
-0.9523487091064453
2.7194406986236572
-1.948225498199463
0.959256112575531
1.06800377368927
-0.5296961665153503
0.11543139815330505
0.43594813346862793
-0.272709459066391
-1.184156060218811
0.36685124039649963
-1.132434368133545
1.2799408435821533
-0.3824171721935272
0.27294638752937317
0.846156895160675
-0.8771895170211792
1.19532310962677
-1.7619268894195557
1.8936480283737183
-1.2742782831192017
-0.8930627107620239
-0.2703130543231964
-0.2923777997493744
-0.3385895788669586
0.5087504982948303
0.9996498823165894
-0.42764994502067566
0.8330203890800476
-0.5743821263313293
-1.962654948234558
-0.041885506361722946
-1.9021759033203125
0.0054321326315402985
0.2654676139354706
-0.8020272254943848
1.3205348253250122
2.2765750885009766
1.9657764434814453
-0.662248432636261
3.6047956943511963
0.05345640331506729
0.8846438527107239
-1.0005000829696655
-1.507525086402893
-0.34388452768325806
-2.1902174949645996
-1.7486679553985596
1.942434310913086
-1.5484319925308228
0.15517853200435638
1.4367783069610596
-1.6102341413497925
1.930659294128418
2.4570233821868896
2.5930988788604736
-0.7182948589324951
1.243543267250061
-3.4805281162261963
-1.062785029411316
1.6427901983261108
-2.692683696746826
1.9387506246566772
-0.8281698226928711
0.302186518907547
0.3396875560283661
-0.8752859234809875
2.254211902618408
2.2049012184143066
0.28120264410972595
-4.042724609375
-0.03957587108016014
3.867462396621704
0.2284831553697586
1.3498923778533936
-2.59552264213562
-0.10631201416254044
-3.0539019107818604
-3.235567569732666
1.4239320755004883
-0.4549737572669983
3.2510504722595215
0.29057183861732483
-1.702821135520935
-2.045482873916626
-2.988656520843506
1.2295963764190674
3.2678680419921875
2.6933467388153076
2.3947136402130127
1.3736746311187744
-4.421243190765381
-4.389965057373047
-0.5294823050498962
1.032394528388977
0.548349916934967
0.9997435808181763
1.7018769979476929
-3.1583969593048096
1.6799530982971191
-1.9642053842544556
3.867175817489624
1.9080150127410889
-1.0677549839019775
-0.0913660079240799
1.364294171333313
-1.6105403900146484
3.944481611251831
-1.413014531135559
-0.0326022244989872
-3.16312313079834
2.8786799907684326
1.732028603553772
-4.341610908508301
1.6831870079040527
-2.01784348487854
-2.5616893768310547
-0.6630111932754517
-2.131284713745117
1.4064189195632935
0.6369729042053223
5.026535511016846
1.0180997848510742
-2.8582041263580322
-1.5781443119049072
2.307194232940674
2.353398323059082
0.9082425236701965
0.43295350670814514
-0.04226861521601677
-1.1107319593429565
-0.7422755360603333
-1.3319916725158691
0.5782303810119629
-0.43098658323287964
-0.1145305186510086
-0.05827523395419121
0.4999089241027832
-2.0356452465057373
1.0773141384124756
1.4900109767913818
-0.5683808922767639
-1.1144490242004395
2.95751953125
0.2120189666748047
0.590989887714386
-0.4213484823703766
1.9363824129104614
-1.904062271118164
2.882826328277588
0.981400728225708
-1.115441918373108
-3.307077407836914
-1.3477065563201904
0.2913029193878174
0.6213282942771912
0.6098864674568176
2.1595377922058105
0.19564595818519592
-0.964392364025116
1.4204001426696777
-3.435257911682129
-0.8313536047935486
1.0999934673309326
3.669212579727173
-1.858950138092041
3.192896842956543
-2.4368929862976074
-0.23064899444580078
-0.06073203682899475
2.089153289794922
1.275617241859436
1.001434326171875
3.9528093338012695
2.118295669555664
-1.5373680591583252
1.3241037130355835
-2.1983695030212402
-2.293062448501587
0.011500434949994087
-0.07149455696344376
1.0732033252716064
-0.179490864276886
-0.08941610902547836
0.0998222827911377
-0.3454206585884094
0.4656851589679718
-0.07757788151502609
-0.07425161451101303
0.41103723645210266
1.077376127243042
-1.1712646484375
1.9387390613555908
0.7642108201980591
0.9653953313827515
2.6797285079956055
-0.31805986166000366
-0.4685736894607544
-1.4097639322280884
-0.013902312144637108
0.08370044827461243
1.1528183221817017
0.4537084698677063
-1.4024553298950195
-0.022912023589015007
0.1548585742712021
0.5004310607910156
-0.4265706241130829
-1.0312273502349854
3.076291561126709
-2.115994930267334
0.48059141635894775
1.0114892721176147
-0.4134800434112549
-2.9592695236206055
3.044201135635376
-0.01845099776983261
1.152713418006897
-0.43003758788108826
-0.3878770172595978
-0.35603705048561096
-3.829195261001587
-3.6176199913024902
2.287766456604004
-0.2893836796283722
1.8222219944000244
-2.160269260406494
-0.543890118598938
4.355841636657715
-1.0977983474731445
5.279550552368164
0.9540812373161316
4.460026264190674
4.093120098114014
2.7717580795288086
1.8833717107772827
-5.04252290725708
3.2868154048919678
-0.32741233706474304
-0.5427922010421753
3.473085641860962
-0.6081444621086121
-0.7372009754180908
-2.432164192199707
-0.027334041893482208
-2.566026210784912
0.5931157469749451
0.8810402154922485
0.5830196738243103
-2.406261682510376
-0.29820942878723145
0.5851489901542664
-0.028623683378100395
-1.016448736190796
-1.7754802703857422
-0.2267058938741684
-2.5549161434173584
-0.5126724243164062
3.2678163051605225
-2.73612642288208
-0.26983872056007385
-1.368958592414856
-0.14220267534255981
0.11631126701831818
-0.17909930646419525
-2.5388805866241455
3.0261077880859375
-0.38959088921546936
0.3669378459453583
-0.3201444745063782
-0.5925633907318115
-0.44530603289604187
-0.9033367037773132
-0.2183467298746109
1.0380595922470093
0.18666265904903412
4.743210315704346
1.7238922119140625
-0.43130695819854736
-0.7706111073493958
-0.034592531621456146
-0.6775808930397034
2.532188892364502
-1.3292251825332642
-0.6201707720756531
0.2975728213787079
0.24764826893806458
-1.3475587368011475
-0.41624322533607483
0.9274893403053284
-0.4475732445716858
1.4860291481018066
0.7487561106681824
0.5201686024665833
0.3179311454296112
1.0568506717681885
4.032358169555664
-2.351677179336548
3.2085907459259033
2.5420081615448
3.1588621139526367
0.23503237962722778
1.7549738883972168
-2.351484537124634
-0.14864839613437653
0.17272049188613892
0.8326804637908936
-2.5782296657562256
0.433917373418808
3.685029983520508
4.153652191162109
5.224803447723389
-4.8514485359191895
2.2151529788970947
1.7131983041763306
-1.0150426626205444
-4.5334391593933105
-3.6910006999969482
-1.1460880041122437
1.9701730012893677
0.5611225366592407
0.6396199464797974
-3.456942558288574
1.6805673837661743
-2.6686697006225586
-2.169109582901001
-4.871560096740723
-0.3937532603740692
5.564566612243652
-1.6279306411743164
0.6656669974327087
-1.0955926179885864
1.2717136144638062
-4.451816082000732
-2.607430934906006
0.7369943857192993
-0.6694510579109192
1.3389981985092163
-0.006516004912555218
-1.1089661121368408
-0.5862187147140503
-2.824355363845825
0.012019372545182705
4.894705295562744
3.4812867641448975
3.511659860610962
2.1505606174468994
-3.2961997985839844
-4.758765697479248
-1.0599697828292847
0.6886225342750549
1.9258739948272705
2.3026504516601562
1.2669216394424438
-3.447481393814087
0.8001988530158997
-2.453599691390991
3.307727098464966
0.4456634819507599
-1.125846028327942
-0.18383844196796417
3.167147159576416
-1.425962209701538
0.31367525458335876
-2.9703681468963623
1.0647045373916626
1.1916532516479492
4.024725914001465
2.331305980682373
-2.6114044189453125
2.3762669563293457
-0.7654708623886108
-1.5834211111068726
0.7488260269165039
-1.4764271974563599
3.1233577728271484
1.9724189043045044
4.722567081451416
1.4962458610534668
0.3888076841831207
-2.6005141735076904
2.1658987998962402
2.176955461502075
-1.0157434940338135
-0.1628069430589676
0.7937219738960266
-1.6957345008850098
-0.4940585792064667
-2.8159945011138916
-0.14424283802509308
-1.1463044881820679
-0.8025201559066772
-0.22067108750343323
0.9291754364967346
-0.49660754203796387
1.0412243604660034
1.8603019714355469
-1.3855202198028564
-2.7775986194610596
2.580324172973633
-0.772060215473175
-0.128391295671463
-0.24535726010799408
-0.7450695633888245
-1.3034037351608276
1.7473821640014648
1.6505961418151855
-4.127691745758057
-4.604392051696777
-2.9230422973632812
-1.2118655443191528
2.8336455821990967
3.4087328910827637
2.025648832321167
-0.6558117270469666
-1.376753330230713
-0.22342051565647125
-2.690046548843384
-1.2917894124984741
0.9808502793312073
2.876009225845337
-4.102723121643066
2.8960626125335693
-4.809600830078125
-1.4715129137039185
-1.3313307762145996
1.4929296970367432
1.958768367767334
0.42025211453437805
5.045140266418457
1.304671287536621
-0.1819724291563034
0.7286001443862915
-1.8645343780517578
-2.6166112422943115
0.004193018190562725
-1.4820977449417114
-2.9247138500213623
0.3684045374393463
-2.6053154468536377
-0.3502502739429474
1.871766448020935
-0.6480196714401245
0.4454714357852936
-0.12743136286735535
-0.17517954111099243
2.9787447452545166
-1.2673348188400269
0.9250701069831848
-0.6534364819526672
1.5113245248794556
1.1256660223007202
0.39756712317466736
-3.34110426902771
-1.1219996213912964
0.550074577331543
0.15322959423065186
-0.6893938183784485
1.3970340490341187
0.20411908626556396
-0.8678439855575562
0.9941094517707825
-2.0166027545928955
-0.5078372359275818
1.507182240486145
1.2475533485412598
-0.24030214548110962
-0.5231237411499023
-1.6860078573226929
1.279361605644226
-4.526001453399658
5.094753742218018
0.18646925687789917
1.4631870985031128
-0.44292810559272766
0.7040104866027832
-2.628528594970703
-5.222919940948486
-3.4375264644622803
3.783186674118042
1.6502805948257446
3.5323312282562256
-2.63799786567688
0.7335585951805115
3.8646368980407715
-1.317453384399414
5.217776298522949
1.7587509155273438
5.612544536590576
4.674179553985596
3.397298812866211
3.1316001415252686
-5.341125965118408
3.9181957244873047
1.8869667053222656
-1.0649895668029785
4.630848407745361
-0.038749925792217255
-0.6431568264961243
-1.3063580989837646
2.608520030975342
-2.024733543395996
-0.3481151759624481
0.5179818868637085
-0.06353428959846497
0.1576882004737854
0.41182512044906616
-1.6775028705596924
0.03853481262922287
1.4635618925094604
-2.0284926891326904
0.5236358642578125
-0.26565253734588623
2.3748879432678223
2.6005446910858154
-1.7660884857177734
0.3388496935367584
-2.5660598278045654
-1.3401706218719482
1.5006862878799438
-2.8460986614227295
-2.2292566299438477
-0.6631395220756531
-0.24985335767269135
0.26231783628463745
0.27704694867134094
-0.48659971356391907
0.45940133929252625
-3.725140333175659
0.0035487713757902384
-0.22226592898368835
1.1428524255752563
3.679107666015625
0.956942617893219
-2.188044548034668
-1.5053298473358154
-0.042896587401628494
-1.5172169208526611
3.330003499984741
-1.2515418529510498
0.40702834725379944
-0.1013326495885849
-0.6173079013824463
0.23150618374347687
0.18368658423423767
0.5565047860145569
-0.2332514226436615
0.34850066900253296
2.599885940551758
-2.003386974334717
1.7112735509872437
-1.3033664226531982
4.5707855224609375
0.14435504376888275
3.196326971054077
0.583817720413208
-0.2839696407318115
-1.254591464996338
2.6162915229797363
-0.8010314106941223
-0.2350287288427353
-1.5688655376434326
2.930103302001953
-1.1716490983963013
-0.6879780888557434
5.050073623657227
3.827971935272217
5.854201316833496
-5.1747260093688965
1.171527624130249
1.200642466545105
0.10072490572929382
-5.496294975280762
-5.059170722961426
0.9904884099960327
4.052250862121582
1.7196683883666992
-0.8957646489143372
-1.039082646369934
1.000174880027771
2.6327614784240723
-2.4867355823516846
-5.625107288360596
-0.18921254575252533
5.797790050506592
3.3998212814331055
1.8119425773620605
0.5082137584686279
0.22893227636814117
-2.9823741912841797
-2.7605514526367188
2.0140347480773926
-0.022875135764479637
0.6843916773796082
0.0010009704856202006
-0.5757738947868347
-0.7540795803070068
-3.398735523223877
0.0733800083398819
4.352858543395996
1.2513928413391113
1.4316712617874146
0.9193997979164124
-3.132909059524536
-3.751882553100586
-0.527978241443634
-2.0242362022399902
1.8137142658233643
3.087358236312866
2.2958414554595947
-3.2824792861938477
0.5934508442878723
-0.4549269378185272
0.8657381534576416
0.712455153465271
-0.9056723117828369
-0.0672837421298027
1.8050992488861084
-1.1902445554733276
-2.090000629425049
-2.895700216293335
2.5058059692382812
1.9758845567703247
-0.19491948187351227
2.701775074005127
-2.421903610229492
-0.6227833032608032
-2.356642961502075
-0.4748787581920624
0.6676767468452454
-0.05254638195037842
3.075576066970825
0.6679914593696594
2.893810272216797
0.3629527986049652
1.659549355506897
-0.05253671854734421
1.735692024230957
-0.8630870580673218
-2.036904811859131
0.5921487212181091
-1.1704981327056885
0.07351534813642502
0.20153599977493286
-0.73293137550354
0.06017855182290077
-0.4022037982940674
-0.16980083286762238
-0.08309876173734665
0.9751543402671814
0.3502436578273773
0.3436853885650635
1.0000847578048706
0.5537241101264954
-1.4572738409042358
1.905824899673462
-0.9621034264564514
-0.021620435640215874
-0.45356789231300354
-1.9789553880691528
-3.443274974822998
1.604224681854248
0.7177489399909973
-2.822345018386841
-3.5440707206726074
-0.38692113757133484
-2.6128125190734863
-2.0953946113586426
1.438254714012146
2.7025463581085205
1.4041757583618164
1.4965293407440186
-0.744178831577301
-2.2410852909088135
-1.693152904510498
-1.3265267610549927
1.7174341678619385
-3.231229782104492
0.48961302638053894
-5.023377418518066
-0.5147168636322021
-2.0091216564178467
-0.08373212814331055
2.6025712490081787
1.4751654863357544
5.084251880645752
2.092069387435913
1.9570753574371338
2.303253412246704
-2.228792905807495
-1.2991852760314941
-0.21885447204113007
-0.344695121049881
-1.0145752429962158
0.5142276287078857
-1.0507804155349731
-0.3499777615070343
0.9502491354942322
-0.44621342420578003
0.559559166431427
-0.26587384939193726
2.6200473308563232
-0.9653247594833374
0.06157836690545082
-1.8030133247375488
-2.467738628387451
-0.8313291668891907
0.39922064542770386
0.8702488541603088
-3.954684257507324
0.04041767865419388
-0.22501033544540405
0.02796541340649128
0.20780040323734283
-0.016199566423892975
0.8648244142532349
-0.8049746155738831
-0.12268491089344025
-2.379610061645508
2.264913558959961
0.07398629188537598
2.036876678466797
0.0888526514172554
-0.07456834614276886
2.1516079902648926
2.108983278274536
-3.7861826419830322
4.633804798126221
0.16233070194721222
0.5210873484611511
-1.097948670387268
-0.8216106295585632
1.3605307340621948
-4.214378833770752
-1.3663510084152222
2.5411324501037598
-0.9582687616348267
1.2302219867706299
-1.4284868240356445
-1.9199999570846558
2.4207072257995605
0.15427836775779724
3.772456169128418
0.6605361700057983
5.1668381690979
4.734736919403076
2.6610336303710938
2.443295955657959
-5.173802375793457
4.752485752105713
0.1578974425792694
0.4843502938747406
4.694376468658447
-1.65523362159729
-1.6216896772384644
2.923947811126709
-0.12222751975059509
-0.43283605575561523
-0.04176412150263786
0.11619596928358078
-0.15995138883590698
-0.8292734026908875
-1.7765909433364868
-5.038115978240967
-0.27881884574890137
1.1499040126800537
0.005259907804429531
-0.7971423864364624
0.201837956905365
3.937291383743286
1.3728595972061157
1.29045569896698
-0.2959860563278198
-1.9889920949935913
-0.1374053806066513
0.06420297920703888
-0.9211874008178711
-1.1746615171432495
0.3662681579589844
-1.1062016487121582
-1.1832361221313477
-0.9556021094322205
-0.5744823813438416
0.5697978734970093
-0.7283262014389038
4.374475955963135
-0.6690114140510559
-0.2696390748023987
3.5151102542877197
0.37069761753082275
-1.4426864385604858
-0.9747427105903625
-0.03573513403534889
-0.636710524559021
3.310854434967041
-0.05553734675049782
-0.5603691935539246
-1.18026602268219
-0.4752177298069
1.861003041267395
1.0288116931915283
0.3136647641658783
0.01448510680347681
0.1972140073776245
2.9274139404296875
2.718783140182495
2.0074918270111084
-2.9793643951416016
4.03278923034668
1.231449007987976
3.2802164554595947
-1.7843961715698242
0.5081591010093689
-0.8007250428199768
-1.8348047733306885
0.5975626111030579
0.1370454728603363
1.0752782821655273
2.3124680519104004
1.907301664352417
2.8555667400360107
4.409713268280029
3.3976340293884277
5.4293742179870605
-4.798151969909668
0.6975657939910889
-0.994792640209198
-0.8378365635871887
-5.2520318031311035
-4.807950973510742
1.2940669059753418
3.5613019466400146
1.7648793458938599
-0.3815961182117462
0.1969311386346817
-1.5196279287338257
-2.0303099155426025
-0.010358696803450584
-5.013559341430664
-0.7540568709373474
5.476908206939697
1.7321244478225708
0.3216337561607361
0.2788321077823639
-0.15075133740901947
-2.9334065914154053
-2.9246771335601807
-2.8868348598480225
0.9233790040016174
0.3246413767337799
1.632540225982666
-3.396449327468872
-2.917712450027466
-2.8853871822357178
1.0583057403564453
0.2452000230550766
0.2034543752670288
-3.292625665664673
1.6268184185028076
-2.9007408618927
-0.5386934876441956
-0.15070809423923492
0.2175969034433365
1.3754756450653076
1.9934786558151245
-0.6941686868667603
-3.331695318222046
0.5429708957672119
-0.394704133272171
3.559473991394043
-0.34215882420539856
0.19710871577262878
0.008172361180186272
0.6352912783622742
-0.4361429810523987
4.051929950714111
0.856694757938385
0.5295734405517578
-1.8913421630859375
2.30193829536438
1.8656742572784424
-4.336197376251221
2.5165858268737793
-0.6588463187217712
0.27235230803489685
0.3403289020061493
-2.2714576721191406
-1.2115554809570312
0.225429505109787
4.214174270629883
2.9214913845062256
-0.43173837661743164
-1.6163330078125
1.9818346500396729
2.254836320877075
0.41365349292755127
0.5817005634307861
0.7566254734992981
-2.886092185974121
-0.11447367817163467
2.076824426651001
-0.15698032081127167
-0.12671072781085968
-0.5633955597877502
0.29675114154815674
-0.014669831842184067
-0.21045570075511932
-0.33020904660224915
-0.599355936050415
-0.8066436648368835
-1.1329165697097778
-0.23506219685077667
-0.31349512934684753
0.058626290410757065
0.2775493562221527
2.8247616291046143
-0.5309921503067017
2.2647156715393066
2.0903375148773193
-0.4350512623786926
-0.7137993574142456
-0.6773579716682434
-1.3539183139801025
1.6191843748092651
-0.3594468832015991
1.455403447151184
1.576477289199829
-2.312265157699585
-0.7459246516227722
-2.8540842533111572
-2.5062978267669678
2.5977587699890137
1.374835729598999
-1.7023471593856812
0.6428858041763306
0.003918885253369808
-0.6727960109710693
-1.0329593420028687
1.0911495685577393
-0.6146488785743713
-0.44955188035964966
2.943449020385742
2.8221640586853027
-0.1145380511879921
1.4355573654174805
-2.5125420093536377
-2.7332684993743896
-0.9199454188346863
-0.13788524270057678
0.41603052616119385
0.5478100776672363
-0.20552128553390503
0.08738824725151062
-0.7064346075057983
-2.3386967182159424
-0.5851216912269592
0.010043936781585217
0.08743554353713989
0.19843855500221252
-0.2728782296180725
0.8366239070892334
-0.8130667209625244
0.10166382044553757
0.7448753714561462
-1.7656711339950562
0.6457322239875793
-1.1992230415344238
0.43201273679733276
0.25675296783447266
-0.40135657787323
-1.3639193773269653
-0.42168354988098145
1.3706750869750977
0.08321591466665268
0.7374235987663269
-2.7159130573272705
-0.49230384826660156
2.67938232421875
-0.777679443359375
-0.3752914071083069
-2.0692989826202393
-0.590545654296875
-0.5769084095954895
2.4879348278045654
-0.1569531410932541
0.361318975687027
-1.22172212600708
-0.19215606153011322
2.472895622253418
-1.9351588487625122
-3.6599936485290527
-0.07112359255552292
-1.1856919527053833
2.025547981262207
-1.096801996231079
-1.7086726427078247
-2.107022762298584
1.2931381464004517
2.903601884841919
1.0265798568725586
1.0597693920135498
1.6259726285934448
0.08789496123790741
-2.1631038188934326
-3.2510476112365723
1.5084787607192993
-2.5375943183898926
0.1014844998717308
4.548827648162842
-1.1886229515075684
-0.1310616433620453
-3.148827075958252
-2.414095878601074
-0.3013979494571686
0.22947202622890472
0.06728795915842056
-0.1547033190727234
1.7110260725021362
-0.18017666041851044
0.4600265622138977
1.1380420923233032
0.663149356842041
-3.356628894805908
-0.38129478693008423
-0.9057320952415466
-1.0493698120117188
1.8933018445968628
-2.661135196685791
0.5267810821533203
-1.186502456665039
-0.17888502776622772
-0.026559244841337204
-0.35612809658050537
-1.1363445520401
3.213502883911133
1.261325716972351
-0.5471693873405457
-0.09359041601419449
0.046258848160505295
-0.004733734298497438
-2.6126444339752197
-2.8331406116485596
-0.5767822861671448
-2.2779605388641357
-0.16053152084350586
0.18096236884593964
-1.2730662822723389
0.04299218952655792
-0.00900888629257679
-0.03251242637634277
0.8953496813774109
0.2185463160276413
3.5239927768707275
-0.4536163806915283
0.28355512022972107
-2.2627625465393066
-0.9939143061637878
0.6522579193115234
-0.09164642542600632
1.475502371788025
-3.5932962894439697
0.1508602648973465
2.2839155197143555
0.03162280470132828
2.997779130935669
-0.7505822777748108
-0.9303672313690186
2.8638925552368164
2.8674333095550537
-1.6224137544631958
-0.4760325253009796
-0.45221802592277527
-2.247626543045044
-1.6787655353546143
2.2626171112060547
-3.2923266887664795
-1.821882963180542
0.7692062258720398
3.2598354816436768
2.1637682914733887
-4.0677313804626465
0.8357835412025452
2.8025975227355957
0.16750110685825348
-0.7255492210388184
0.5141958594322205
-0.5002100467681885
-1.4454067945480347
-2.076251983642578
-0.15437883138656616
-3.4037060737609863
1.2316235303878784
-3.458159923553467
-2.8046059608459473
-4.884882926940918
0.23167413473129272
5.041703701019287
0.5196865200996399
-2.151606798171997
-1.2296524047851562
1.9445093870162964
-1.3825263977050781
-4.286238670349121
2.4080286026000977
-1.967281460762024
-0.5479738712310791
0.1982755810022354
-3.6718685626983643
-2.3746273517608643
-2.8704965114593506
0.9456557631492615
2.7338626384735107
0.7318212985992432
-1.9666529893875122
1.8097918033599854
0.29289358854293823
-1.2952672243118286
-0.5555495619773865
-2.8778836727142334
1.3748217821121216
1.0867156982421875
0.5227885246276855
-4.180294036865234
1.0580300092697144
1.4080934524536133
2.9776413440704346
0.527135968208313
0.4020579755306244
-0.4895540773868561
-0.12549516558647156
0.7506019473075867
-0.5596321821212769
-1.2368249893188477
1.6623547077178955
-1.6280843019485474
3.6763932704925537
2.1571691036224365
-3.014178514480591
1.8341130018234253
-0.8066420555114746
-2.0872409343719482
-0.37672847509384155
0.05357732996344566
0.09246742725372314
0.7331856489181519
2.5422399044036865
2.1360726356506348
2.361345052719116
-2.2450437545776367
1.9766677618026733
1.21575129032135
-2.404819965362549
-1.161657452583313
-0.9402496218681335
-3.527280807495117
0.9642385244369507
0.6531082987785339
-0.35201650857925415
-0.5240759253501892
-0.11590205132961273
-0.0750899463891983
0.2756898105144501
0.8696916699409485
-0.710170328617096
1.30272376537323
-0.382933109998703
-1.0746748447418213
2.1663293838500977
0.18443931639194489
0.2524373233318329
0.4767867922782898
2.4872055053710938
-1.6053630113601685
-0.4905306100845337
0.7067159414291382
-3.8497722148895264
-0.7235705852508545
-2.4628653526306152
-2.6018226146698
2.6543571949005127
2.4934329986572266
1.2896738052368164
2.03838849067688
-0.5518459677696228
-0.5503078699111938
-1.2856454849243164
-2.7750790119171143
2.2888169288635254
-0.10150589793920517
-4.255190372467041
1.733070969581604
-3.2620749473571777
-1.047813057899475
0.012186948210000992
-0.4655899405479431
-0.09411157667636871
-1.0864439010620117
4.093948841094971
1.5478154420852661
1.601829171180725
-0.13716384768486023
-1.041210651397705
-1.865454077720642
-1.1855705976486206
-1.0972919464111328
-2.754330635070801
0.6454794406890869
-0.2512061595916748
-0.08837825804948807
-0.790256917476654
-0.257947713136673
-0.701837956905365
-0.5192200541496277
0.20582015812397003
-0.6798544526100159
0.535782516002655
0.7032433748245239
-0.9584137797355652
-1.2373125553131104
-0.6317886710166931
0.6624822020530701
-0.5130077004432678
-0.8751909136772156
0.3854687511920929
0.038568515330553055
0.46087679266929626
-1.1175378561019897
1.4334704875946045
0.2991628348827362
0.3439237177371979
-0.3914773166179657
-1.1023681163787842
2.314030885696411
0.4323384463787079
-1.0062142610549927
-1.640916347503662
-3.974499225616455
2.181891441345215
-1.761135220527649
5.038623332977295
-0.3899064064025879
0.776907205581665
-2.913257122039795
-2.2823517322540283
0.8955347537994385
-5.127659797668457
-4.507975101470947
3.8271117210388184
1.639254093170166
2.9687583446502686
-0.11402703821659088
-3.283165216445923
-1.0774922370910645
1.1908130645751953
3.7422361373901367
2.6540911197662354
2.1375961303710938
2.1856932640075684
2.594506025314331
0.3462831377983093
-3.8035967350006104
3.6836509704589844
-2.5054826736450195
1.227927803993225
4.792252063751221
-2.2529170513153076
1.2329524755477905
-1.7315773963928223
-0.32145315408706665
-0.6479107737541199
-0.0757046490907669
0.2660883367061615
-0.14410507678985596
-0.13142400979995728
-0.7920803427696228
-0.8903939127922058
0.8905736804008484
0.48830294609069824
-2.4766430854797363
0.5951887369155884
0.3067084848880768
2.1434810161590576
2.252614974975586
0.7277202010154724
-0.599534809589386
-1.2478809356689453
-0.4572981297969818
-0.017917517572641373
-0.5131930708885193
-0.08990558236837387
0.34688130021095276
-0.13016650080680847
-0.4735640287399292
-0.07173532992601395
-0.5065729022026062
0.6131042242050171
-2.2638096809387207
3.316713809967041
-1.041225552558899
-0.9576008319854736
0.020403197035193443
1.0648479461669922
-0.6571834087371826
-0.3819960951805115
0.13375984132289886
-0.05278868228197098
2.741086721420288
0.8220168948173523
3.2155754566192627
-0.272739440202713
1.4726799726486206
-0.5388327240943909
-2.3183705806732178
0.24824772775173187
-0.6104744672775269
0.25136739015579224
-1.06173574924469
-0.7409329414367676
1.8686940670013428
-2.481332540512085
3.5729644298553467
2.816281795501709
2.3106448650360107
3.368574619293213
2.085650682449341
-0.34144213795661926
2.3060719966888428
-0.06645667552947998
-0.015461002476513386
-0.6301681399345398
2.9634695053100586
-2.985372543334961
-1.8751614093780518
4.122709274291992
4.022177219390869
4.041747093200684
-5.100096702575684
-0.459257572889328
1.8257194757461548
-0.4714355170726776
-3.6748058795928955
-2.837998628616333
-2.1251542568206787
0.35614827275276184
0.5209637880325317
-1.5309087038040161
-4.081705570220947
0.8370823860168457
-0.7918215394020081
-1.2923884391784668
-5.4317522048950195
-0.5455189347267151
5.426083564758301
3.164395809173584
-2.4992759227752686
-0.1679314374923706
2.287482738494873
-2.28444242477417
-3.5761637687683105
-0.03000619076192379
2.6203439235687256
-0.7837913632392883
1.8531192541122437
-1.7193045616149902
-2.9927639961242676
-2.421027898788452
2.2932140827178955
1.186672329902649
-0.031217772513628006
-3.400219202041626
-1.322454571723938
-0.4687140882015228
0.8337777256965637
-0.01369788683950901
-4.33009147644043
-2.1528565883636475
-1.2326065301895142
0.8235272765159607
-3.884587287902832
-0.025146955624222755
1.11544930934906
0.2774984538555145
-0.10169494897127151
0.15543657541275024
-0.41840696334838867
0.7312520146369934
0.4913517236709595
-1.478068470954895
-1.963204026222229
2.9933667182922363
0.27448055148124695
1.506278157234192
1.2311843633651733
-1.4423249959945679
2.0481302738189697
-2.3252363204956055
0.11636145412921906
0.43169283866882324
-0.15753741562366486
0.13748373091220856
-0.18037481606006622
3.0907363891601562
1.9891051054000854
3.292968273162842
-0.20179209113121033
2.8740341663360596
-2.9846413135528564
-3.3377201557159424
0.4414256811141968
0.3998780846595764
-3.23044490814209
0.10188046097755432
0.7172482013702393
-1.5062297582626343
-1.4938876628875732
-1.011630892753601
-0.19384540617465973
0.3274783492088318
2.1984164714813232
-1.199194073677063
-0.4289565682411194
-0.4897545874118805
-0.3328564465045929
2.9608523845672607
1.1128590106964111
0.6966369152069092
0.24627573788166046
0.6179518103599548
-0.7103886604309082
-0.8856309056282043
0.6632649898529053
-2.565129518508911
-0.059418629854917526
-0.02741904743015766
-3.008080005645752
-0.9995923638343811
0.6772620677947998
2.3168067932128906
1.0219508409500122
1.3541942834854126
-1.109548807144165
-1.4765959978103638
-3.3418445587158203
2.578383684158325
1.3875086307525635
-3.7924907207489014
-0.07915518432855606
-3.1904900074005127
0.08432764559984207
-0.548863410949707
-0.41233566403388977
0.10230977833271027
-0.06858225911855698
3.7747225761413574
1.8167351484298706
1.7846150398254395
1.6054431200027466
-1.117550253868103
-1.1150959730148315
-1.4863622188568115
-0.08871190994977951
-0.46083953976631165
0.3059113621711731
-0.6538011431694031
-0.054211027920246124
0.11167671531438828
-1.378138780593872
1.61542809009552
-0.8791946768760681
0.14143668115139008
0.9666946530342102
-0.5310749411582947
-0.11835960298776627
-0.15876470506191254
0.8312975764274597
0.04236309230327606
-0.3312310576438904
-2.91279673576355
0.5446727275848389
-0.5230548977851868
0.04772341251373291
0.4566285014152527
-1.308253288269043
0.3311653435230255
0.26809248328208923
-0.41019782423973083
-2.1908962726593018
-0.026625968515872955
1.1555184125900269
0.5388864278793335
-0.04627561569213867
-0.422956258058548
-1.4808887243270874
2.480550527572632
-1.8119522333145142
3.933284044265747
-0.11013221740722656
0.39775508642196655
-2.5448861122131348
-1.9927302598953247
1.6519311666488647
-4.598022937774658
-3.014096260070801
1.7394548654556274
0.9152422547340393
2.436232566833496
3.0641050338745117
-3.5361127853393555
-1.3357746601104736
0.18066957592964172
1.8777036666870117
1.8922154903411865
0.832957923412323
3.5507986545562744
1.3219208717346191
0.7799571752548218
-3.624521493911743
3.3942511081695557
-0.9192140698432922
2.3813068866729736
4.605128288269043
-0.8772189617156982
-0.028014911338686943
2.167335271835327
-2.908825159072876
-0.9181274175643921
0.6409969329833984
0.6163680553436279
-0.025383764877915382
-1.5900479555130005
-2.1153368949890137
-4.795389175415039
0.8941240906715393
-0.2693536579608917
-0.9778198599815369
-2.1980137825012207
-1.590506672859192
2.384718179702759
0.19563977420330048
1.9821711778640747
-0.20622901618480682
-1.041161298751831
-0.06635047495365143
0.6634963750839233
-0.03750954568386078
-2.4838852882385254
-0.9110490083694458
-1.1339197158813477
0.0573667511343956
-0.020828034728765488
0.06980579346418381
0.033713217824697495
-0.9941371083259583
3.1963741779327393
-0.017195338383316994
-0.554858386516571
0.0057516079396009445
-0.06604915112257004
-0.7770623564720154
-0.10049227625131607
-0.21631872653961182
0.07216931134462357
3.290905237197876
-0.5145193934440613
1.9368946552276611
-0.1346234679222107
0.42353498935699463
0.26770827174186707
0.4287116825580597
0.21067020297050476
-0.6573234796524048
1.1984847784042358
-0.25424444675445557
1.4330830574035645
2.4749391078948975
-2.853133201599121
2.8482322692871094
0.4037037789821625
1.6058708429336548
1.5191725492477417
2.322672128677368
-1.0167709589004517
-0.004404036328196526
-0.918708086013794
-1.9997012615203857
1.6455434560775757
3.07151460647583
-1.1939915418624878
0.6570101976394653
4.069644927978516
3.1507773399353027
4.270650863647461
-3.459333658218384
-1.261270523071289
0.7768243551254272
-2.2320985794067383
-4.242563247680664
-3.443431854248047
-1.8872029781341553
2.717306137084961
0.535717248916626
1.4041762351989746
-1.3474360704421997
1.2266327142715454
-1.3945181369781494
-0.9524834156036377
-4.541317462921143
-0.4741556644439697
4.538589000701904
1.3361459970474243
-1.3682692050933838
-2.221761465072632
1.5144271850585938
-2.5403544902801514
-3.5400941371917725
-2.5068795680999756
1.7652710676193237
-2.7467544078826904
0.11077072471380234
