-1.5265973806381226
-1.1961767673492432
-0.20826980471611023
-0.9377869367599487
-1.5257647037506104
-0.18448956310749054
-0.8481382727622986
-0.8920080661773682
-0.6003513336181641
2.025103807449341
0.38655927777290344
-0.9049758911132812
-0.9148878455162048
-1.3260780572891235
-2.088629961013794
-1.8526850938796997
-1.725127100944519
-1.7120484113693237
-1.2484053373336792
-0.8273828029632568
-1.8497031927108765
-1.9553874731063843
-1.1026076078414917
-1.2520439624786377
-1.3701972961425781
-1.644668459892273
-0.5506694912910461
-0.016462597995996475
-1.3383352756500244
-1.4749906063079834
-2.17917537689209
0.01978054642677307
-1.0528295040130615
-0.9986523985862732
-0.8423698544502258
-0.7191725373268127
-1.0460898876190186
-0.8998081088066101
0.8498178720474243
-0.6925278306007385
-1.859520673751831
-1.0218089818954468
-1.6605359315872192
-1.8206309080123901
-0.7090337872505188
-0.11557111144065857
-1.953573226928711
-1.7145614624023438
-1.5965632200241089
0.2649726867675781
-0.8492482304573059
-1.4786853790283203
0.8233796954154968
-1.0872257947921753
0.1425587236881256
-0.7777277231216431
-0.6377896666526794
-0.8709959983825684
-0.37856563925743103
-2.3508286476135254
-3.4157910346984863
0.5864486694335938
-1.04097318649292
-1.9639726877212524
