-1.3114027976989746
-1.3243489265441895
-0.9625206589698792
-1.3665090799331665
-2.2503371238708496
-1.8103505373001099
-1.0484763383865356
-0.5060135126113892
-2.01316499710083
-1.530717134475708
-0.9097508192062378
-1.8050665855407715
-0.7855163216590881
-2.1712911128997803
-0.4544040858745575
0.08861248940229416
-0.6156406998634338
-1.8620219230651855
-3.0746946334838867
-1.3770204782485962
-1.3852795362472534
-0.08379682898521423
0.8107859492301941
-0.6390470862388611
-0.6294970512390137
-0.3352541923522949
-0.6419626474380493
-0.9631458520889282
-2.3344709873199463
-1.9666659832000732
-0.5716027021408081
-1.3652691841125488
