1.3563950061798096
0.23549795150756836
-0.08516862243413925
0.388488233089447
0.8523977398872375
2.2740139961242676
-0.5225785970687866
0.6348633766174316
1.5872306823730469
-0.168622225522995
1.7557748556137085
-0.27003487944602966
-1.4874439239501953
-0.5469727516174316
0.41552338004112244
2.927874803543091
-2.693054676055908
0.19727273285388947
-2.2025890350341797
1.4218858480453491
0.16849170625209808
1.3389531373977661
-1.083812952041626
2.3761379718780518
-1.3458189964294434
-1.019619107246399
1.2639867067337036
-0.48488759994506836
3.388821840286255
-4.041747093200684
-0.6481538414955139
2.719022750854492
