1.6640995740890503
1.4538387060165405
1.5596476793289185
1.7757940292358398
1.297451138496399
0.7522652745246887
1.587783932685852
0.9411945939064026
1.1137994527816772
2.0473227500915527
0.7170804738998413
1.5804578065872192
1.5962109565734863
1.1243531703948975
1.7711713314056396
0.7068946957588196
1.624377727508545
1.2462674379348755
1.4388699531555176
0.9843642115592957
1.4806687831878662
1.718793272972107
0.7515221238136292
1.8227769136428833
1.630886197090149
0.7748894691467285
1.1891776323318481
1.1698452234268188
1.7719043493270874
0.968989908695221
1.7621047496795654
1.435797929763794
1.560558795928955
1.0615218877792358
1.6998547315597534
1.7192277908325195
0.34966444969177246
1.1736767292022705
0.6767183542251587
1.2141368389129639
1.7143529653549194
1.010740876197815
1.3774317502975464
1.3738224506378174
2.2017335891723633
1.2969341278076172
1.171876311302185
1.7415659427642822
0.9777737855911255
1.5549215078353882
1.599170207977295
1.1019141674041748
1.5186831951141357
2.046943426132202
1.7207750082015991
1.9960367679595947
1.1818898916244507
1.1590921878814697
1.4555901288986206
1.3612298965454102
1.5483278036117554
0.42032039165496826
1.0233478546142578
1.8110274076461792
