2860.26171875
1614.3292236328125
4077.051025390625
1854.4952392578125
2280.76806640625
1561.46044921875
1959.7027587890625
1647.1209716796875
2347.49755859375
1991.5592041015625
1509.692138671875
4969.142578125
2338.61572265625
1655.0997314453125
2137.464599609375
1746.675537109375
2431.683349609375
2799.609619140625
3808.19677734375
2680.22119140625
2535.026611328125
1821.9739990234375
2338.28125
2687.16943359375
2383.048583984375
2095.646484375
2288.88134765625
2626.143310546875
2256.445556640625
2135.630615234375
4808.51953125
3401.857421875
