2.096773624420166
2.391556739807129
1.356492042541504
1.6869399547576904
3.648294687271118
1.8784737586975098
2.13748836517334
2.068969249725342
5.3510422706604
3.6861488819122314
1.8163800239562988
2.415544271469116
1.6346486806869507
1.5418546199798584
0.23946456611156464
1.2259531021118164
1.3424150943756104
1.9472848176956177
1.7013100385665894
1.427193284034729
3.2791857719421387
0.7593251466751099
2.322953701019287
2.1599178314208984
0.9691826701164246
0.7793049812316895
1.3088117837905884
1.227319598197937
0.7334929704666138
1.4113328456878662
3.0000481605529785
1.2006802558898926
