1.744363784790039
1.256738543510437
0.42389219999313354
1.9763107299804688
0.4844011664390564
1.9767200946807861
0.3653396666049957
0.4506194591522217
0.4004727005958557
2.002319097518921
1.2439868450164795
1.1290104389190674
1.9897222518920898
1.871664047241211
1.8712666034698486
0.4628748297691345
1.0446317195892334
2.093888521194458
0.2749650180339813
1.5423381328582764
1.8979575634002686
0.8655067086219788
0.3057135045528412
2.454408645629883
1.7010835409164429
2.2136571407318115
1.8320329189300537
0.34915873408317566
1.988491415977478
0.5655233263969421
1.3483010530471802
-1.922333836555481
1.1852898597717285
1.7090884447097778
1.7375091314315796
0.29155001044273376
0.5355439782142639
1.4417592287063599
1.694645643234253
0.7291855216026306
0.3712855577468872
0.4524325132369995
1.8692628145217896
3.093113422393799
1.8143222332000732
0.8012771606445312
1.5173015594482422
0.6089866161346436
1.868848443031311
0.8343116641044617
1.4643330574035645
1.2267155647277832
2.227010726928711
1.4794787168502808
2.615581750869751
1.9943419694900513
1.5198572874069214
0.9913091063499451
0.42420971393585205
1.3307993412017822
1.836649775505066
1.8080540895462036
1.97562837600708
0.9369311332702637
