-57.033653259277344
-11.95148754119873
-30.95643424987793
-32.121829986572266
-105.54237365722656
70.66590118408203
58.9588737487793
-92.02664947509766
-25.103439331054688
123.82719421386719
-47.02280807495117
-33.89762878417969
-44.14215850830078
22.25333595275879
-64.64768981933594
-17.25631332397461
-11.19018840789795
43.65692901611328
21.15802001953125
42.68186950683594
-22.41730499267578
-5.876778602600098
-49.36667251586914
69.42119598388672
-109.59440612792969
-56.84038162231445
-34.82814025878906
-80.13748168945312
-26.02047348022461
11.08714771270752
41.47477722167969
136.29200744628906
-196.24571228027344
69.34036254882812
-38.316551208496094
7.8350958824157715
-71.74092864990234
-46.82950210571289
-84.24791717529297
-47.55241775512695
63.04400634765625
6.582353591918945
-1.2010440826416016
60.93843078613281
109.12152862548828
-17.24587059020996
5.460659027099609
74.31459045410156
38.35273361206055
78.86003875732422
-60.57668685913086
-137.08029174804688
-72.12974548339844
52.79404067993164
-39.80644226074219
-34.18529510498047
47.25152587890625
-57.03358459472656
24.08049774169922
-6.8165435791015625
-47.30186462402344
-73.14458465576172
-36.914764404296875
-49.59260940551758
