1.3563867807388306
0.2354966551065445
-0.08516857028007507
0.3884902596473694
0.8523896336555481
2.274021625518799
-0.5225793123245239
0.6348705291748047
1.587227702140808
-0.16862276196479797
1.7557721138000488
-0.27003058791160583
-1.4874426126480103
-0.5469784736633301
0.4155676066875458
2.9278738498687744
-2.69305419921875
0.19727028906345367
-2.202584743499756
1.4218769073486328
0.16849644482135773
1.3389347791671753
-1.0838069915771484
2.376145362854004
-1.3458192348480225
-1.0196192264556885
1.2639926671981812
-0.4849132299423218
3.388875722885132
-4.041740894317627
-0.6481505632400513
2.7190067768096924
