-3.2135255336761475
-2.794741630554199
-1.9649227857589722
-2.5736243724823
-0.48803040385246277
-3.2119975090026855
-0.9275551438331604
-2.6351308822631836
-2.858492851257324
-2.3418312072753906
-1.2445064783096313
-0.5043684840202332
-0.34814202785491943
-1.6401121616363525
-1.087236762046814
-1.9695802927017212
-2.333369255065918
-0.4025830030441284
-3.912713050842285
-2.017341136932373
-1.321012020111084
0.008722284808754921
-2.1039321422576904
-2.126728057861328
-1.5378810167312622
-1.8798538446426392
-2.5781283378601074
-3.1046743392944336
-0.7273024320602417
-0.6545609831809998
-2.429136276245117
-0.0006631182041019201
-2.239015817642212
-0.9766408205032349
-1.823907494544983
-2.7058489322662354
-2.3353869915008545
-3.608342409133911
-0.10699184238910675
-0.38715848326683044
-1.1285102367401123
-0.9699854850769043
-3.429400682449341
-0.4111393690109253
-3.5555756092071533
-0.014462988823652267
-0.6562721133232117
-0.7340052723884583
0.24667046964168549
-1.7423908710479736
-1.8270045518875122
-2.73032283782959
-1.7439818382263184
0.06028400734066963
-3.2425808906555176
-1.0691057443618774
-3.137563705444336
-0.484256386756897
-3.076920986175537
-2.372464895248413
-2.5709102153778076
-2.545650005340576
-0.042387962341308594
-2.156874895095825
