2.062788248062134
0.7798442840576172
0.9740825891494751
1.2287142276763916
1.480553388595581
0.793333888053894
1.787670373916626
1.92877995967865
1.0369738340377808
1.4558545351028442
1.1235157251358032
1.0966336727142334
1.34062922000885
0.9893724918365479
3.698643445968628
1.6448653936386108
0.9524223208427429
1.5940651893615723
1.5760340690612793
1.0063613653182983
1.580391764640808
1.502935767173767
0.9331945776939392
2.088071346282959
1.3206062316894531
0.9746811985969543
1.2296645641326904
0.6341094970703125
0.9258252382278442
1.5685855150222778
0.9276074171066284
1.5399457216262817
