3.3249316215515137
-0.2661110758781433
-1.1025137901306152
-0.06088876724243164
-1.730222463607788
1.0260615348815918
-1.2345178127288818
-0.4195943772792816
2.766789674758911
0.14498332142829895
-1.905545949935913
-2.741644859313965
1.0599607229232788
2.162513256072998
-1.6213113069534302
-0.34077781438827515
0.2437731772661209
-0.6941400766372681
-5.05136251449585
-4.457034587860107
1.9152354001998901
-0.6854324340820312
2.109523057937622
-2.433919906616211
0.40031078457832336
3.2776215076446533
1.5015995502471924
0.31713202595710754
2.8355071544647217
-1.1497918367385864
0.7545244097709656
0.36166912317276
-1.051098108291626
-0.007141237147152424
0.9302369952201843
0.9531632661819458
-1.8693956136703491
0.5488473176956177
-0.11619164794683456
-0.9141201376914978
-1.939337968826294
-0.5374849438667297
-1.577735424041748
-0.1955646127462387
-0.6128792762756348
-0.9622194766998291
-0.06726261973381042
-3.3920910358428955
1.578599452972412
3.315838098526001
1.8939589262008667
-0.2408459186553955
-2.6636757850646973
-0.1183842346072197
-1.1901304721832275
0.849916398525238
0.04657233506441116
-5.152336597442627
-3.480329751968384
0.9073123335838318
0.4084571897983551
-0.08057492971420288
1.5168777704238892
-0.9075602293014526
1.2780312299728394
-2.896824359893799
-1.6066184043884277
1.0268430709838867
0.05820576101541519
-3.611151695251465
-0.9627233743667603
-1.8845884799957275
-0.15319056808948517
-0.6856202483177185
-0.36436620354652405
1.4056669473648071
-0.6848966479301453
-0.2452058643102646
-1.1721930503845215
2.95255970954895
0.9370318055152893
2.0949246883392334
1.7057723999023438
1.9452215433120728
-3.05056095123291
-0.9717230796813965
-4.2672576904296875
1.6894522905349731
-0.2508271038532257
-0.6876581311225891
0.331564724445343
-0.427977979183197
0.012172220274806023
0.5164123773574829
-0.15848343074321747
-2.606513738632202
-0.8663777112960815
-3.8171470165252686
0.09445630013942719
-0.643695592880249
0.5416939854621887
0.5905486345291138
0.6654345393180847
0.17273157835006714
0.4893622100353241
0.24714484810829163
0.6896600723266602
0.6514624953269958
3.311267137527466
-2.1664865016937256
-1.4143940210342407
0.2289479523897171
-3.4092557430267334
0.2874051630496979
3.019253730773926
-0.9881439805030823
-2.141130208969116
0.8744708299636841
-1.0356254577636719
2.4805500507354736
2.8461334705352783
-1.4367313385009766
2.027275562286377
2.2313432693481445
0.8626226782798767
-1.5620150566101074
0.4523128867149353
-0.02414178103208542
-1.822635531425476
-0.5927250981330872
-4.682837963104248
-1.787937045097351
2.567488670349121
-0.03483057767152786
-0.2811192274093628
1.1484754085540771
-0.017692437395453453
3.3673925399780273
1.3856128454208374
-1.0032405853271484
-3.4519243240356445
-0.30469536781311035
-4.150808811187744
2.2623298168182373
-0.2960258722305298
-0.05278710648417473
-4.420191287994385
2.1549124717712402
2.1880717277526855
0.03827580064535141
4.15636682510376
-1.9596834182739258
-0.5255171656608582
0.5374763011932373
0.599656343460083
0.9451149702072144
3.8734092712402344
-1.9726433753967285
-0.5692092180252075
0.3523918092250824
-2.739755868911743
-3.4529380798339844
-2.5660502910614014
-1.9020296335220337
0.9401305317878723
1.7448467016220093
0.8725869059562683
0.5057955980300903
-0.815747082233429
4.882282257080078
3.510242462158203
-0.7751504182815552
0.8928715586662292
-2.219759225845337
-0.8905054330825806
-1.5430858135223389
0.26195186376571655
-0.36360424757003784
-0.7003792524337769
0.9586002230644226
0.3356333374977112
-2.9485726356506348
0.34615153074264526
3.4079549312591553
0.610929548740387
-1.0708409547805786
1.1839351654052734
4.621374607086182
-0.8256200551986694
0.16343876719474792
-2.9580397605895996
0.14006133377552032
0.02857106178998947
-0.21587680280208588
-1.0131925344467163
-0.29825282096862793
2.2209208011627197
-0.6351895928382874
-0.5269726514816284
0.09432180225849152
-4.559083938598633
0.3381052315235138
1.2955846786499023
2.7915642261505127
0.9120556712150574
0.4192541539669037
1.0696020126342773
-0.06004934757947922
0.4840580224990845
-0.6699091196060181
2.4051132202148438
2.6877622604370117
2.9439072608947754
-0.7023632526397705
-2.6364333629608154
0.41298913955688477
-2.6547555923461914
-1.340700626373291
1.3436527252197266
0.9331789016723633
0.33465561270713806
1.3586846590042114
0.13470257818698883
-2.211473226547241
-0.5556787848472595
1.709429144859314
0.126358300447464
-2.9508724212646484
-3.1177048683166504
0.26227712631225586
-0.2797657549381256
0.6673605442047119
-3.321359395980835
-1.966679334640503
-1.1624691486358643
-0.9907135367393494
1.716517448425293
1.1586414575576782
-2.128061532974243
-4.539114952087402
-0.6379228830337524
1.4278172254562378
0.3552875220775604
-3.4457180500030518
0.3834720253944397
1.1493169069290161
-0.9296575784683228
-2.223043441772461
-0.8478121161460876
-1.2116366624832153
-2.3222005367279053
-0.46105867624282837
0.3671681582927704
2.549640655517578
-2.309398651123047
2.0824389457702637
3.3848984241485596
-1.2713500261306763
2.067783832550049
0.6456564664840698
-1.7440577745437622
0.6248239874839783
-1.710891842842102
-1.576853632926941
0.03208906948566437
0.07830549776554108
-1.8807430267333984
-2.6545915603637695
1.0411092042922974
-0.36093616485595703
-0.22962132096290588
0.1435212641954422
-1.9362131357192993
4.062132358551025
-4.428792953491211
-4.790573596954346
0.6691415905952454
4.653313636779785
4.648416996002197
-1.8689699172973633
-1.2735975980758667
-0.1081201508641243
0.29606127738952637
-1.3138842582702637
-3.2428770065307617
-3.288543939590454
-0.8593958616256714
0.04359970614314079
-0.5027888417243958
-0.4269239604473114
0.23525547981262207
-1.7407104969024658
1.076870083808899
0.4698472023010254
-0.6398568153381348
0.5763023495674133
-3.0990233421325684
0.7181274890899658
0.6987242698669434
-0.4717811942100525
-2.1908953189849854
0.5812095403671265
-1.103885531425476
-1.9655722379684448
1.1102445125579834
-4.249760150909424
-2.290799379348755
0.3885331451892853
1.7213122844696045
-2.8252665996551514
-0.306551992893219
-0.3338524103164673
-1.0792970657348633
0.19383105635643005
2.41768479347229
-0.28376469016075134
-1.2818880081176758
0.18432556092739105
1.5259020328521729
0.9560909271240234
1.0411349534988403
0.012210470624268055
1.499364972114563
-0.6710088849067688
-1.381380319595337
-0.8111246228218079
-0.6909629702568054
-0.5424613356590271
0.1266815960407257
-0.3555397093296051
0.13806486129760742
1.5237466096878052
0.557945728302002
-2.909945249557495
-0.5725995898246765
2.4534409046173096
1.1412038803100586
-1.7904998064041138
0.4519086182117462
1.3594822883605957
0.2434554249048233
0.45065435767173767
-4.197546482086182
4.25291633605957
-1.3209214210510254
-0.8364168405532837
0.13298584520816803
0.3865372836589813
-2.7274398803710938
1.4329322576522827
-0.1999416947364807
-0.030157629400491714
-1.6431071758270264
4.6442718505859375
-0.919800877571106
-0.8193773031234741
0.1002066433429718
2.343865394592285
3.036375045776367
0.40965455770492554
-1.241241693496704
-0.3485190272331238
1.298849105834961
0.7363819479942322
-0.18669433891773224
-1.2118241786956787
1.5219097137451172
0.5382446050643921
-2.691856622695923
-1.2386112213134766
2.2810683250427246
0.5629785060882568
-1.1849666833877563
1.333682894706726
-1.2565703392028809
1.796615481376648
-0.9014304876327515
0.708122193813324
0.032939888536930084
-0.12554426491260529
-0.3920789361000061
-0.2844912111759186
-3.2924723625183105
0.10815133154392242
0.2945501506328583
-0.41966015100479126
-0.6356314420700073
-0.7076563239097595
-1.6985667943954468
-3.0295517444610596
-0.4622471332550049
-0.6133884787559509
-0.38841766119003296
-2.2109386920928955
-3.8073391914367676
1.713433861732483
-2.1940300464630127
-0.5872783064842224
-3.8012473583221436
0.09050745517015457
0.5376970171928406
1.9012203216552734
-5.166255474090576
2.7859575748443604
0.6175428628921509
2.5942819118499756
5.170799255371094
-2.5499753952026367
-2.215208053588867
0.8660101890563965
-0.7072787880897522
1.4524939060211182
1.6246482133865356
-0.0167093388736248
1.7289296388626099
0.5173155665397644
-0.1992342621088028
4.1264119148254395
-0.33194848895072937
-0.3303852379322052
0.8205169439315796
1.1102488040924072
0.7028487920761108
0.23628832399845123
-0.41302287578582764
-0.19824106991291046
0.8791364431381226
0.7067866325378418
-1.93880295753479
0.6369778513908386
0.40806421637535095
-0.8753747344017029
1.4620059728622437
0.39703238010406494
2.845557451248169
0.6442411541938782
-2.9779956340789795
-2.422661066055298
0.2711980938911438
4.482370853424072
0.07183762639760971
-2.0409436225891113
-3.8342015743255615
3.567197561264038
-0.3769746422767639
-2.249459981918335
-3.3071200847625732
-1.417625069618225
-0.28066912293434143
0.05900481715798378
-4.168125629425049
-2.5856008529663086
2.3423914909362793
-0.08681309968233109
1.8496354818344116
-0.9894505143165588
-1.499505877494812
0.7032430171966553
0.35738059878349304
1.5326143503189087
0.2517838776111603
-1.093241810798645
-0.5326441526412964
1.1965407133102417
0.011318936012685299
0.16506695747375488
-0.11938874423503876
-1.8779360055923462
3.7304906845092773
-0.694417417049408
-1.397611141204834
0.9935100674629211
2.3376681804656982
-0.2731427252292633
0.5163905620574951
-2.8095149993896484
1.4554805755615234
-0.32155176997184753
-3.059032917022705
2.34285306930542
-0.0679725706577301
-0.6333198547363281
-5.078586101531982
0.5056689977645874
-0.13570506870746613
-1.4056791067123413
0.21701271831989288
-0.2468392699956894
-0.40096762776374817
2.6458144187927246
1.937375545501709
0.9737805724143982
-1.1943751573562622
0.6074992418289185
-1.9378000497817993
-0.0736890509724617
-0.33234846591949463
1.8993866443634033
-0.1978781372308731
-2.316164970397949
-0.21288655698299408
2.268775463104248
-0.8259602785110474
-2.672710657119751
-1.7184820175170898
-2.132758617401123
0.20412157475948334
1.5467466115951538
1.1128630638122559
0.6039161086082458
1.0810997486114502
1.820982575416565
3.3807456493377686
-0.9029852151870728
0.12437666952610016
1.7092478275299072
-1.1509531736373901
1.9413093328475952
-1.9217660427093506
0.15682512521743774
-1.2705134153366089
0.20514392852783203
2.13093900680542
-0.8961462378501892
1.4116644859313965
1.3278179168701172
1.6777169704437256
0.14823287725448608
-0.8731037378311157
-0.21318672597408295
-2.235867738723755
0.7403683662414551
-2.57560396194458
5.079094886779785
3.501392126083374
-0.5403063297271729
-0.6618818044662476
-0.8232813477516174
0.8763774037361145
-2.506723165512085
-3.8768491744995117
-0.27296212315559387
-0.8760852813720703
-1.744071364402771
-0.3355781137943268
-0.1878650039434433
0.5307031869888306
0.5734115839004517
-0.14000561833381653
-0.256808340549469
-0.4093085527420044
0.0014486508443951607
0.17506054043769836
-0.16345517337322235
-1.8838499784469604
0.9042688012123108
1.6465661525726318
0.1842469722032547
-1.9289677143096924
0.3960437774658203
-0.9927939176559448
2.887134552001953
-1.953457236289978
-3.255997657775879
1.7416285276412964
-0.9982858300209045
0.7791778445243835
-0.04386744648218155
-0.14900419116020203
1.3984752893447876
0.36298197507858276
0.03772970288991928
-2.0472164154052734
-3.387763500213623
-1.7158440351486206
0.5599059462547302
-0.9874399900436401
-1.0147931575775146
0.5251163244247437
-1.6277124881744385
-1.0076264142990112
1.4286985397338867
-0.9511505365371704
-0.012788107618689537
-1.9004831314086914
0.1596960425376892
3.622633695602417
-2.841973304748535
-1.155437707901001
-2.0086686611175537
0.003667540615424514
-0.07916432619094849
2.033238172531128
0.9661620855331421
0.014810677617788315
0.24123327434062958
2.3986105918884277
-3.0453293323516846
-4.59880256652832
3.806830406188965
-0.2125614434480667
3.0168685913085938
0.041264135390520096
-0.716689944267273
-0.6530389785766602
-0.6607607007026672
-1.3512176275253296
2.978463888168335
-0.14982916414737701
-3.2126386165618896
1.5046730041503906
2.3386173248291016
-2.085543394088745
0.4554353654384613
0.8209941983222961
1.2673860788345337
0.6598983407020569
-3.6655638217926025
-0.12864670157432556
-0.31919798254966736
0.2920820415019989
1.6739503145217896
0.9105791449546814
-1.408249020576477
-3.156554937362671
-0.517525315284729
0.26702794432640076
2.150611162185669
1.7966105937957764
-1.3910117149353027
-1.0114946365356445
2.1096184253692627
0.6309967041015625
1.456125020980835
0.9453082084655762
0.1483011096715927
0.07799635082483292
1.974645733833313
-3.100313186645508
0.32874420285224915
-0.08513747155666351
0.8789939880371094
-0.7126635909080505
3.1504695415496826
-0.6664299964904785
-1.6751567125320435
-0.7990425229072571
-2.090888500213623
2.535787343978882
-0.4049675166606903
-0.608440637588501
4.4557294845581055
-0.1095917746424675
1.0908746719360352
2.865899085998535
-1.9887886047363281
-0.05517858639359474
-2.1383514404296875
-3.8575727939605713
3.4222571849823
-3.1342344284057617
-0.29618769884109497
5.073432445526123
-1.720324993133545
0.654110848903656
-1.126347303390503
-0.2954755127429962
2.0547964572906494
-1.3479273319244385
0.2470894455909729
3.7781927585601807
0.07991147041320801
1.2448318004608154
-5.311429023742676
1.8923383951187134
0.15760968625545502
-0.16812041401863098
0.09936996549367905
-1.8126964569091797
2.3316800594329834
2.2763311862945557
-3.9708669185638428
-0.5087407827377319
-0.15580543875694275
0.5536683797836304
4.029370307922363
0.35534363985061646
-2.70473051071167
0.15840283036231995
-0.02860221639275551
-0.26447543501853943
1.6866724491119385
0.7272887229919434
0.08514580130577087
-0.16373726725578308
4.232299327850342
-3.0402588844299316
1.870662808418274
0.5445765256881714
3.6152842044830322
-0.8675411343574524
0.8352733850479126
2.855463981628418
-1.9719539880752563
-0.7442787289619446
0.5740429759025574
-3.3124608993530273
-1.8115222454071045
1.8390450477600098
2.102727174758911
1.2333307266235352
-1.2272127866744995
2.1659610271453857
-3.232804298400879
-3.961069107055664
-1.795023798942566
-0.21804475784301758
-0.14569534361362457
0.5866711735725403
0.38419321179389954
0.3965042531490326
0.5889982581138611
-0.8041946291923523
-2.749624490737915
1.2661243677139282
-0.008193978108465672
-0.951593816280365
1.2258864641189575
3.645110607147217
-0.39336809515953064
-3.729344367980957
-4.809966564178467
-1.7558250427246094
-2.096693754196167
-3.65364146232605
-1.6839756965637207
0.22170484066009521
3.3848278522491455
-0.9774274826049805
-0.45845329761505127
-3.8582491874694824
-3.7623391151428223
0.8852383494377136
-0.4609108865261078
2.5603973865509033
0.012170765548944473
2.023832082748413
1.605239987373352
-0.1917295604944229
0.48216503858566284
-2.565619468688965
-2.3860650062561035
-0.8640610575675964
2.1893763542175293
1.6337592601776123
-3.280158281326294
-1.7607117891311646
3.3429057598114014
-0.37362200021743774
-1.0268806219100952
0.49550506472587585
-0.400509774684906
1.3845117092132568
-3.498405694961548
1.4543200731277466
-0.7848021984100342
1.7691179513931274
1.0666569471359253
0.16236171126365662
-1.610121726989746
1.6206374168395996
1.3123393058776855
-1.3386279344558716
-0.2971805930137634
-0.2624363601207733
2.7757937908172607
2.1354684829711914
-0.037250496447086334
-0.6137950420379639
-1.4537053108215332
-0.12571124732494354
1.7291531562805176
0.9791863560676575
-1.0136710405349731
4.431823253631592
0.41351234912872314
-0.709244966506958
-3.0825135707855225
2.5403859615325928
-5.152347564697266
-4.738499641418457
-2.0733370780944824
-0.3531244099140167
0.12975454330444336
2.1607840061187744
1.3311055898666382
-1.1330832242965698
5.116031646728516
3.1744749546051025
-3.106569766998291
-0.7468924522399902
-0.8756470084190369
0.0004507535486482084
0.022344473749399185
-0.6806973814964294
0.2278500348329544
0.07256829738616943
0.7040395736694336
-0.9157046675682068
0.09666331112384796
-0.3630703389644623
0.09496349096298218
0.3593824803829193
-2.034313201904297
1.2167787551879883
-3.547487735748291
-1.4136285781860352
0.027609586715698242
1.8204188346862793
-3.030057907104492
-1.3368332386016846
-0.43770840764045715
0.30219751596450806
2.320258617401123
-1.210313320159912
0.35849878191947937
-2.0153839588165283
0.4438157081604004
4.051024913787842
-4.77716588973999
-2.1481826305389404
-4.175361156463623
-0.7724718451499939
0.12959088385105133
-0.3911525011062622
0.0827941820025444
1.1179453134536743
-2.9617562294006348
-1.6309292316436768
2.043485403060913
1.058119773864746
-1.7825595140457153
-1.1813247203826904
2.308274030685425
0.35525909066200256
0.13036583364009857
0.8870472311973572
2.216496467590332
-5.283501625061035
1.4611488580703735
2.3939905166625977
2.0287325382232666
-2.828608751296997
1.1460610628128052
-0.0185258649289608
1.472349762916565
-1.3674397468566895
-1.9259905815124512
-0.37286892533302307
-0.512208878993988
-0.17308096587657928
-3.4908249378204346
1.199571132659912
-1.7325260639190674
1.66250479221344
-2.624797821044922
0.7887868285179138
-1.3479490280151367
2.3337290287017822
-1.7640823125839233
-4.411811351776123
-0.0018535701092332602
1.3001073598861694
0.014978143386542797
2.3803091049194336
0.5047095417976379
-0.4424489140510559
4.281979084014893
0.15924173593521118
-1.9433865547180176
-0.10693234950304031
2.113990545272827
-1.5255481004714966
-0.16937975585460663
-0.07003280520439148
-3.0304136276245117
-0.47154244780540466
-3.1990063190460205
3.22660493850708
-0.07642239332199097
0.6824281811714172
2.3496150970458984
1.6363903284072876
2.4195213317871094
2.792203903198242
0.45383018255233765
-0.09176730364561081
2.303295135498047
-0.5917786359786987
1.7367157936096191
-0.26402580738067627
-1.1508854627609253
-4.474315166473389
-1.7209982872009277
1.8248319625854492
-3.366814613342285
2.0216224193573
-2.0187692642211914
-3.226551055908203
-0.18932484090328217
-2.8636133670806885
-0.9728479385375977
4.152059078216553
0.21144865453243256
-0.9078038334846497
-1.879002332687378
4.509562015533447
-4.102212905883789
-2.799569845199585
0.3005352020263672
-1.0959666967391968
0.4582839608192444
2.7189509868621826
-1.6697837114334106
3.9875946044921875
0.8005779385566711
-3.3887338638305664
-2.8426411151885986
1.5484389066696167
-4.293332099914551
0.0001012100838124752
-1.6992719173431396
2.344849109649658
-0.21872733533382416
-1.7259443998336792
0.39200255274772644
0.5721760988235474
-1.3017886877059937
2.3467557430267334
-0.097224660217762
0.4385981261730194
-0.3319897949695587
-1.054704189300537
-0.06676584482192993
0.25791046023368835
1.4815653562545776
0.1989094465970993
0.8407407999038696
-0.5264379382133484
-0.11232788860797882
-1.9874200820922852
4.838188648223877
1.249315619468689
-3.3211331367492676
0.2096843272447586
1.8407119512557983
-0.5852819681167603
0.8438392877578735
-1.9749647378921509
0.6485161185264587
-0.07419503480195999
0.660625696182251
-2.129032850265503
0.23331962525844574
2.6797614097595215
0.2507137656211853
1.0751020908355713
-0.2795770764350891
-5.176053524017334
2.68302845954895
2.7200567722320557
3.7089505195617676
-1.1056697368621826
1.3807899951934814
1.2123003005981445
-1.5202568769454956
-2.4063823223114014
-0.3184845745563507
-1.2760452032089233
4.075071334838867
1.0655735731124878
0.5229456424713135
1.0735477209091187
0.42991116642951965
-4.163538455963135
0.4706762731075287
3.2400529384613037
2.067172050476074
0.6439111828804016
-0.9478587508201599
2.6441245079040527
-3.430720329284668
-2.7236971855163574
0.3347119390964508
-1.3023438453674316
-0.8283004760742188
-2.276778221130371
1.1287356615066528
1.4433808326721191
-0.2726847529411316
-4.9159932136535645
3.1130881309509277
2.469090461730957
-0.42663654685020447
0.06005111336708069
0.3541891574859619
-0.989428699016571
-5.583883762359619
1.7418239116668701
1.0439528226852417
1.402315378189087
-2.1212027072906494
0.8484342694282532
-0.7697688341140747
-3.7923877239227295
-0.439959853887558
-1.6541340351104736
-2.6634106636047363
-1.8419029712677002
1.9118763208389282
1.0765444040298462
1.8561632633209229
-3.3612258434295654
0.5022096037864685
1.1803064346313477
-0.31354638934135437
2.472399950027466
0.579167902469635
1.719083309173584
-1.9942389726638794
-0.2475057989358902
1.6857686042785645
-0.6610601544380188
0.4711950719356537
0.5155977010726929
-1.3335777521133423
-0.5142872333526611
0.03312629461288452
1.3397234678268433
-0.0825582891702652
4.9392828941345215
-1.001422643661499
3.5134775638580322
-4.812276840209961
-0.5326224565505981
-4.110357761383057
-5.366371154785156
-1.0851242542266846
-0.727530837059021
-5.263372421264648
-0.03534327819943428
-1.263754963874817
-0.1327119618654251
-1.701495885848999
2.626919984817505
-1.399776816368103
-0.3392431139945984
2.3555853366851807
-0.8991280198097229
-0.386690616607666
1.000131607055664
-0.42194420099258423
0.24588288366794586
-0.24503612518310547
-3.572880744934082
-0.13464845716953278
2.5608651638031006
0.12289770692586899
-1.2393792867660522
-0.004357757978141308
-0.22149983048439026
-1.4717391729354858
-1.1270254850387573
2.214332103729248
-5.242971897125244
1.8408236503601074
4.606350898742676
0.24997776746749878
1.134127140045166
0.19145354628562927
-3.7921833992004395
3.911987066268921
4.933873176574707
2.1189818382263184
-5.4574432373046875
2.6668219566345215
2.6832492351531982
-0.6140057444572449
0.3750810921192169
-2.489142656326294
0.7482507228851318
-0.13211733102798462
-1.5169237852096558
-2.9520912170410156
-0.8220351338386536
2.967012643814087
1.1473491191864014
0.5132210850715637
0.3109772801399231
1.7689391374588013
-0.7530347108840942
0.07115938514471054
-0.5830770134925842
-0.08559565246105194
-5.163211345672607
-0.39013734459877014
-0.3379898965358734
0.22822506725788116
-0.014628664590418339
0.961042046546936
-0.03940150886774063
2.61049747467041
-2.976857900619507
1.5371369123458862
2.19179368019104
0.0763014629483223
-0.31688717007637024
-0.23816345632076263
-0.5851819515228271
-0.311262309551239
2.7527406215667725
-0.12694764137268066
2.5188252925872803
-2.535215377807617
0.3483256697654724
-0.8398342728614807
-4.814581871032715
0.7494713664054871
0.1096772626042366
-5.454276084899902
-0.33611634373664856
0.06599593907594681
-0.8534300923347473
-4.374810218811035
-0.8567934632301331
-0.7387227416038513
2.299140453338623
-0.04761029779911041
-2.3555593490600586
-0.5364091396331787
1.3070919513702393
1.4889546632766724
1.821547269821167
-3.6781203746795654
-2.0634706020355225
0.9072882533073425
-0.7818500995635986
-0.35835468769073486
-0.985812783241272
-0.020221345126628876
-0.06743130087852478
0.35296836495399475
1.5310924053192139
-3.2407445907592773
3.3927643299102783
0.9770065546035767
-0.984291672706604
-5.033214092254639
-4.6255998611450195
-1.9628069400787354
0.33413854241371155
-0.5661872029304504
-3.546661853790283
0.7188189625740051
3.7687511444091797
0.011607678607106209
-5.202279567718506
-1.7296591997146606
4.214420795440674
1.1760573387145996
0.34616005420684814
-1.2286289930343628
0.40029993653297424
-3.278968334197998
-0.4256487786769867
-0.12216805666685104
-0.12338707596063614
-4.087411403656006
-1.4646704196929932
-1.1015775203704834
2.718613624572754
-3.272357940673828
-1.3952702283859253
0.4170594811439514
0.5660540461540222
-0.23714859783649445
4.487532615661621
-0.4760701358318329
-1.942334771156311
0.22282356023788452
-2.222323417663574
0.4901193380355835
1.2445979118347168
-5.465861797332764
-3.0088682174682617
0.5743950605392456
1.8562065362930298
-5.907950401306152
-3.966341972351074
-0.4018624424934387
-0.3682563900947571
-3.404280424118042
0.9963698387145996
-1.5770536661148071
-0.5253541469573975
-3.9718270301818848
-0.8008712530136108
4.360454559326172
0.08714178204536438
-0.05030259117484093
-3.44651198387146
-2.611311674118042
1.8506778478622437
-0.10101868212223053
-4.962141990661621
-0.29109257459640503
2.0875003337860107
-0.05764799192547798
-1.9504655599594116
0.3155684769153595
-0.7915576696395874
-3.1631522178649902
-0.9084864258766174
-0.3014819324016571
0.9944281578063965
-2.7574214935302734
-0.34539735317230225
2.282050848007202
-0.36653193831443787
0.2037373036146164
-0.31128400564193726
-0.31329846382141113
-2.313772678375244
1.5528241395950317
-2.875633478164673
1.9753646850585938
-0.5204470157623291
2.8381195068359375
0.637847900390625
-0.7003414034843445
2.633319854736328
-1.535671353340149
2.405766725540161
-3.038057327270508
-1.076574444770813
2.051945447921753
0.6600362658500671
-1.2994153499603271
-2.634472370147705
0.9577590823173523
-5.361469745635986
1.5460028648376465
-4.089858531951904
0.10587995499372482
-0.20432180166244507
-0.38671302795410156
1.5089844465255737
1.1044642925262451
2.9857547283172607
0.8175358772277832
-4.54473352432251
0.9998919367790222
-0.9356064796447754
-3.624640703201294
1.5669987201690674
-1.8834816217422485
0.07888609915971756
0.6489086151123047
1.0557953119277954
-0.5595179200172424
-3.711008071899414
0.15109862387180328
-1.1465004682540894
-1.6912057399749756
0.2865685820579529
2.161864995956421
1.6314762830734253
-0.24650591611862183
0.12535417079925537
0.9072978496551514
-0.40768003463745117
-0.13708549737930298
-1.1538598537445068
-0.01725097745656967
2.603294849395752
-0.8657955527305603
-0.9902862906455994
1.7907264232635498
-1.622877836227417
-1.8582701683044434
2.848655939102173
0.9992549419403076
-1.0953460931777954
-1.6445523500442505
2.792707681655884
0.07010474056005478
3.4199776649475098
3.406299591064453
4.023890018463135
-3.5569748878479004
-1.2021697759628296
0.028931953012943268
-3.5610036849975586
-0.733546257019043
0.009413868188858032
-0.15862779319286346
2.791431188583374
-1.480912208557129
1.6674352884292603
-5.627492904663086
0.40683943033218384
1.3887739181518555
-0.2716539800167084
-0.15872998535633087
-0.813318133354187
-1.2637948989868164
-0.37335166335105896
0.29811355471611023
0.501356840133667
-0.6100495457649231
1.0201219320297241
-0.5168576836585999
-0.14796912670135498
0.9370012879371643
1.2395544052124023
0.3689430356025696
-0.7716677784919739
-0.3023894131183624
2.3271241188049316
-4.856621265411377
0.07797074317932129
-2.6642048358917236
-1.9070638418197632
-4.995718479156494
-3.6792376041412354
0.6788074374198914
3.3638031482696533
-4.891084671020508
-1.6265966892242432
-1.2331411838531494
-0.3411538898944855
0.8051064014434814
-0.28449347615242004
-2.351087808609009
-0.10658425837755203
1.3728723526000977
-0.4641546607017517
0.29531198740005493
0.8750059604644775
0.14978589117527008
-0.001194382319226861
1.058813214302063
-3.0774474143981934
-0.5218662023544312
2.288621664047241
1.3874891996383667
-0.16011062264442444
-2.4872872829437256
1.968882441520691
-0.28884515166282654
-5.265389442443848
-1.006632685661316
-1.600265383720398
0.17288632690906525
2.3689775466918945
-1.1725444793701172
-0.5159538388252258
2.5563015937805176
1.6337814331054688
0.1739751547574997
0.42935898900032043
0.5597314834594727
1.2766507863998413
2.582968235015869
-1.71306312084198
0.725497841835022
0.25428739190101624
1.8093708753585815
3.5293097496032715
1.0639673471450806
-0.909919261932373
-0.16345475614070892
-2.9183924198150635
-0.016699690371751785
0.16842371225357056
-0.14395883679389954
0.32848119735717773
-0.4198562502861023
1.9952577352523804
-1.8417361974716187
-0.1509673148393631
1.2011295557022095
1.1096910238265991
1.0678672790527344
-1.641507863998413
2.108647584915161
0.054140761494636536
0.2638711631298065
1.5489063262939453
-2.8563196659088135
-0.022849930450320244
-1.0894519090652466
-0.669173002243042
-1.31862211227417
-0.5541378259658813
0.017089782282710075
-0.9199250340461731
0.8880278468132019
-0.31277284026145935
1.3816249370574951
0.26059046387672424
2.3919897079467773
2.9592843055725098
-3.9938101768493652
-2.9033875465393066
-0.4194556176662445
-0.32998812198638916
2.4717185497283936
0.910682201385498
4.748012542724609
-2.3185527324676514
-1.5422481298446655
-0.6673079133033752
-1.3503504991531372
3.8819773197174072
-0.1946692019701004
2.2969436645507812
3.9806087017059326
-3.6563713550567627
-4.101363658905029
-0.9153556823730469
-0.051748041063547134
0.20926201343536377
-0.9047418236732483
-0.5329810976982117
0.3540618419647217
2.714850425720215
-2.0381674766540527
1.653725266456604
1.2866325378417969
-3.738382577896118
1.11403489112854
2.0827858448028564
1.9550541639328003
0.5195696353912354
2.641855001449585
0.4577728509902954
1.0314258337020874
-0.41544845700263977
3.054461717605591
4.168360233306885
0.5548923015594482
1.1498708724975586
1.144157886505127
-0.3522869944572449
0.2706565260887146
-1.9482442140579224
2.032430648803711
-3.929945230484009
0.4830109775066376
1.549073576927185
0.00651260931044817
0.7316440343856812
2.3516151905059814
-3.918487548828125
1.9258782863616943
0.7554312348365784
-0.49155157804489136
-1.7140400409698486
-2.2748076915740967
1.171946406364441
1.1707278490066528
2.2298293113708496
-1.0673394203186035
1.0123178958892822
-1.1063016653060913
-0.4627315402030945
-1.3211151361465454
-0.9514432549476624
-0.3006855547428131
2.1105470657348633
-1.1802647113800049
-4.230517864227295
0.0036939645651727915
0.0828079804778099
-0.1916821449995041
-1.819746494293213
-1.1220811605453491
-0.18632781505584717
-0.6015876531600952
-0.9428292512893677
-0.015541971661150455
-1.057313084602356
3.749582529067993
-0.19446973502635956
-0.7422586679458618
3.4845926761627197
-0.8547263145446777
-2.9254777431488037
-4.7002272605896
0.12016255408525467
1.7872581481933594
-2.192379951477051
-3.331083059310913
-0.4392845928668976
-1.7965010404586792
0.45406726002693176
-2.193502187728882
-5.115899562835693
-4.64145565032959
-1.5057363510131836
0.5282241106033325
2.5071017742156982
-2.335141181945801
-0.002570650540292263
1.4458106756210327
1.0207295417785645
0.3050473630428314
-2.5276284217834473
-5.245787143707275
0.8710576295852661
-1.6651629209518433
1.4455558061599731
-2.5710320472717285
-1.3256220817565918
2.544511556625366
-3.105006456375122
1.449471354484558
1.9311505556106567
0.713551938533783
1.5738294124603271
-3.7099928855895996
2.059873342514038
-0.9203598499298096
1.1177886724472046
0.7028043866157532
-2.827881097793579
-0.15998734533786774
0.7805671095848083
0.21599362790584564
-0.904116153717041
2.52407169342041
4.49793815612793
2.76526141166687
0.4157368242740631
0.5682042241096497
-1.1414821147918701
2.351714849472046
2.020768642425537
0.3167650103569031
0.29208067059516907
1.9378798007965088
0.5220533013343811
1.7483142614364624
1.5498865842819214
0.1622607260942459
-0.7096983194351196
0.08889131247997284
0.4871576726436615
1.391271948814392
-1.0777026414871216
-1.9665919542312622
-0.43935754895210266
1.0824317932128906
-1.5082437992095947
0.18142779171466827
-1.0742868185043335
-2.819270610809326
0.41793787479400635
-0.5164973735809326
-0.5056263208389282
-2.9774575233459473
2.6487228870391846
-0.21205729246139526
-0.9609913229942322
0.5604211688041687
-1.8685110807418823
0.3968959450721741
-1.5829523801803589
-0.02289421297609806
1.8798919916152954
0.38169583678245544
-0.936754047870636
-3.9238133430480957
-0.883979856967926
-5.657720565795898
-0.04447184130549431
-4.020322322845459
-0.7226241827011108
0.0766674131155014
0.08756449818611145
0.5352630615234375
-0.5899662375450134
1.0621719360351562
0.8946268558502197
-2.201223850250244
3.323514223098755
-3.7803955078125
-2.80708384513855
-4.561464786529541
-3.5381953716278076
0.985413134098053
-0.8038328886032104
-0.8073322176933289
1.2071539163589478
0.734008252620697
0.00711853476241231
4.086946964263916
1.1267131567001343
-1.3484714031219482
-1.5577198266983032
-1.007354497909546
1.0173828601837158
-1.1684119701385498
-0.2491830289363861
0.8597238063812256
-5.45660400390625
0.15788534283638
0.38394594192504883
1.974165916442871
-1.240774154663086
-0.18344685435295105
2.490361213684082
1.6278274059295654
-0.3042280972003937
0.4815486669540405
-0.5832509994506836
1.0675857067108154
-0.6428868174552917
-1.0886809825897217
1.9283274412155151
-0.3041498064994812
-0.31066393852233887
1.4061256647109985
1.7203459739685059
-0.18671125173568726
-0.37639427185058594
2.225863218307495
-0.13541407883167267
0.9561178684234619
0.00967897567898035
-1.518900990486145
0.18235771358013153
-0.5315107107162476
-0.4902198910713196
1.1980873346328735
-0.6978215575218201
-1.0672812461853027
3.2349276542663574
0.5964454412460327
-2.1364593505859375
-1.0234663486480713
0.6227812170982361
-3.5693304538726807
-0.4503115713596344
-3.823399305343628
1.318190097808838
0.5419524312019348
0.7921441197395325
2.472527265548706
0.47726961970329285
4.458713531494141
2.4233458042144775
-2.362574338912964
-0.04183308780193329
3.5305049419403076
-1.6357232332229614
-0.028704600408673286
-0.05003634840250015
2.9123222827911377
1.2921472787857056
-1.1768765449523926
1.4830442667007446
-0.6033382415771484
-0.13426323235034943
-1.3579498529434204
0.3059578835964203
-4.375879764556885
-0.6653253436088562
2.16226863861084
-0.26782384514808655
0.9888488054275513
0.24090822041034698
0.7830080986022949
3.5613021850585938
2.8818986415863037
-1.6105555295944214
-1.6441680192947388
-0.7595727443695068
-0.007229204289615154
2.649876832962036
-4.293422698974609
3.233978033065796
2.1298649311065674
-3.4297139644622803
-4.026271820068359
0.10441261529922485
3.562046766281128
-0.33905652165412903
-1.3413662910461426
0.772201418876648
0.29583579301834106
0.22609205543994904
0.13352343440055847
2.0224270820617676
-2.2957053184509277
-0.5178459882736206
0.05213630571961403
-1.0718088150024414
3.6525208950042725
1.0561832189559937
1.7781563997268677
-1.1148892641067505
0.8237013220787048
-0.285718709230423
-0.5461724400520325
-0.6656017303466797
3.290921926498413
1.1976960897445679
2.0249366760253906
0.504867434501648
1.1956820487976074
0.6098741292953491
-3.990292549133301
1.2221381664276123
-1.8368048667907715
-0.02998366765677929
-0.7708719968795776
0.6278864145278931
-0.9466130137443542
1.5982292890548706
-0.43375059962272644
0.14443561434745789
1.0311654806137085
-1.0739684104919434
1.7005295753479004
-4.4802117347717285
-0.33904892206192017
-0.09610641747713089
3.093139410018921
0.5298574566841125
-1.855855941772461
-1.8124001026153564
0.8725817799568176
0.8877654671669006
0.2361932396888733
-0.21725185215473175
4.168578624725342
0.14203059673309326
-2.26552152633667
-0.4071325957775116
-0.6756289005279541
-4.783593654632568
-1.0468233823776245
2.2319629192352295
0.5006627440452576
-1.439916729927063
-0.5792694687843323
2.6572606563568115
-2.284127712249756
1.2284774780273438
-1.180219292640686
-0.5355872511863708
-2.0641534328460693
-0.42865079641342163
-0.42601653933525085
-0.8965259790420532
-1.3807406425476074
-5.2934160232543945
0.5621036887168884
1.8811969757080078
0.03932942450046539
0.6212902069091797
-1.4669731855392456
-0.7607410550117493
-4.435697078704834
1.0281516313552856
1.5490928888320923
1.4833605289459229
0.7441040873527527
-1.1238391399383545
0.5447555184364319
-3.7555127143859863
3.291593551635742
-2.580122709274292
-3.1064364910125732
-1.3187752962112427
-2.5344464778900146
0.9691504240036011
0.09139420837163925
-3.997037649154663
-1.1229294538497925
-1.7087856531143188
0.3839733600616455
0.05543782189488411
-1.8865656852722168
1.915122628211975
2.2329843044281006
4.09950065612793
1.7760241031646729
-1.6019402742385864
0.5405389666557312
0.009205028414726257
1.6996551752090454
0.6720502376556396
0.7615993618965149
-0.5349529981613159
0.4199085831642151
0.2799012362957001
-1.308135986328125
-0.27471819519996643
0.8656517863273621
1.810690999031067
-0.832572877407074
0.2818649113178253
0.5378128290176392
-3.124783515930176
0.10493160784244537
0.11300382763147354
1.296971321105957
-1.1908115148544312
3.621405839920044
3.129312515258789
-0.4229808449745178
0.7042624950408936
0.5486302971839905
-0.35181939601898193
-0.9863967299461365
0.5315787196159363
0.7356913685798645
0.06951668113470078
-0.1279173046350479
-4.174892425537109
-0.7781400084495544
-0.46000969409942627
-0.07241810113191605
-0.31688612699508667
-1.410831332206726
1.3113819360733032
-3.3009941577911377
0.7058187127113342
2.713494062423706
-3.5810348987579346
1.2371290922164917
2.8694064617156982
3.8955063819885254
0.003505165921524167
0.08622992783784866
-3.2927589416503906
-2.118809223175049
3.5000686645507812
-0.9641560316085815
-5.457095146179199
-5.311607360839844
0.5117496848106384
1.9859963655471802
-1.9140868186950684
-0.10862153023481369
0.08114565908908844
-0.9752507209777832
-0.79726642370224
-1.310887098312378
1.1843371391296387
3.7292444705963135
1.2865533828735352
2.1766960620880127
1.1069546937942505
-0.6098202466964722
0.7914865016937256
3.012549877166748
-1.2980331182479858
0.1257413774728775
-5.114450931549072
1.6519232988357544
-2.113389253616333
-1.6330101490020752
0.29049474000930786
1.8849139213562012
2.8553428649902344
0.6941633224487305
-2.7652924060821533
0.10145453363656998
0.5194334983825684
0.9150956273078918
0.13656336069107056
-1.4118552207946777
-0.5879575610160828
0.15027154982089996
-1.2208185195922852
-4.933371543884277
-0.5773428082466125
1.2530772686004639
-0.21207325160503387
0.5953317880630493
-0.32337486743927
-0.1883774995803833
-0.06412725150585175
-0.06459570676088333
-0.17038559913635254
-0.36813291907310486
0.6071336269378662
0.9909249544143677
0.7281623482704163
0.1571538746356964
4.014488220214844
-1.5216344594955444
-1.5182386636734009
-2.438866376876831
0.9387808442115784
-1.7232294082641602
0.30895259976387024
-4.3185505867004395
-3.6164638996124268
-1.7025713920593262
-1.532974362373352
-0.9847325682640076
-0.03107234463095665
-0.017451539635658264
2.311903953552246
-1.2239177227020264
-1.727026343345642
1.2444614171981812
-0.045183587819337845
-0.6151503324508667
1.6404656171798706
1.0053656101226807
3.074317455291748
1.3386733531951904
-1.3674424886703491
2.134540319442749
-0.002679953584447503
2.3708250522613525
2.1651885509490967
0.4347238838672638
-5.220665454864502
-1.49550199508667
1.5746370553970337
-0.8947640061378479
0.14578674733638763
3.3743197917938232
1.3073506355285645
2.6879897117614746
-2.672978639602661
-1.7957428693771362
-0.939773678779602
-1.550958514213562
-0.35024017095565796
-4.008056640625
3.086895227432251
0.11210104823112488
-0.6189780235290527
-0.5209335684776306
0.06329136341810226
-5.569625377655029
0.0643601045012474
-0.9226528406143188
0.1832309365272522
-0.4371153712272644
0.08735459297895432
-0.6898438930511475
-0.18997886776924133
0.740774929523468
-3.5845072269439697
0.029861966148018837
2.992176055908203
0.4773519039154053
-0.06584064662456512
0.4268104135990143
-1.701892614364624
0.7907500267028809
-0.06603259593248367
-2.500769853591919
-1.1280087232589722
-0.2668483555316925
1.4379963874816895
-0.7033519148826599
-0.23545874655246735
3.28265643119812
-1.4766638278961182
-5.072829246520996
0.26202192902565
3.4297969341278076
-5.225124835968018
-0.3367869257926941
0.21910159289836884
0.25320908427238464
1.3507088422775269
1.3202030658721924
-3.376268148422241
0.41909071803092957
0.12119792401790619
2.2060492038726807
1.1805850267410278
-0.4265539050102234
-1.3685299158096313
2.1513314247131348
0.2689189910888672
-0.28706085681915283
-0.16037334501743317
0.7622277736663818
0.19533254206180573
0.8671771287918091
0.15796123445034027
3.6703083515167236
-2.634206771850586
-1.7826786041259766
-0.2844153046607971
-1.078127384185791
-1.62441086769104
-1.5304789543151855
2.4961066246032715
-2.505664110183716
-1.778515100479126
-1.4770147800445557
2.0116748809814453
0.3846789002418518
0.30429309606552124
0.809249222278595
-3.075181245803833
0.32371699810028076
-3.9947800636291504
1.5266759395599365
-0.8814057111740112
-0.798697829246521
-2.5319299697875977
-4.89295768737793
1.9680808782577515
0.5141269564628601
-3.9389994144439697
-4.716028690338135
-0.0500735342502594
-0.5758674144744873
-0.2228785753250122
-2.8049609661102295
-0.8867429494857788
2.6933717727661133
-1.119288682937622
-1.34950590133667
-3.6242446899414062
3.3171989917755127
-1.0753216743469238
0.7275131344795227
1.3040132522583008
-2.8493824005126953
2.1334550380706787
1.1463228464126587
-2.2469842433929443
-0.08819571137428284
-1.0207384824752808
2.032766342163086
-2.5385384559631348
-1.2195348739624023
2.958805799484253
0.5133435726165771
2.986602544784546
-0.4374591112136841
-2.290858507156372
-2.1583456993103027
1.8195469379425049
2.6872189044952393
1.2480847835540771
-1.4066442251205444
2.334554433822632
-0.40048715472221375
1.0775315761566162
-0.3987790048122406
-1.5279215574264526
-3.1913716793060303
1.5728743076324463
0.8598334789276123
0.22321142256259918
1.279784917831421
0.6557934880256653
0.9406906366348267
1.2453088760375977
0.9380592107772827
-2.9514548778533936
0.32231399416923523
2.0808751583099365
2.215066909790039
-0.12791410088539124
0.2175804078578949
-0.27877646684646606
-0.12356690317392349
-2.315861701965332
0.012072626501321793
0.3117484748363495
-0.36365917325019836
-0.523417592048645
0.010013397783041
-2.5177109241485596
-0.1458795964717865
1.4657130241394043
-1.4836602210998535
-0.1098838672041893
-0.8515759706497192
-1.7589324712753296
-0.2903875708580017
0.11232133209705353
1.376894474029541
-3.191415548324585
0.06650460511445999
0.3818526864051819
-0.19673864543437958
1.3930001258850098
-1.0992704629898071
-1.5901952981948853
-0.019489450380206108
3.3403866291046143
0.6494148969650269
-0.7531326413154602
1.4759260416030884
-0.3842693865299225
-0.8675943613052368
-1.8957182168960571
0.33602288365364075
1.3218291997909546
1.4661734104156494
1.0839608907699585
1.6246880292892456
-3.371122121810913
-0.03195446729660034
1.6073869466781616
-0.22233846783638
0.6424867510795593
-0.04966701194643974
1.94094717502594
-0.5637198090553284
-5.362400054931641
-0.982248842716217
-2.477116107940674
0.3390370011329651
0.3582225441932678
0.4224354326725006
2.508758544921875
1.0948760509490967
0.35912612080574036
-0.9743009209632874
-0.144248366355896
1.510524868965149
0.22262568771839142
1.094437837600708
-1.0755723714828491
-1.0194026231765747
-0.4482842981815338
-0.659555971622467
-0.16444304585456848
-0.7675895690917969
0.09789294749498367
-0.33027371764183044
-0.933194100856781
-0.2479122132062912
-0.22367703914642334
0.6346608400344849
0.5078412294387817
-0.0008540270500816405
-2.728268623352051
-1.9810165166854858
-0.2827717065811157
0.2460460662841797
3.4390101432800293
-0.5343009233474731
3.084848165512085
-0.2683287560939789
-0.8334804773330688
0.42842504382133484
-0.22345584630966187
-3.813370704650879
-1.734100103378296
-1.4064768552780151
-1.6986287832260132
-0.4936603009700775
1.6500085592269897
-2.720027446746826
1.075276255607605
0.6991679072380066
1.0527955293655396
-2.899576425552368
-1.0080801248550415
2.916548490524292
2.7618777751922607
-2.85274076461792
0.04848441481590271
4.173150539398193
-0.03689270094037056
-1.8706262111663818
-2.3645007610321045
4.485401630401611
-1.7874441146850586
-0.2462192177772522
-3.658812999725342
-2.124488592147827
0.26970523595809937
0.7015708088874817
0.13026638329029083
4.330263614654541
-2.613340139389038
0.2168588936328888
-0.7017551064491272
-0.42221635580062866
0.4500557482242584
0.9896379113197327
-0.20059005916118622
-2.959427833557129
0.7291010618209839
-1.4022732973098755
0.7891441583633423
3.784733772277832
-2.4724535942077637
1.4391958713531494
-0.4439118504524231
-2.467672824859619
2.0965049266815186
0.09872808307409286
-0.16695772111415863
0.2538019120693207
-1.0572043657302856
0.41976964473724365
1.7351304292678833
-0.1046760231256485
-3.312622547149658
-3.9606359004974365
-2.288567543029785
0.27182817459106445
0.5651477575302124
-1.9699387550354004
-3.006364107131958
0.772311806678772
-0.22416722774505615
-0.7352601885795593
-1.4464092254638672
-2.091987371444702
-3.60221791267395
-3.822364568710327
0.10322305560112
-4.738884925842285
-0.9726214408874512
-0.19605839252471924
-2.0732433795928955
0.46168020367622375
0.18699519336223602
-0.340391606092453
2.8967642784118652
0.5985490679740906
-2.2771549224853516
-1.6248373985290527
0.9885104894638062
2.541384696960449
2.0296833515167236
3.4358439445495605
-3.4919276237487793
0.6647454500198364
-2.3603675365448
0.9022179841995239
-0.18314306437969208
-0.3554227948188782
-0.8509321808815002
-0.48544934391975403
3.411813497543335
2.631155252456665
-2.3009390830993652
1.5954563617706299
-0.4603995382785797
-1.6461342573165894
2.3906733989715576
2.3039445877075195
0.4335831105709076
-4.129062175750732
-0.21429549157619476
1.16219961643219
-0.24955260753631592
0.06378068774938583
-2.389070749282837
0.27724018692970276
1.15846848487854
0.376224160194397
-5.244184970855713
-4.014861106872559
-0.1624370664358139
0.5993537306785583
1.7459243535995483
3.868170738220215
-0.2300560474395752
1.6866651773452759
-0.9006243348121643
-0.21253839135169983
-0.2552833557128906
-4.488224983215332
-0.08709991723299026
-2.8758459091186523
0.8355727791786194
-0.8895655274391174
-1.9482996463775635
-0.28616365790367126
-3.219371795654297
3.2348575592041016
1.7892032861709595
1.7485437393188477
2.2193048000335693
-4.259063720703125
1.5818328857421875
0.7362882494926453
0.10319249331951141
0.7462434768676758
