5.094973564147949
-0.007741326931864023
-1.2640143632888794
-0.35179123282432556
2.0603842735290527
6.359337329864502
-0.9400897026062012
2.4691739082336426
5.335412502288818
-1.6300299167633057
3.2479400634765625
-0.37205496430397034
-4.583552360534668
-2.1501357555389404
0.7812924385070801
8.631709098815918
-7.628940582275391
-0.482150673866272
-8.796252250671387
4.6804728507995605
1.0835365056991577
4.395265579223633
-3.2846624851226807
7.463560581207275
-4.545108795166016
-4.05018949508667
4.154309272766113
-1.010302186012268
11.11226749420166
-13.016205787658691
-1.0244786739349365
9.97458553314209
