-0.4371918737888336
-0.4173135459423065
1.629741907119751
0.31176871061325073
0.37939348816871643
-0.36745554208755493
-0.2968674898147583
1.2097712755203247
0.3024669885635376
-1.832988977432251
-1.4696123600006104
-1.821094036102295
-1.551023006439209
-1.533008337020874
-0.2606050372123718
-0.8766558766365051
-0.033141184598207474
3.0357890129089355
-0.7927965521812439
1.8312649726867676
0.5381531119346619
-3.444927930831909
-1.3247166872024536
-0.7869309782981873
-0.5164451003074646
2.84411883354187
-0.03641247749328613
0.21009695529937744
-0.08736035972833633
-2.448326826095581
-0.006277928594499826
1.6256340742111206
-0.4587646722793579
0.5112448334693909
0.004078533500432968
-1.9740796089172363
1.1383073329925537
-0.5127018094062805
2.815462827682495
-0.22528721392154694
-0.29897114634513855
-0.2477644681930542
-0.3707159459590912
2.3454582691192627
0.23844175040721893
1.4541754722595215
-1.1645740270614624
-2.3236443996429443
0.11501321196556091
1.1199421882629395
-0.8866754770278931
0.42770251631736755
-0.2056633085012436
-2.5807416439056396
-1.0301223993301392
0.16629278659820557
0.11103654652833939
0.10152553021907806
-1.20346999168396
0.9801623821258545
1.4683716297149658
1.341874599456787
0.10428352653980255
-4.918221950531006
-3.6586055755615234
0.5162858963012695
-2.354316473007202
1.9569226503372192
-2.688173770904541
2.6967201232910156
1.6336709260940552
1.7738003730773926
0.46326661109924316
-0.004175378009676933
1.6783896684646606
-0.6140161156654358
-1.3795933723449707
2.2630715370178223
-1.184946894645691
0.09724370390176773
0.7225993275642395
0.9054660201072693
-0.3476969003677368
-1.3320579528808594
-0.2734832465648651
0.15177631378173828
3.44958233833313
0.235824316740036
0.05394647642970085
0.279662549495697
-0.8176819086074829
-2.681981086730957
0.8442949056625366
-1.8477050065994263
-0.11556699872016907
-0.48384371399879456
0.6027927994728088
-2.511462688446045
-4.293801784515381
3.7836754322052
-3.126286268234253
-1.4676955938339233
-3.199241876602173
2.2250828742980957
-1.1484358310699463
0.9734005331993103
-0.013837344013154507
3.5227932929992676
1.2669719457626343
0.11458972841501236
2.931241989135742
1.5008337497711182
0.09415208548307419
1.322649598121643
-0.0169498473405838
0.2199697196483612
3.0714948177337646
-0.566270112991333
2.47183895111084
-0.031701501458883286
1.353820562362671
-2.7460203170776367
1.9203029870986938
2.175384759902954
-1.8486944437026978
2.7102112770080566
-0.7303128838539124
-1.0689890384674072
0.9693500399589539
-2.912942886352539
2.7193641662597656
0.14093756675720215
-1.6017084121704102
0.23870764672756195
-1.5497368574142456
3.4216670989990234
-1.5787160396575928
-0.13171948492527008
-4.325902462005615
-0.7596583366394043
-0.07815879583358765
-4.452956199645996
2.237330675125122
-0.033061157912015915
-0.26213884353637695
1.398903250694275
-3.9254698753356934
4.390838623046875
-3.535757064819336
2.129974126815796
-3.123939037322998
1.2702720165252686
-2.2331526279449463
2.7511870861053467
-0.4724506139755249
1.222158432006836
-1.078267216682434
0.43044888973236084
4.007286548614502
0.5769796371459961
0.31301796436309814
-3.7085742950439453
-3.649609088897705
1.3949965238571167
-3.4778313636779785
-1.9758745431900024
-1.9811617136001587
-1.001269817352295
1.1887980699539185
-0.8751314282417297
-1.0019620656967163
-0.16359876096248627
-0.1793428510427475
-1.1047102212905884
1.00266695022583
1.580918550491333
-3.5439646244049072
-0.621985912322998
-0.7183442711830139
0.7866607308387756
0.1191510409116745
-0.6442669034004211
-2.4348304271698
0.3478982448577881
-0.6692737340927124
-0.005957339890301228
1.0826562643051147
-2.9450366497039795
-0.623296856880188
-0.02094908244907856
1.6644377708435059
0.2388634979724884
0.6112193465232849
-2.2186901569366455
-1.650330662727356
-0.9322559237480164
-0.8860654234886169
-1.5162431001663208
-1.9528062343597412
-0.0114795146510005
-2.277430772781372
-0.41203057765960693
0.45252305269241333
4.1832733154296875
0.9413195848464966
2.497716188430786
-0.7263309955596924
0.48372682929039
-0.1044996827840805
1.2383475303649902
0.22056537866592407
-0.04504825547337532
-0.7423944473266602
-0.9780954122543335
-1.386465072631836
-2.9144527912139893
-2.1643102169036865
-0.04860323294997215
2.6343398094177246
1.2174508571624756
-0.24178668856620789
0.12305103987455368
-2.523123025894165
-0.3372347056865692
-1.8525066375732422
3.8127431869506836
3.1452929973602295
0.19855372607707977
-0.8115870356559753
-0.24084308743476868
3.9394936561584473
-2.274601697921753
0.5582517981529236
1.6113638877868652
-5.533213138580322
1.770310401916504
0.1592148095369339
0.46510055661201477
-0.7677979469299316
-0.6637787222862244
-1.7005926370620728
0.25735732913017273
-0.4788219928741455
1.2728410959243774
-1.2030025720596313
-1.3277634382247925
0.9401631355285645
1.525473713874817
0.194761261343956
-0.8823143243789673
-0.8458247780799866
0.24943211674690247
0.6458941698074341
-0.6398699283599854
-1.1036580801010132
-1.600092887878418
1.02647864818573
-0.33249911665916443
1.6468168497085571
0.06037528067827225
0.3784589469432831
-0.829204261302948
0.4094962775707245
1.6077569723129272
0.2114037573337555
-1.9577239751815796
-0.6635775566101074
-0.04754884913563728
-1.4654852151870728
1.057343602180481
-0.10477796196937561
-0.4275433123111725
0.19068104028701782
3.0632927417755127
-0.5290870070457458
4.083879470825195
1.7124584913253784
-1.2909324169158936
0.0023100979160517454
0.016730818897485733
3.8199000358581543
4.381740570068359
-0.31781479716300964
-0.3285759389400482
-0.07574039697647095
-2.241718292236328
1.181664228439331
0.05061031132936478
0.08709912747144699
-0.0692373737692833
1.1406807899475098
-0.6052036881446838
-3.544370174407959
-0.8282220363616943
-1.097072958946228
-1.744048833847046
-3.0565717220306396
-1.644099235534668
-0.8221733570098877
3.4610142707824707
0.20611461997032166
1.1645079851150513
-2.177222490310669
-0.07754023373126984
-1.4450539350509644
0.7988030910491943
-0.8027070164680481
-0.4968443512916565
-3.890084981918335
0.22286821901798248
-2.6521995067596436
-0.06254443526268005
-2.6687214374542236
-1.3426692485809326
-0.44715628027915955
3.410989284515381
0.5808584690093994
1.053581714630127
-0.5235523581504822
0.12157180905342102
-1.8821420669555664
-0.7519010901451111
-3.279555559158325
-0.30807188153266907
-1.4979310035705566
-0.11134611815214157
1.3787469863891602
-0.588657557964325
1.9886727333068848
0.3706003725528717
1.6444175243377686
-0.6191909909248352
-1.3756232261657715
1.2706503868103027
-1.682552456855774
-3.4217493534088135
0.07524473965167999
0.39469844102859497
-1.0913997888565063
-0.9355136752128601
-1.754625916481018
0.8944559097290039
0.28365451097488403
-0.5126579403877258
-3.5282602310180664
-0.8298409581184387
0.9879429340362549
1.4794129133224487
0.1476273238658905
0.26266711950302124
-0.7191018462181091
0.8818066120147705
-0.11035959422588348
0.5824586153030396
-0.7158125042915344
3.362855911254883
-5.493730068206787
-0.7736654877662659
-0.3233553171157837
0.40179482102394104
-0.12361074984073639
1.297174334526062
-0.7565566897392273
-1.030056118965149
0.0024786083959043026
-4.941852569580078
0.6003571152687073
-0.18511125445365906
0.8209643959999084
-1.5343040227890015
0.9992409348487854
1.015134334564209
1.983775019645691
0.33322054147720337
2.622739315032959
2.586660861968994
1.0641485452651978
-2.922417402267456
2.445699691772461
3.1091034412384033
0.02383537031710148
1.7785282135009766
0.30241167545318604
2.0546979904174805
1.8860307931900024
-0.37323036789894104
0.2888486981391907
1.630378246307373
0.26769569516181946
-0.811880350112915
1.2669422626495361
0.45010602474212646
1.8229506015777588
1.4722782373428345
-0.9706436395645142
-0.8064672946929932
-0.18440395593643188
-1.8313270807266235
3.09719181060791
-3.5218567848205566
2.2668144702911377
2.5900399684906006
-1.4371155500411987
4.059474945068359
-3.0125279426574707
1.9840188026428223
1.7076447010040283
1.7550337314605713
-0.08558566123247147
3.6727519035339355
0.9904757142066956
-0.8523157835006714
-3.3812336921691895
-4.389922142028809
0.826816976070404
0.5567942261695862
-0.44157874584198
-3.1553025245666504
-1.3574832677841187
-0.2063656598329544
-4.899405002593994
-4.113045692443848
-1.5120946168899536
-1.856756567955017
3.4052977561950684
1.6512950658798218
-2.3972320556640625
-3.69405198097229
0.19881875813007355
-0.5233448147773743
0.24603697657585144
2.9317984580993652
-1.3370336294174194
0.07555600255727768
-1.7780942916870117
0.15737900137901306
2.891538381576538
0.1539738029241562
0.14089128375053406
2.921783208847046
1.4335323572158813
-1.3031917810440063
1.8703875541687012
-0.0068003167398273945
-0.5555832386016846
0.8979958891868591
1.472954511642456
-2.5060064792633057
-0.41715312004089355
-0.5247624516487122
-3.021984815597534
0.555057942867279
0.9598004221916199
-0.9138323068618774
-3.2375943660736084
-1.318336844444275
0.8387777805328369
1.4086825847625732
0.9225108623504639
1.1732574701309204
-0.7772225141525269
-3.5163986682891846
-1.4780598878860474
1.2641005516052246
0.6075904369354248
-2.573960065841675
1.334622859954834
-0.4824417233467102
-1.7021340131759644
-0.14488841593265533
-1.9714314937591553
0.03718132898211479
-3.203237533569336
-0.5803675651550293
0.03982372581958771
-0.42237523198127747
0.5187480449676514
-0.6249286532402039
-1.480428695678711
-0.08639860898256302
-3.9889204502105713
3.899303436279297
0.4421307444572449
-0.13137519359588623
-3.653435230255127
0.02512938715517521
-2.2123377323150635
-4.563722133636475
-4.011394500732422
0.6772313714027405
-5.367608070373535
-2.6607680320739746
0.6493932008743286
1.4646179676055908
-0.13441431522369385
-0.40203821659088135
-1.850826382637024
-0.18242986500263214
-0.4016091823577881
0.971499502658844
-1.3487004041671753
-0.9588593244552612
1.069584846496582
0.12189570814371109
0.12918156385421753
-1.1633234024047852
0.7596213221549988
0.7437220215797424
0.21622155606746674
-0.7201823592185974
-1.6637238264083862
-0.6386964321136475
0.5823111534118652
-0.5875253677368164
1.9022636413574219
-0.15967388451099396
-0.6257426142692566
0.035230062901973724
0.3983394205570221
-1.569868564605713
-0.04030432552099228
-2.329251766204834
-0.37725377082824707
0.13774022459983826
-1.0215675830841064
1.1104494333267212
-1.3390573263168335
-0.6516077518463135
0.8717994093894958
2.510010242462158
-2.713021755218506
2.5762124061584473
-0.015827542170882225
-0.9496464729309082
0.9289394021034241
0.21620215475559235
-0.2519336938858032
4.40777063369751
-0.6469085812568665
-0.7467546463012695
0.3405377268791199
0.196746364235878
0.23511667549610138
-0.597735583782196
-0.8269724249839783
-1.5194963216781616
-0.06705460697412491
-0.7855218052864075
-3.4651472568511963
-1.5202445983886719
-3.164780378341675
1.3252612352371216
-1.2620117664337158
-0.903820812702179
-1.2741236686706543
0.46819600462913513
1.6980246305465698
0.25500887632369995
-2.508971691131592
-2.6791536808013916
0.4315244257450104
-2.5595195293426514
2.4275712966918945
0.03556371480226517
0.08176758140325546
-1.3158633708953857
0.10434915125370026
-0.07570567727088928
2.284160852432251
-0.2920420467853546
0.3276500403881073
-0.7039570212364197
0.6714497804641724
-1.6382052898406982
0.15420858561992645
-0.1779845952987671
-0.953488826751709
-0.7728107571601868
-1.4710773229599
2.639037847518921
0.6034944653511047
2.212470769882202
1.097392201423645
-3.270141363143921
0.17393039166927338
-1.482795238494873
0.8650672435760498
1.4120758771896362
-0.3765261173248291
-0.04281921312212944
-1.7095563411712646
-4.083280086517334
-0.6349151730537415
1.1217710971832275
1.460564136505127
-3.0602643489837646
-1.18479323387146
-0.7308233976364136
-0.5815056562423706
-0.717307448387146
-0.805477499961853
-3.6330180168151855
2.097792625427246
-0.48591965436935425
1.474674940109253
1.2547093629837036
-0.1845347285270691
0.07876639068126678
0.533810019493103
-1.5503348112106323
-1.0199452638626099
2.714616537094116
-3.380835771560669
-0.31292709708213806
3.1657512187957764
0.17761346697807312
-0.3348958492279053
0.14047929644584656
0.5491539239883423
-0.8224838972091675
-0.15267641842365265
-2.6663479804992676
-0.27898022532463074
-1.4905292987823486
0.44401538372039795
-2.493462324142456
-0.6590874195098877
-0.3874540627002716
0.608735203742981
-0.3986459970474243
2.2603702545166016
0.031661514192819595
1.3224356174468994
-2.0269992351531982
1.9904600381851196
2.705043077468872
0.6887780427932739
0.7619373798370361
-0.016298877075314522
-0.521842896938324
0.14762213826179504
4.714344501495361
-2.662416458129883
0.16003595292568207
-0.3508153557777405
-1.48094642162323
1.4281936883926392
-4.212724685668945
0.5569857358932495
0.3675096333026886
3.152482271194458
0.6702403426170349
0.16950972378253937
1.0630604028701782
-1.0227971076965332
-0.27603596448898315
1.6432552337646484
2.151162624359131
-0.5589084625244141
4.251745223999023
-0.18764537572860718
2.751563549041748
3.4226858615875244
-0.508675217628479
1.2701876163482666
4.585778713226318
1.5969129800796509
-1.2197116613388062
-3.643392324447632
-3.8939733505249023
-3.02955961227417
-2.9824554920196533
0.5201490521430969
-2.5229287147521973
-2.6027894020080566
2.2065298557281494
-4.467404365539551
-5.169271469116211
-4.671236991882324
-0.6404783129692078
0.299319863319397
1.4274752140045166
1.0575395822525024
-0.3071020543575287
2.706197500228882
0.7479721903800964
-1.0003503561019897
-0.3316369950771332
-2.182365655899048
2.0775060653686523
2.6164298057556152
-1.37260103225708
-1.6270745992660522
1.5278816223144531
1.2918015718460083
-1.1601333618164062
-0.7626340389251709
-3.123894214630127
-0.525458574295044
1.7958194017410278
-0.5932263731956482
0.30181631445884705
-1.6168513298034668
0.8843212127685547
-0.529069185256958
1.4456968307495117
-3.5134835243225098
1.8027054071426392
1.784751057624817
0.3345412015914917
-0.9723883271217346
1.6180980205535889
2.538764476776123
1.6691473722457886
1.317629337310791
-0.15122149884700775
-0.3578347861766815
-2.6998345851898193
0.04528398811817169
0.3170129656791687
0.2548089921474457
-3.4864132404327393
-0.35016319155693054
-0.24038821458816528
-0.5812615156173706
2.66501522064209
-1.7086718082427979
2.4849894046783447
-0.43423718214035034
-0.5350116491317749
-2.1937363147735596
-1.7753899097442627
-0.4313095211982727
-0.18196982145309448
0.9288492202758789
-0.38190117478370667
-3.612313985824585
4.653880596160889
1.224928379058838
-0.058561913669109344
0.4470316171646118
-0.3722919821739197
-0.10421842336654663
-3.625453472137451
0.5041296482086182
1.4239176511764526
-3.8384435176849365
-4.461006164550781
-0.0829421877861023
-2.5975780487060547
-0.8510934114456177
-3.4130868911743164
-1.841277837753296
-0.6380136013031006
-0.4259788990020752
0.21119464933872223
-1.49459969997406
-0.40175968408584595
0.3755846619606018
0.10279803723096848
0.9362038969993591
-0.5681453347206116
-0.4881993532180786
0.38584640622138977
0.19110606610774994
-0.8871027231216431
-1.4427270889282227
-0.9383736252784729
-1.9459599256515503
-1.0278244018554688
1.688161015510559
-0.5479859113693237
1.2230637073516846
0.640613853931427
-0.3038131296634674
1.5472700595855713
0.5975072383880615
-2.2677102088928223
-1.6742655038833618
-1.0918281078338623
-1.9373595714569092
0.5604177713394165
-1.9092154502868652
-0.7049328088760376
-0.252086877822876
-0.7001500129699707
-2.3128244876861572
-5.571067810058594
0.8202916383743286
0.013320213183760643
-2.4840829372406006
-0.8955017924308777
-0.8134380578994751
-0.16418606042861938
0.7841382026672363
-0.7394083142280579
3.633850336074829
-1.0450177192687988
-4.356846809387207
0.016525497660040855
-0.8512513041496277
-0.7531946301460266
1.0949747562408447
-0.26033762097358704
1.4346705675125122
0.4869815409183502
2.516528367996216
0.7007484436035156
-0.22355130314826965
-0.02572665736079216
-0.15517398715019226
2.6931891441345215
-1.3989650011062622
-1.275693655014038
0.8883464932441711
-0.4307914078235626
0.673458456993103
0.30983179807662964
-2.568695545196533
-0.3977724313735962
0.7262064814567566
0.27653929591178894
0.9499270915985107
0.1520547717809677
-0.04563258960843086
-2.622159242630005
1.5770716667175293
3.6480610370635986
-0.011177042499184608
0.53242027759552
1.5211329460144043
2.6773526668548584
-2.170112371444702
0.8935409188270569
-0.28245654702186584
0.5819172859191895
-2.7052698135375977
1.4267096519470215
-0.16881749033927917
2.2681565284729004
-3.5943570137023926
0.3574449419975281
0.969794511795044
-0.8726003766059875
3.321126699447632
0.16169917583465576
0.5816090106964111
-2.0860276222229004
-0.8909264206886292
1.0225579738616943
0.6782332062721252
0.48632049560546875
1.3635640144348145
-0.08489340543746948
2.376436948776245
0.7664902210235596
4.533267498016357
-3.4856972694396973
-0.6304660439491272
0.5729411840438843
-2.350766181945801
2.63803768157959
1.78654146194458
0.05469449236989021
0.3459695279598236
-0.9035878777503967
1.2541899681091309
-2.7617499828338623
-3.8622419834136963
-4.8435468673706055
-3.4042537212371826
2.741004467010498
-4.04335355758667
0.11923541873693466
-0.9356853365898132
-1.0737278461456299
4.867377281188965
-4.4906487464904785
-2.2520744800567627
0.5268808603286743
-2.307372808456421
1.8112455606460571
-2.5344738960266113
1.8024870157241821
2.200411319732666
0.7071110010147095
1.195076823234558
-2.164668083190918
-1.0266839265823364
0.5042997002601624
1.1352390050888062
2.552325963973999
-1.4069833755493164
-0.45324835181236267
-1.1713672876358032
-0.07704995572566986
1.4879813194274902
-1.3571348190307617
1.2301923036575317
-3.4350383281707764
-2.274731397628784
1.8806654214859009
1.4485125541687012
1.7947864532470703
-0.3035522699356079
0.058128565549850464
-4.457190036773682
-2.3586480617523193
0.45360055565834045
-1.0181884765625
0.011818417347967625
-3.672200918197632
4.677891731262207
0.018295401707291603
0.6648358106613159
-4.937615394592285
-4.07997465133667
-0.2785765826702118
-3.000929355621338
2.988654613494873
-4.160181999206543
2.3144421577453613
2.070936918258667
-0.841701090335846
4.995922565460205
-3.6517863273620605
0.21718421578407288
1.284661889076233
0.308226078748703
-2.0541412830352783
1.38560152053833
0.3764820396900177
-0.269159197807312
-5.4789862632751465
-1.59600031375885
1.576062560081482
3.0318474769592285
0.4633040428161621
-3.042841672897339
-4.973384857177734
1.230715274810791
0.7411622405052185
0.8849605321884155
0.149282768368721
3.0085608959198
-2.0081870555877686
3.138437509536743
-0.21817146241664886
0.8770021200180054
0.10581372678279877
-0.29355257749557495
-0.2625843584537506
-3.5639824867248535
0.2374805510044098
0.5169339179992676
-0.6550629734992981
1.1694092750549316
0.6273207664489746
0.2102424055337906
-3.623201608657837
1.3004671335220337
-1.1872646808624268
-1.9869991540908813
-1.421916127204895
-2.1058273315429688
0.18281462788581848
0.2660180926322937
-0.9224966764450073
-1.021659016609192
2.0840439796447754
0.4667784869670868
-0.9215692281723022
0.31234678626060486
-2.6042017936706543
1.0785917043685913
1.3401265144348145
-0.5505889654159546
1.5390173196792603
-0.22244371473789215
0.38267937302589417
1.3149832487106323
-1.0467544794082642
-0.06293245404958725
-3.0546200275421143
0.26815205812454224
-0.9778451919555664
3.824281692504883
-0.483257532119751
-0.36267057061195374
-1.683458685874939
-1.7669193744659424
0.34833720326423645
-1.3349193334579468
4.050103187561035
2.4376649856567383
0.2136971354484558
0.1847405731678009
0.4770558774471283
1.1438353061676025
-4.340531826019287
0.19843164086341858
0.41035717725753784
-5.616672039031982
-0.015103515237569809
-0.46639207005500793
-0.9527297616004944
0.01872907765209675
-0.6342669129371643
-1.3402090072631836
-0.1446782648563385
-1.3006954193115234
0.6828779578208923
0.3217850923538208
-1.0867919921875
0.5210039019584656
0.07166651636362076
-1.148288369178772
0.3797342777252197
0.5787277221679688
0.2925507426261902
0.6304205060005188
-0.826598048210144
-0.5899509787559509
-1.0599831342697144
-1.4171435832977295
-1.8384690284729004
2.1903131008148193
-0.04615964740514755
1.071517825126648
1.2404392957687378
-0.3586370646953583
1.298203945159912
0.2371988743543625
-2.4103057384490967
-1.0362145900726318
0.16297900676727295
-1.9393107891082764
1.4829555749893188
-1.8024572134017944
0.7393852472305298
0.7875141501426697
-0.03295987471938133
-2.934436559677124
-5.151571750640869
0.3464500606060028
1.7384663820266724
0.3926805853843689
-0.06369633227586746
3.211904764175415
0.04144514352083206
2.12943434715271
-1.0295263528823853
4.730347633361816
3.3624696731567383
-0.9395655989646912
-3.1719627380371094
-2.0849716663360596
1.0961763858795166
2.798032283782959
0.2960348129272461
-2.6500985622406006
1.0098319053649902
0.11850307881832123
-2.9227139949798584
0.1573171466588974
-0.14362619817256927
-1.8640046119689941
0.30079078674316406
-0.5426453351974487
-1.8578662872314453
-1.3732799291610718
-0.8751019835472107
-0.9629271030426025
0.9290453791618347
2.5206995010375977
-0.5932320952415466
-2.9373579025268555
1.412541389465332
-1.2724361419677734
-0.9536519646644592
-3.419055700302124
-0.4205760061740875
-0.3873066306114197
-0.26506099104881287
-0.12950241565704346
-3.8685200214385986
-3.6262295246124268
2.0765459537506104
-1.0363918542861938
0.5846174359321594
-2.1540637016296387
-0.26901480555534363
-2.5253660678863525
-1.3330190181732178
-0.5385431051254272
1.4806478023529053
-0.7887955904006958
-0.8395731449127197
1.6361662149429321
1.8763622045516968
2.84295654296875
1.3447870016098022
0.1312636435031891
-2.830550193786621
0.10548802465200424
-0.7937471866607666
1.2283952236175537
0.21607133746147156
0.9068524837493896
0.4960019886493683
0.11511939764022827
-0.1361398845911026
-1.8173378705978394
-3.6489689350128174
-0.00337215350009501
2.918849229812622
-2.647047519683838
0.9973448514938354
-0.8398879170417786
1.0349115133285522
0.9291386604309082
-0.9742880463600159
2.9106621742248535
-2.3659424781799316
-5.259064674377441
-4.196815013885498
0.5595702528953552
2.939753293991089
1.028860092163086
0.1508624255657196
-2.1597280502319336
-1.3381356000900269
4.947901248931885
0.3190068006515503
3.9141530990600586
-4.496379852294922
1.0226099491119385
0.5393534302711487
-2.3980045318603516
1.9184433221817017
0.35859984159469604
1.0937938690185547
1.2779054641723633
0.6587263345718384
-0.5122528672218323
0.8138272762298584
2.106529474258423
2.885287046432495
-0.07194972038269043
-0.6119391322135925
0.07961055636405945
1.0809381008148193
2.0246052742004395
-0.9983510375022888
-2.978559732437134
-3.3118200302124023
0.7395778894424438
1.1881093978881836
-0.8053665161132812
2.143622636795044
-0.8908841013908386
-0.15696071088314056
1.2933241128921509
3.6195144653320312
0.6943527460098267
2.0030386447906494
2.0823235511779785
-0.2290910929441452
5.306299209594727
0.11252501606941223
3.2369298934936523
-4.9320502281188965
-2.321425676345825
0.2114482969045639
3.070359706878662
2.256401777267456
0.9274807572364807
2.4875121116638184
2.6826632022857666
-1.8228870630264282
5.104559421539307
-2.274080753326416
2.9850006103515625
-4.021204471588135
1.9672108888626099
-1.858711838722229
0.7579628229141235
-0.5336814522743225
-5.385415554046631
-5.771421909332275
-0.28185373544692993
-2.286764621734619
0.08264598250389099
-0.7359530925750732
-1.9933745861053467
-1.7514604330062866
1.020153522491455
2.713716983795166
4.219321250915527
0.2851420044898987
4.477469444274902
-2.9883384704589844
2.1082661151885986
0.5355516076087952
3.1281352043151855
-0.22788099944591522
-1.1480389833450317
4.765326499938965
-3.048246145248413
-0.67868971824646
0.7621909379959106
3.843311309814453
0.8228808045387268
-0.23910287022590637
2.021293878555298
0.46241915225982666
1.425055980682373
2.296842098236084
-1.5921324491500854
-2.0004940032958984
-0.25951656699180603
1.0959429740905762
-0.9769275188446045
-1.8633530139923096
0.974821150302887
2.4246230125427246
-0.6396525502204895
-1.4947361946105957
0.2767612040042877
-2.7737412452697754
-2.39361310005188
-1.041261076927185
-0.11508198827505112
-1.9649951457977295
-0.9123090505599976
0.43119797110557556
-0.4264436960220337
-1.52786123752594
1.6179530620574951
-0.6365147829055786
-0.29081007838249207
-0.1479756236076355
0.40873655676841736
-2.634382486343384
-0.28035855293273926
-1.513643741607666
-3.863612174987793
0.36708393692970276
-3.927137851715088
4.140049457550049
1.187520980834961
-0.12323707342147827
-1.9097203016281128
1.211766004562378
1.5116674900054932
-4.888388633728027
0.34555885195732117
0.7464801669120789
-5.57512092590332
-3.560969591140747
-0.3323715925216675
-3.2029359340667725
-0.24124307930469513
-4.438220500946045
-1.350590467453003
0.061517223715782166
-0.7896475195884705
-0.1380968540906906
0.38013336062431335
0.6918049454689026
0.47822028398513794
0.1835012286901474
-0.09392361342906952
0.5340805053710938
1.4371213912963867
0.4010085165500641
1.4446618556976318
-1.6726042032241821
-1.3745388984680176
1.360317349433899
-1.7662513256072998
-1.4044561386108398
2.2330095767974854
-0.5614087581634521
0.42514026165008545
0.9785659909248352
-0.2491133213043213
-1.020263433456421
0.6860495805740356
-2.3797061443328857
-0.31595900654792786
-1.1680277585983276
-2.0525166988372803
0.3554683029651642
-0.9298602938652039
-0.1918267160654068
-0.25537461042404175
-0.2986498475074768
-3.1211066246032715
-5.637972354888916
-0.22094562649726868
4.298335075378418
2.856938123703003
0.2208041101694107
4.152765274047852
-3.160132646560669
-0.2668360471725464
0.30169209837913513
4.489287853240967
4.976804733276367
2.9351232051849365
2.82668399810791
-0.22366838157176971
-0.056308966130018234
1.0081403255462646
-0.5318195223808289
-1.7194161415100098
-0.7978784441947937
-0.0871758759021759
-0.1842849850654602
-0.9800430536270142
0.10963159054517746
-0.4201103448867798
-1.4572914838790894
-0.776953935623169
-1.4081664085388184
-0.531440019607544
-2.883575916290283
1.4546667337417603
-3.8432669639587402
0.623377799987793
-1.444609522819519
1.416967511177063
-1.976479172706604
-2.1510977745056152
0.9809162616729736
1.9119408130645752
0.2583434581756592
-0.8257405161857605
-2.5102357864379883
0.29842981696128845
-1.4998990297317505
-1.6981861591339111
-5.68272066116333
0.4441622495651245
0.6453676223754883
1.5306004285812378
1.0196462869644165
-2.462190628051758
-0.5571478009223938
-0.8055964708328247
-3.107740640640259
1.8259614706039429
-1.538325548171997
0.006926157511770725
1.2822881937026978
2.9743857383728027
-0.6952127814292908
-1.0835078954696655
-1.550581932067871
-1.6095396280288696
-1.3785046339035034
1.1056182384490967
-0.9000678062438965
0.7170985341072083
-0.28958871960639954
-2.403156042098999
-0.6101908087730408
-3.3551559448242188
-0.3986138701438904
-0.164363294839859
-2.2174530029296875
-1.7958979606628418
-0.5724581480026245
-0.8802679777145386
-0.18903225660324097
1.5628026723861694
0.15891054272651672
1.27244234085083
-3.3882503509521484
-3.897449493408203
-4.58282470703125
3.6519978046417236
-0.6338661313056946
-0.4122796356678009
-2.565182685852051
0.7161511778831482
2.4322469234466553
4.7630228996276855
-0.8421506285667419
3.698434352874756
3.212815761566162
0.634467601776123
-2.3846511840820312
-3.387021541595459
2.1312096118927
0.3889504671096802
-0.21747030317783356
1.6336089372634888
-1.1268925666809082
1.3042575120925903
-0.026898955926299095
2.374831199645996
2.4316089153289795
-0.15385740995407104
0.2377694547176361
0.9369568824768066
1.0769463777542114
-1.0072643756866455
4.155821323394775
-2.662419319152832
-3.462010145187378
-0.11539743840694427
0.7589903473854065
0.2609327435493469
-3.368363857269287
-0.0603531077504158
-0.34831374883651733
3.851599931716919
0.5740692019462585
0.16451554000377655
0.43943849205970764
1.9823558330535889
2.232224225997925
4.967312335968018
0.2313903272151947
3.2827765941619873
-4.982584476470947
-1.3244320154190063
-0.3373982310295105
4.826684951782227
-0.587842583656311
0.17550909519195557
-0.3938222825527191
2.6478800773620605
0.24516092240810394
4.983644485473633
2.316922903060913
1.06886887550354
0.8922197818756104
1.861151933670044
-0.8498232364654541
0.8771939277648926
1.7845667600631714
-5.253597736358643
-5.943904399871826
1.472974419593811
-0.7108070254325867
1.770210862159729
-5.129095077514648
-0.4138123691082001
5.440210342407227
1.4842290878295898
0.9252550601959229
1.6615393161773682
3.6875827312469482
3.6460916996002197
1.8085925579071045
3.2712771892547607
2.1232564449310303
0.20042885839939117
0.7528458833694458
-0.10358629375696182
-0.41991737484931946
1.3574477434158325
0.18842564523220062
-0.4614488482475281
0.2863188087940216
-0.10857108980417252
-3.821370840072632
2.28570294380188
-0.13952942192554474
-0.2977948784828186
1.4040277004241943
-2.2765958309173584
-1.1338151693344116
2.07011342048645
0.8006337285041809
0.6270017623901367
2.855634927749634
-0.043859586119651794
-0.12309107929468155
-0.1841961145401001
1.8761450052261353
2.52004075050354
1.0378031730651855
-2.5941011905670166
1.0778392553329468
0.39928266406059265
-2.514066219329834
0.10225360840559006
0.19313126802444458
0.3028333783149719
1.0905659198760986
0.2729940712451935
1.7021206617355347
-1.225130558013916
0.9097530841827393
-0.8976874351501465
0.22823210060596466
-0.16813699901103973
-0.2903895974159241
-1.6197502613067627
-1.0814929008483887
-2.199688673019409
4.4318976402282715
1.0488951206207275
0.39062029123306274
1.0680662393569946
1.899067997932434
0.9350150227546692
-5.0022430419921875
-0.46266525983810425
0.6307700872421265
-4.446107387542725
-4.76973295211792
-0.29256150126457214
-1.0231900215148926
0.16457383334636688
-4.878432750701904
-1.2408010959625244
-0.3324803113937378
0.10256513208150864
-0.6531774997711182
0.13587838411331177
-0.5085350871086121
1.0173753499984741
-1.1540147066116333
0.15001755952835083
1.0187915563583374
-0.11682900786399841
0.03216233849525452
-0.41412198543548584
-1.428410291671753
-1.5190634727478027
0.10783205181360245
-2.832273483276367
-0.9886540770530701
1.7791588306427002
2.2038841247558594
-0.24660027027130127
0.9634830355644226
0.02822057530283928
1.5788978338241577
0.052334029227495193
-1.1538461446762085
-0.9918710589408875
0.3238111436367035
-1.9641599655151367
1.0418217182159424
-1.7378144264221191
0.49789291620254517
-0.23539702594280243
-1.3125971555709839
-0.37849918007850647
2.0144362449645996
1.489235281944275
-1.9400911331176758
3.2420411109924316
-0.34343695640563965
1.8287065029144287
-5.4977922439575195
-0.09012697637081146
-0.07570461183786392
-5.160741806030273
0.6296901702880859
-0.694322407245636
-2.205759286880493
0.5277921557426453
-1.0801361799240112
1.0160412788391113
-0.18359977006912231
2.209956407546997
0.3342663049697876
-0.5180761814117432
3.8394932746887207
-2.966338634490967
0.3297058641910553
0.6101483106613159
1.6397892236709595
0.41435760259628296
-1.0715017318725586
0.21075671911239624
0.13123302161693573
0.12369979918003082
0.2667003571987152
1.3867131471633911
0.7898021340370178
1.986928105354309
-0.7957473397254944
-0.8242389559745789
0.7136686444282532
-0.7152000069618225
-0.22346428036689758
0.5465657711029053
-0.02206653542816639
-1.5706201791763306
-0.15346360206604004
1.6310473680496216
0.5409772992134094
1.1142265796661377
2.211092233657837
0.9056209325790405
1.4055522680282593
0.8797414898872375
-0.48329994082450867
1.6366616487503052
0.13852809369564056
-3.786893606185913
-1.0242542028427124
0.7747414708137512
0.23074032366275787
0.8421556353569031
-0.7259014844894409
-1.2393211126327515
-0.2011835128068924
0.24942736327648163
1.1949353218078613
-0.2327100932598114
0.10436791926622391
-1.3627938032150269
0.23402248322963715
0.04140348359942436
1.2531341314315796
0.595000684261322
0.8334195613861084
0.47193801403045654
1.2837978601455688
0.35816457867622375
-0.06507430970668793
0.8833282589912415
0.5440304279327393
-0.3638452887535095
0.29803580045700073
1.3607871532440186
2.831984281539917
0.6760433316230774
-5.511059761047363
0.010793237946927547
0.1959865242242813
1.9656132459640503
-4.858680248260498
0.5613812804222107
-0.5010015964508057
-2.3193602561950684
-1.7770510911941528
-5.406125068664551
-0.5716820359230042
-2.29984450340271
2.1493687629699707
-3.5919268131256104
0.45986872911453247
0.5172449350357056
0.13144205510616302
-0.4582739472389221
-1.364376425743103
-1.1346031427383423
0.2946225702762604
0.8838824033737183
-0.06417567282915115
1.5606292486190796
-1.6918092966079712
-1.2151621580123901
-2.1357262134552
-3.9912736415863037
-1.4589461088180542
-2.7905380725860596
1.5921390056610107
-3.146764039993286
0.02462570182979107
1.2160747051239014
1.5237836837768555
1.1481201648712158
-0.6776986122131348
-3.6491355895996094
0.6355690360069275
-1.3928536176681519
1.1128039360046387
0.27624696493148804
0.17835117876529694
4.633106708526611
0.3299172520637512
0.6942496299743652
0.1601717472076416
1.299325942993164
-2.643733501434326
1.3884384632110596
0.13202963769435883
1.6016532182693481
-5.223591327667236
1.4087083339691162
-1.5268709659576416
-4.958009243011475
-0.8815773725509644
-3.2374892234802246
-2.0860581398010254
-0.2631763815879822
0.42742782831192017
0.14192067086696625
0.4512529969215393
2.2146430015563965
-5.321561813354492
2.389143943786621
2.2473740577697754
0.3485308885574341
0.021902859210968018
-0.8081235289573669
-0.7120298743247986
-0.3026314377784729
0.5541290044784546
-0.5065944790840149
0.6877970695495605
3.927917003631592
-0.4452722668647766
2.1474852561950684
0.9114828705787659
-1.7657091617584229
-0.08123502880334854
1.5125902891159058
-2.9374163150787354
-1.2455554008483887
0.9235198497772217
-0.8233156204223633
0.34832459688186646
0.40616869926452637
-1.4473474025726318
-0.9411873817443848
-0.03567064180970192
2.7331767082214355
-0.08429037779569626
-0.32828837633132935
1.472741961479187
2.0454421043395996
2.0059995651245117
2.2536509037017822
0.34076374769210815
2.558492422103882
-2.2800238132476807
0.3747638165950775
-1.7573710680007935
0.8492579460144043
0.1224946677684784
3.7250559329986572
-0.6162335276603699
1.578850269317627
2.0139894485473633
-0.0938202515244484
-0.346566379070282
-0.11293789744377136
0.8307124376296997
2.468629837036133
-0.08353016525506973
1.2804452180862427
0.15011264383792877
1.8050146102905273
-0.7104296684265137
0.39762821793556213
-0.5678091645240784
2.1595284938812256
-0.7931305170059204
-1.071268081665039
3.3932909965515137
3.3630611896514893
0.04453134164214134
0.5317169427871704
1.165712833404541
-1.2865138053894043
-3.8255183696746826
-0.9657489657402039
0.8051048517227173
-5.604027271270752
-4.113325595855713
0.5906268954277039
-2.0186619758605957
0.18560923635959625
0.18108926713466644
-0.4749392569065094
0.7476919889450073
-0.9545280337333679
0.9874754548072815
-0.5029845833778381
-0.3214412331581116
0.494528591632843
1.0595520734786987
-1.5270544290542603
-0.5299453735351562
0.7345911860466003
0.10506760329008102
1.2580784559249878
-0.9081827402114868
1.4276505708694458
-0.8756428956985474
-2.772822856903076
-1.653466820716858
1.699386715888977
1.9380662441253662
-0.9173473715782166
1.1129342317581177
-0.37789186835289
1.8009042739868164
-1.5266380310058594
-1.286446452140808
0.8081192374229431
1.5183192491531372
-1.5731959342956543
-0.07819724082946777
-0.8559577465057373
1.7300646305084229
-3.1212117671966553
-0.193380668759346
0.05913900211453438
2.629885196685791
-0.08035921305418015
0.25853458046913147
0.18298909068107605
-0.1125902533531189
-1.2694236040115356
-5.737360000610352
0.5181308388710022
0.5266367793083191
-4.613342761993408
0.5647557973861694
-3.9144375324249268
2.899611711502075
-0.5972396731376648
0.14596572518348694
1.6489442586898804
1.008895993232727
-2.1520421504974365
0.6162421703338623
1.6307584047317505
-0.6834421157836914
1.4439473152160645
-0.019786586984992027
0.9035890102386475
-1.3636199235916138
-0.19804812967777252
-1.0894432067871094
0.5664130449295044
-3.386807441711426
1.1116310358047485
0.5613270401954651
4.143266677856445
2.342348575592041
-2.6333746910095215
0.534241259098053
1.4538410902023315
-1.4908826351165771
3.1355843544006348
0.5150730609893799
-1.399702548980713
-1.9754189252853394
-1.483464241027832
-0.7841208577156067
3.837087869644165
-5.066797733306885
2.4886577129364014
0.8737719655036926
1.5892565250396729
-0.9384334683418274
0.8647444248199463
-2.0977439880371094
0.24104033410549164
1.660204529762268
-2.4925622940063477
-0.6772933602333069
1.9649693965911865
2.066228151321411
0.19605444371700287
-0.022122889757156372
-1.4858729839324951
-2.950831413269043
-0.3176589906215668
-0.23052945733070374
2.8083250522613525
0.33325374126434326
-1.0977178812026978
0.005226129665970802
0.6729822158813477
-0.03198527172207832
-0.4190491735935211
1.504754662513733
-0.06995785236358643
-0.3864436149597168
-0.25072893500328064
0.4757120907306671
1.0337684154510498
-0.18206532299518585
2.6348299980163574
0.6986145973205566
-0.06777849793434143
1.4263725280761719
-1.8148791790008545
-4.903560638427734
-1.1917153596878052
2.8285582065582275
-2.1458585262298584
-5.413928985595703
1.0563194751739502
1.1428003311157227
-3.2881340980529785
0.0456385500729084
-3.6718904972076416
2.6867167949676514
-0.7707651257514954
-0.1547088474035263
-3.443281412124634
0.7346843481063843
-1.6041309833526611
1.2216720581054688
-0.9583336114883423
1.0830307006835938
0.36804428696632385
0.7052516937255859
1.80327570438385
1.501453161239624
2.312535047531128
0.23521730303764343
0.7310642004013062
0.40910208225250244
-3.875779867172241
-0.8020774126052856
-3.4571497440338135
1.5362311601638794
0.8781589269638062
-0.6437188982963562
-1.0305869579315186
2.2919771671295166
-1.9549477100372314
-0.28044795989990234
0.6190312504768372
2.1089515686035156
-2.0386219024658203
0.3700433671474457
-0.3856084942817688
2.473930597305298
5.148500919342041
-0.0962076485157013
2.3341450691223145
-0.9882400631904602
0.13813826441764832
-1.7374247312545776
1.8463367223739624
-0.09703536331653595
0.18956735730171204
-5.420775890350342
0.6308689713478088
0.3783765435218811
-4.921125888824463
1.5327906608581543
0.12054328620433807
0.5003117322921753
-0.34913045167922974
-0.7380961179733276
-1.5787382125854492
-0.37598222494125366
-2.639302968978882
-5.557335376739502
-2.956218957901001
0.09839536994695663
-0.9158269166946411
-1.9967780113220215
-0.060024768114089966
1.5038141012191772
-0.3555484712123871
0.9034852385520935
0.963079035282135
3.7752861976623535
5.373559951782227
-3.1484999656677246
1.6335508823394775
-0.16636279225349426
2.7680234909057617
-0.40162575244903564
-1.1204921007156372
3.9505386352539062
-3.2649991512298584
0.3696519434452057
-0.7733539342880249
2.0158438682556152
0.10615329444408417
-1.7507494688034058
-1.3451651334762573
1.2609331607818604
1.8810068368911743
0.8640159368515015
0.041052840650081635
0.19861018657684326
1.847023367881775
0.7460541129112244
3.406190872192383
-0.8887457251548767
0.334706574678421
-2.8790605068206787
-0.28263330459594727
0.20129814743995667
-1.1018363237380981
1.7025762796401978
2.1245367527008057
2.1005196571350098
0.0026532141491770744
0.3744160532951355
0.9360937476158142
0.12159637361764908
-1.6001609563827515
-0.736640214920044
4.118677616119385
-1.773841381072998
3.329254150390625
0.17057731747627258
0.09216216951608658
-0.06737316399812698
0.232565775513649
-0.38086551427841187
-0.5755397081375122
-0.25625699758529663
-1.2974510192871094
4.509305000305176
-0.4684572219848633
1.0105352401733398
-3.7595133781433105
2.8122060298919678
4.324458122253418
-4.0865960121154785
3.205024242401123
-0.5587807893753052
-5.187723159790039
-2.633261203765869
0.5078655481338501
-1.2042492628097534
0.9734426736831665
-4.818023681640625
1.0594654083251953
-0.8545814752578735
0.02798542007803917
1.318287968635559
-0.36391496658325195
-1.1244860887527466
0.578119695186615
0.7348248958587646
-0.6837016940116882
-0.13379313051700592
0.8628413081169128
-0.5451767444610596
0.525700032711029
-1.5610171556472778
1.829638123512268
0.6214824914932251
-2.3774468898773193
-1.5951272249221802
1.4743155241012573
1.4015997648239136
-0.6806370615959167
1.1739380359649658
-0.3519882559776306
0.201982319355011
-0.3790333569049835
-1.8803584575653076
-0.14217637479305267
-0.0837329849600792
-1.3176275491714478
-1.3942933082580566
0.4034993052482605
-0.5151444673538208
-3.3326752185821533
-1.3627510070800781
1.235366702079773
0.9536387920379639
-0.3064189553260803
0.19049309194087982
-1.5617544651031494
0.0032260066363960505
-0.36835184693336487
-2.9018442630767822
-1.8435816764831543
-0.18472355604171753
-3.5264227390289307
-0.23759444057941437
-2.210996150970459
1.020512580871582
0.6199550628662109
-0.23428335785865784
-1.3621362447738647
0.13301736116409302
-1.4031314849853516
-0.5859525203704834
2.8734138011932373
-1.7374629974365234
1.043914794921875
0.9774548411369324
0.9794213771820068
0.9390466809272766
0.790255606174469
-0.6890261173248291
0.6383107900619507
0.3433001935482025
-0.926231324672699
-3.476706027984619
-0.6055287718772888
1.7152385711669922
0.17881198227405548
-1.4595774412155151
0.6384321451187134
-0.26205548644065857
-0.8102397322654724
-1.1183241605758667
0.0396977961063385
0.5490155220031738
-1.6534615755081177
2.0131757259368896
-1.375975251197815
0.7179746031761169
1.5892630815505981
-0.32895538210868835
2.0754141807556152
0.1416962742805481
-0.8799123167991638
-1.4950367212295532
-2.0701229572296143
-2.463906764984131
0.3449857831001282
0.3145069479942322
-0.40176573395729065
-0.5169377326965332
-0.2719475328922272
-1.4989629983901978
-0.2133265733718872
-2.669283390045166
-2.3511853218078613
-0.023900780826807022
0.3277156949043274
0.19352231919765472
-0.04678747057914734
0.35831356048583984
-0.19432193040847778
-0.9248202443122864
-3.2543582916259766
1.4507235288619995
0.12182454764842987
-3.5290937423706055
0.07679324597120285
-1.8816916942596436
1.4685163497924805
0.09162762016057968
0.990679919719696
1.2486690282821655
-1.1658846139907837
0.7015281915664673
0.35005393624305725
-5.620826244354248
-1.5216087102890015
0.602967381477356
1.3952276706695557
-2.8078010082244873
0.8150492310523987
2.6603593826293945
-2.4889650344848633
-0.07543382048606873
0.17539118230342865
0.10761658847332001
-1.0869370698928833
0.4699392020702362
-3.6078240871429443
0.148969829082489
-2.4337003231048584
1.5092164278030396
1.975555658340454
-0.3576149642467499
1.1729979515075684
0.3780047595500946
1.2450793981552124
-0.18619000911712646
2.487861394882202
1.824140191078186
1.4747881889343262
0.22220301628112793
-2.1227238178253174
3.4008851051330566
0.2815445363521576
1.0036460161209106
-1.7083276510238647
-0.5825272798538208
-1.352095365524292
-0.568133533000946
-3.013033390045166
0.12166571617126465
3.732954740524292
-2.366158962249756
-3.1843202114105225
-1.2971960306167603
0.39358898997306824
-2.1564934253692627
3.8853888511657715
-1.8098958730697632
0.5772676467895508
-2.504067897796631
2.9429714679718018
-3.2308616638183594
1.5006303787231445
-1.642683744430542
-0.9218829870223999
-5.493541717529297
0.6236270070075989
0.701652467250824
-4.773327350616455
1.3387176990509033
0.6236656308174133
-0.5262895226478577
1.0298253297805786
-0.8416589498519897
0.7684202790260315
1.7823525667190552
-2.8538622856140137
-5.873995304107666
-0.4435622990131378
-1.0697602033615112
2.9150424003601074
-0.6169446706771851
0.7133032083511353
0.5238362550735474
0.3470645844936371
-2.9748706817626953
1.710010051727295
-0.49795156717300415
4.270929336547852
1.3797584772109985
-2.5343260765075684
1.6865158081054688
-2.6707634925842285
1.9311833381652832
-1.3288203477859497
2.0115244388580322
1.5218565464019775
0.17112773656845093
-0.8462239503860474
-2.114511251449585
1.0130208730697632
-2.833063840866089
2.1552417278289795
-4.10202169418335
-0.1056612879037857
-1.3419225215911865
0.2548190653324127
0.7733920216560364
2.6950058937072754
-1.3829691410064697
0.8579311370849609
2.819535255432129
-3.0528783798217773
-3.459031820297241
-0.12935861945152283
3.7560675144195557
0.3213898837566376
1.5465599298477173
-3.685802459716797
-1.3097645044326782
-1.5616768598556519
-1.5798182487487793
1.525989294052124
0.07466722279787064
-0.9416854977607727
1.4740283489227295
2.422394275665283
1.3341621160507202
0.21600492298603058
1.1084222793579102
-1.0411678552627563
2.50347638130188
0.12424740940332413
1.5701614618301392
-2.7059967517852783
-0.0020068674348294735
0.5847505331039429
4.051696300506592
-0.5670708417892456
0.2928009629249573
1.3610326051712036
0.17646437883377075
2.5361995697021484
-5.229425430297852
-0.8375909328460693
-0.15130679309368134
-4.658674240112305
-2.173295736312866
-0.25963929295539856
-0.005855503026396036
-0.5326828360557556
1.3269929885864258
0.9246557354927063
0.057378772646188736
1.1277886629104614
-0.13384556770324707
-0.08475084602832794
-0.23351100087165833
1.1539705991744995
-0.662251353263855
0.062117792665958405
0.651790976524353
-0.8828915357589722
-0.6594933867454529
-0.4372839331626892
-1.7911676168441772
0.4603455662727356
-0.7436599731445312
