-2.4406590461730957
-0.20029352605342865
-2.5318472385406494
-0.13678106665611267
-0.9355427026748657
-0.30564892292022705
1.086714744567871
-4.5090227127075195
-3.242879867553711
-0.9064692258834839
-2.5980262756347656
1.3519600629806519
-1.6190813779830933
-2.1115219593048096
-3.0389602184295654
-1.359947681427002
1.8089276552200317
-0.15298636257648468
-0.6620699167251587
1.261749505996704
-0.9095999598503113
-1.7512024641036987
-2.584207773208618
-2.454150676727295
-3.4517781734466553
-0.5439212918281555
2.5410850048065186
-4.0537519454956055
-4.999979019165039
-0.8456774950027466
0.8745933771133423
-1.171768069267273
-0.7426513433456421
-1.286098837852478
-4.323417663574219
0.9015721082687378
-0.16139404475688934
-3.2501614093780518
-1.8269765377044678
0.08896080404520035
-4.2409820556640625
2.499295711517334
0.707200288772583
3.841843605041504
3.206575393676758
-1.2526836395263672
-2.9415390491485596
1.4260541200637817
2.5779199600219727
-1.6870557069778442
-2.9506866931915283
1.3612090349197388
-0.30944401025772095
-5.191349983215332
2.0410315990448
0.3947766125202179
-4.505581855773926
-3.2094736099243164
1.8687664270401
-0.9826903939247131
0.17303042113780975
1.517621397972107
0.6385411620140076
-1.7847087383270264
2.4519283771514893
2.254974365234375
-0.887191891670227
-0.805850625038147
1.0412132740020752
-0.1288735717535019
4.641220569610596
-3.1453535556793213
3.225360155105591
-3.326876640319824
4.606681823730469
-1.0782153606414795
-3.8540127277374268
2.972363233566284
-1.3579033613204956
-1.003244400024414
-1.3332252502441406
-0.9112189412117004
0.06332375854253769
-0.7513551712036133
3.330519676208496
-0.1791313886642456
4.2541022300720215
2.9503655433654785
0.5940870046615601
0.10111308842897415
2.6367435455322266
3.6879892349243164
2.199483871459961
-1.533078670501709
-0.6653375625610352
-1.702157735824585
4.366332054138184
0.09538788348436356
-2.071678876876831
-0.2612047791481018
1.8761290311813354
1.491976022720337
2.600738048553467
-2.06949782371521
-1.2497847080230713
-2.663328170776367
0.8401283621788025
-1.893795371055603
-1.614611029624939
1.361141324043274
0.050304122269153595
-1.4748775959014893
0.8013265132904053
4.32079553604126
-3.651749610900879
-3.5677437782287598
-0.3059985041618347
1.6351913213729858
-0.6978896856307983
-0.3637775182723999
-2.079547166824341
0.5852770805358887
3.788356304168701
-1.2908176183700562
2.6406381130218506
-0.5381659269332886
-1.1034578084945679
2.21246600151062
-0.02469353750348091
0.08980841189622879
-0.9261114597320557
-2.0738401412963867
0.39118626713752747
2.1990678310394287
-0.16132046282291412
0.3602757751941681
0.24355363845825195
0.6576787829399109
0.02852807007730007
-4.660533905029297
-0.20928488671779633
4.1179327964782715
-2.0732603073120117
-1.1815239191055298
0.9882341027259827
0.27832815051078796
-0.6536461114883423
1.5232065916061401
-5.143876075744629
-0.2972758114337921
-1.66472327709198
-1.121537446975708
-3.1866087913513184
-0.19644612073898315
-0.9248707294464111
-0.04108438640832901
0.04277176037430763
-0.017649848014116287
-1.1358097791671753
1.282169222831726
0.3003273010253906
0.4075906276702881
-1.7340223789215088
0.18558745086193085
-2.924250841140747
-0.4625157415866852
1.3835041522979736
-2.588290214538574
2.8165528774261475
2.109342336654663
-0.5893735289573669
0.08792918175458908
-3.896388053894043
-1.8277689218521118
-0.49727964401245117
0.16764990985393524
-2.4147822856903076
-1.4457919597625732
-0.47572559118270874
-1.533974051475525
2.9978692531585693
-0.3602675199508667
-1.4064587354660034
-0.36529532074928284
-2.1743369102478027
0.9042555689811707
-1.415898323059082
-2.205526351928711
-0.17019836604595184
3.160691261291504
0.2537650167942047
-0.2037878930568695
-0.09645605087280273
2.2407708168029785
0.22726401686668396
-2.913052797317505
0.27507707476615906
3.312861204147339
-4.949451923370361
-5.4654083251953125
-3.358956813812256
-1.6890467405319214
2.488379955291748
0.3779255151748657
3.7639334201812744
-1.4318073987960815
1.3578650951385498
2.8953330516815186
-1.5807868242263794
1.5159348249435425
-0.09758233278989792
2.2751471996307373
-1.061227560043335
0.595683217048645
2.687854528427124
0.5618366003036499
-0.5936123132705688
0.6751641631126404
-1.3469816446304321
3.9288575649261475
1.4503583908081055
-3.8786935806274414
-0.23263442516326904
-1.9687340259552002
0.5911637544631958
2.1998043060302734
-1.922792673110962
2.010357141494751
-0.17280252277851105
0.43099987506866455
0.8236547112464905
-0.018387261778116226
-1.0992037057876587
0.10459485650062561
1.5768638849258423
0.6130844950675964
-2.610654354095459
-1.1210217475891113
0.11223243921995163
-1.2567614316940308
0.03697127476334572
1.4921873807907104
-0.8224168419837952
-0.12650583684444427
-5.051041126251221
-0.09452130645513535
-2.1913249492645264
0.6657993793487549
2.106520414352417
-3.0817601680755615
-0.2436336874961853
0.7187846899032593
0.5592002868652344
-0.8604933023452759
-2.376021385192871
-0.42077216506004333
0.6941894292831421
-0.4324132800102234
0.01828545518219471
4.04441499710083
-0.021126877516508102
-0.3009687066078186
0.47628775238990784
-0.4178553819656372
2.496267080307007
-3.457409143447876
-0.7376059293746948
-1.9626795053482056
-0.41723525524139404
-0.06997493654489517
0.15224964916706085
-0.7998690605163574
-0.598665177822113
0.4344460070133209
-1.2737559080123901
1.3165605068206787
-1.5417836904525757
0.6024464964866638
0.5361613631248474
-4.861710548400879
-0.24984970688819885
0.4478473961353302
-4.059854507446289
-0.1040097028017044
-0.3186739981174469
-4.879831790924072
1.751596450805664
-0.9932469725608826
-1.279991865158081
0.1714017391204834
0.5548020005226135
1.492630124092102
-0.8318794965744019
-3.2015726566314697
0.37118420004844666
0.4166922867298126
-2.158592700958252
-0.2812032103538513
-0.07020387053489685
-0.19720816612243652
0.8655765056610107
0.24676933884620667
0.198148712515831
0.37549644708633423
-0.21276430785655975
-3.1422171592712402
-3.654726266860962
-3.839463710784912
-2.219957113265991
-1.8312983512878418
0.739367663860321
-5.731767177581787
-1.8702731132507324
-0.8687900900840759
-1.9337912797927856
0.09393027424812317
0.6508274078369141
-2.6113412380218506
-2.130610466003418
-4.848307132720947
-0.25239914655685425
-1.4546189308166504
-3.135611057281494
-1.9699889421463013
-1.609858512878418
-0.45737773180007935
-5.6749749183654785
-4.330535411834717
-0.6326715350151062
-0.6290161609649658
-1.180804967880249
0.09881347417831421
-0.6926217079162598
-3.8245131969451904
-3.243884801864624
0.36777350306510925
2.3453938961029053
-3.7332119941711426
-0.79969322681427
-1.439782738685608
-3.222564935684204
0.44645261764526367
1.2807750701904297
-1.6973211765289307
-1.7893058061599731
-0.3496647775173187
-3.315048933029175
-2.8321046829223633
-0.890972375869751
-3.6897244453430176
-2.439000129699707
0.36586523056030273
-3.3893282413482666
-2.683373212814331
-0.17519745230674744
0.6837294101715088
1.1005892753601074
0.3070712089538574
-2.0417370796203613
-3.5226802825927734
-1.8919532299041748
-0.7990268468856812
-3.3373138904571533
-0.7473629713058472
-0.6413137316703796
-1.126033902168274
2.496258497238159
-1.8376151323318481
1.8511433601379395
-2.3741886615753174
-1.727128505706787
-1.2827383279800415
-2.805812120437622
-2.5647501945495605
-1.242737054824829
-2.7032105922698975
0.3121846318244934
-1.1566866636276245
-1.6834170818328857
2.206855535507202
-0.7407853603363037
-2.812544822692871
-1.8681844472885132
-2.715620994567871
-1.004892349243164
-0.4258294105529785
-1.0508267879486084
-1.0416688919067383
0.46269524097442627
0.9356201887130737
1.2472543716430664
0.6328277587890625
2.2354090213775635
0.7807649970054626
-0.10679033398628235
3.6540143489837646
-4.861001968383789
1.0201146602630615
0.2551060914993286
0.22099585831165314
0.834670901298523
-0.13725268840789795
1.928540587425232
1.4566397666931152
1.7564377784729004
-1.6643253564834595
3.4054648876190186
0.010137352161109447
-2.54472017288208
0.09207866340875626
0.6429923176765442
0.7571823596954346
3.3023979663848877
1.9212721586227417
0.001335941138677299
1.896419644355774
-0.4807491898536682
-1.2179679870605469
0.687597393989563
0.47579288482666016
2.638676643371582
0.48102474212646484
0.06610602140426636
0.6208802461624146
-0.49268656969070435
2.161726713180542
-1.2337822914123535
-0.29019826650619507
0.9139366149902344
-0.10295507311820984
1.9402917623519897
2.6447248458862305
-0.29833099246025085
1.7381653785705566
3.587028980255127
0.4677278399467468
0.8694974780082703
0.5503676533699036
0.11596609652042389
0.13564515113830566
-0.7848838567733765
-0.578284502029419
-0.7275147438049316
-2.8111982345581055
-4.684493064880371
0.1560496985912323
-0.03412589058279991
3.763823986053467
0.16073529422283173
3.596564769744873
-4.27516508102417
-2.2678515911102295
-0.4781453609466553
-2.055006265640259
-4.335573196411133
-1.7947710752487183
1.364544153213501
-0.14540252089500427
-0.9261863827705383
3.041051149368286
0.19750799238681793
-0.2365376055240631
0.9059025645256042
-3.2723891735076904
3.035107374191284
-4.932199001312256
-0.016125746071338654
-0.4918006956577301
-0.795211911201477
0.16806672513484955
3.082386016845703
2.360506772994995
-1.1938822269439697
0.35321199893951416
-3.6061203479766846
-2.7341504096984863
1.0254040956497192
-4.257845878601074
-3.373969316482544
-3.195241689682007
-2.9077298641204834
-2.7864267826080322
-1.09015953540802
-0.5881186127662659
3.668532371520996
3.0515942573547363
-1.4788891077041626
0.7226200103759766
1.3825135231018066
-3.4511263370513916
-3.1681034564971924
-1.4896825551986694
0.9917823672294617
3.884683609008789
4.146931171417236
-2.0085253715515137
1.9269071817398071
-1.9670828580856323
-0.9221276044845581
4.102848052978516
0.22227971255779266
-4.107863903045654
-0.8475838899612427
-0.828834593296051
-1.3242449760437012
-0.46752312779426575
-1.853366494178772
2.3494157791137695
1.7515723705291748
-2.0560319423675537
-2.949241876602173
0.24791477620601654
2.2678818702697754
-3.5321571826934814
-2.604106903076172
-4.210259914398193
-2.122000217437744
-4.332613468170166
-1.5540486574172974
-1.9122287034988403
-5.667374610900879
-0.6967391967773438
1.954801321029663
-4.3278584480285645
-3.0912888050079346
0.6885873079299927
-2.7180614471435547
-0.8270034193992615
-2.763633966445923
-2.3198812007904053
-1.3741724491119385
-5.794501304626465
0.7274158596992493
-0.20767319202423096
-4.557705879211426
-1.4147368669509888
1.9919023513793945
0.44556862115859985
3.702125072479248
2.2636895179748535
-2.7358174324035645
4.500657081604004
-1.516670823097229
-1.1778801679611206
2.5026628971099854
-2.80792498588562
1.1200902462005615
-4.1688008308410645
-1.5748285055160522
1.3848371505737305
-3.2411980628967285
2.290219783782959
-3.2037620544433594
-0.7276790738105774
-0.168052539229393
-2.260464906692505
-5.388491153717041
-0.34178879857063293
-0.2477850317955017
-3.5503809452056885
0.8501297235488892
3.323070764541626
0.21654018759727478
-1.7728192806243896
0.7130551338195801
3.1605305671691895
-0.8936643600463867
0.7712475657463074
-1.0444544553756714
-3.354466676712036
2.731703996658325
-3.2064003944396973
-0.3504970371723175
-1.2556008100509644
1.9196346998214722
1.83146333694458
-0.3066931366920471
1.1124415397644043
0.8390498757362366
2.980225086212158
3.974985361099243
4.759099006652832
1.0799256563186646
-3.5690085887908936
-1.6067414283752441
4.007983684539795
-2.825871706008911
4.929460048675537
-3.091810941696167
0.8521953821182251
-0.9135080575942993
-2.1456308364868164
2.0501768589019775
-0.04873867332935333
-0.598531186580658
-0.08839091658592224
-2.695558547973633
0.2140747457742691
3.912043809890747
0.47930124402046204
2.084507465362549
0.6358828544616699
1.6765607595443726
-0.06459874659776688
1.9956451654434204
3.682870864868164
-0.42344000935554504
-0.06681045144796371
1.4101849794387817
1.254551649093628
-0.44158780574798584
0.04602349177002907
-0.14997625350952148
-1.2175480127334595
1.878679871559143
-2.4903297424316406
0.419503390789032
1.4388928413391113
2.361043691635132
-1.2789503335952759
4.5371856689453125
-0.43460753560066223
-0.6723240613937378
-1.199917197227478
5.813411712646484
1.7022795677185059
2.0611836910247803
2.480921983718872
-1.1742804050445557
0.3013039827346802
3.1531760692596436
0.24926364421844482
-0.7024164199829102
-1.1102895736694336
-0.48176366090774536
5.185840606689453
3.2632200717926025
0.2109007090330124
3.3310155868530273
0.1003563404083252
-3.8306031227111816
-0.4462479054927826
-2.3692362308502197
-3.361177682876587
-1.0090850591659546
2.552103281021118
-4.224472999572754
-1.7121167182922363
-1.240959882736206
0.5777589082717896
-2.8589272499084473
-3.812407970428467
-2.3075625896453857
-2.7111339569091797
1.5013725757598877
1.4238649606704712
-0.3458870053291321
-2.453155517578125
-5.123742580413818
-0.9545400738716125
-2.5002782344818115
-1.2588276863098145
0.5284654498100281
-0.3845195174217224
-1.118354320526123
-0.8968514800071716
-0.19017714262008667
-1.211667537689209
-0.5378739833831787
-0.6119988560676575
-2.038499355316162
-0.923602283000946
-2.0371673107147217
-1.5313609838485718
-0.1811978667974472
0.7687742114067078
0.22041688859462738
-2.4904496669769287
-1.2307687997817993
-2.792947769165039
-0.7815040946006775
0.1340312510728836
-5.177492618560791
-1.4387683868408203
1.2485120296478271
-3.3465375900268555
-1.2771893739700317
-2.234269618988037
0.29729634523391724
-2.3837320804595947
-1.1429113149642944
-1.4842396974563599
-3.83341646194458
-0.5037903189659119
-0.723102867603302
1.0628615617752075
0.49263840913772583
-2.4067931175231934
-0.8918536305427551
-0.4698202610015869
-1.617491364479065
-2.099686622619629
-2.1581389904022217
-0.17734427750110626
-0.7915444374084473
-2.646319627761841
1.6649409532546997
-0.7668027281761169
0.2042561024427414
0.917698860168457
1.2634665966033936
0.2981334924697876
-1.5337809324264526
-0.6370225548744202
0.38372352719306946
-0.44797638058662415
1.9659457206726074
-0.13841840624809265
3.7104010581970215
-0.36069783568382263
-0.014569811522960663
0.4361950159072876
1.3340731859207153
-5.245813846588135
2.2711620330810547
0.47540193796157837
-0.9380627870559692
-0.9781038165092468
1.2816733121871948
2.7692253589630127
1.7969679832458496
1.583483338356018
-0.14744652807712555
1.2910871505737305
-1.0981086492538452
1.2353521585464478
2.017263174057007
-0.07730356603860855
2.9938042163848877
0.2494179606437683
0.009124696254730225
1.7860379219055176
0.741011381149292
0.6605342030525208
-2.76078724861145
0.4821396768093109
0.592322826385498
0.20393064618110657
-0.2670963406562805
0.24839089810848236
0.557743489742279
0.26123327016830444
0.38003602623939514
2.0639171600341797
2.4103493690490723
1.0116106271743774
-1.1434918642044067
-0.6325346827507019
0.8201751112937927
0.491696298122406
0.650959312915802
-0.5729479193687439
-0.8386369943618774
-1.1983469724655151
0.5602088570594788
-0.5205366611480713
-1.3561185598373413
0.4691527783870697
2.190208673477173
-0.07174991071224213
1.2078200578689575
0.5280835628509521
1.4077153205871582
1.7548222541809082
0.1864069700241089
3.44014835357666
-0.7745047211647034
0.4392390549182892
2.8466625213623047
-1.6134755611419678
0.14092116057872772
-2.0376482009887695
3.230651617050171
3.428571939468384
-1.7371279001235962
1.925673246383667
-0.11662853509187698
0.01245787087827921
0.3644486367702484
0.3387123942375183
2.9624240398406982
1.4060184955596924
1.8464536666870117
2.5672733783721924
2.0802221298217773
3.0028679370880127
0.8198410868644714
4.628288269042969
0.7616130709648132
1.8592731952667236
1.0461382865905762
0.21420258283615112
4.018871784210205
2.3002641201019287
-2.042721748352051
0.9025771617889404
0.9336739778518677
0.4992768168449402
4.468408107757568
1.6341543197631836
0.23299741744995117
-0.2520636320114136
-2.5344696044921875
-1.081183910369873
0.6991509199142456
-1.4021351337432861
-0.3456522226333618
2.96356463432312
1.299485683441162
0.4678747057914734
1.0194315910339355
4.45471715927124
-0.69694983959198
0.9622228741645813
3.165031909942627
1.7350842952728271
2.1307873725891113
1.4006584882736206
0.6721484661102295
0.6859799027442932
1.1893366575241089
4.38323450088501
-1.6437053680419922
4.2900004386901855
-2.7148025035858154
0.6050630807876587
1.0902228355407715
3.4920601844787598
2.0969738960266113
0.019586583599448204
1.0551708936691284
2.8379604816436768
-1.233254075050354
5.296917915344238
2.2512989044189453
-0.2443758100271225
5.281274318695068
-1.1515858173370361
-2.898110866546631
0.4415895640850067
-2.3248443603515625
2.315652847290039
0.33494678139686584
-1.7733443975448608
5.145110130310059
3.5479555130004883
0.5470810532569885
0.41025444865226746
-0.32282474637031555
4.907619953155518
-0.8805670142173767
0.5170302391052246
0.08835844695568085
2.10795259475708
-1.9328988790512085
3.0815091133117676
1.7560251951217651
-0.5266109108924866
0.3081299364566803
2.2896862030029297
2.605098009109497
-1.2505642175674438
4.424571514129639
0.5304039716720581
0.7785574793815613
-1.0225772857666016
3.9713099002838135
-2.6537907123565674
4.7524919509887695
-0.2544708847999573
-0.08368878066539764
-1.433302879333496
-0.14995570480823517
4.23425817489624
-0.7967342734336853
1.4282892942428589
2.106860637664795
-2.1664814949035645
2.2835824489593506
2.794466972351074
0.8743987679481506
4.436481952667236
0.7025830149650574
0.14502881467342377
-3.805860757827759
-0.09240969270467758
0.46468520164489746
-0.4827200174331665
0.48081061244010925
-1.307571291923523
0.22069118916988373
0.8900490403175354
-2.5916099548339844
1.7019180059432983
-0.7090476751327515
1.1268092393875122
-4.407463550567627
2.045117139816284
2.1603989601135254
1.145119547843933
-0.2669030427932739
-1.2523939609527588
1.8087266683578491
-3.4857048988342285
2.799067258834839
-2.0188989639282227
-5.165225505828857
2.8940627574920654
-2.350095272064209
-1.0541397333145142
-1.3324357271194458
-0.35757577419281006
-0.16979768872261047
-1.7188888788223267
0.8649351000785828
2.8101425170898438
-2.197481155395508
-1.2889397144317627
2.697227954864502
-0.03373830392956734
1.5714143514633179
-0.5101906061172485
-0.8356860876083374
2.4263877868652344
-0.7425634264945984
-1.121522068977356
-1.2283978462219238
-3.6762993335723877
2.885455846786499
-0.36654117703437805
-4.187211036682129
2.4949445724487305
-0.8631335496902466
-2.5392982959747314
0.3284693658351898
3.0092906951904297
-2.875467538833618
-2.6747007369995117
2.066904067993164
-1.5312000513076782
1.5619982481002808
2.4486846923828125
3.3897061347961426
-0.7153865694999695
0.0713765099644661
-2.915687322616577
-0.27869004011154175
-1.3541297912597656
0.5147299766540527
0.1116953045129776
-1.3631783723831177
-0.20061497390270233
-2.5594465732574463
-1.2573596239089966
-2.285144567489624
-1.3503228425979614
-2.4934723377227783
-1.6789780855178833
-2.266056537628174
-3.116532802581787
-1.591517686843872
-3.1348493099212646
-1.507012963294983
-2.328646659851074
-2.6476752758026123
-2.0077145099639893
-0.3061999976634979
-2.082437753677368
-2.143575429916382
-2.0347461700439453
-3.467837333679199
-2.3410890102386475
-2.8812777996063232
-0.9707971215248108
-0.9748737812042236
-1.2375096082687378
0.32884153723716736
-1.3679852485656738
-0.8785579800605774
-1.5170320272445679
-0.7630195617675781
-1.6626288890838623
0.34173882007598877
1.0283808708190918
-1.0746958255767822
-1.8644204139709473
-0.024255741387605667
-2.0034286975860596
-1.9991071224212646
-1.9486322402954102
-0.7615228295326233
-0.6257508397102356
-2.222053289413452
-1.701583743095398
-0.9072144627571106
-2.325127124786377
-1.0080987215042114
-2.450974464416504
0.36231598258018494
-0.6283218860626221
-2.089040517807007
-1.6778830289840698
-2.559828519821167
-0.005454868543893099
-1.7479784488677979
-0.8027472496032715
-1.265995740890503
-2.6542530059814453
-1.567742943763733
-0.9577269554138184
0.16720513999462128
-1.3740413188934326
-1.9714778661727905
-0.7253257036209106
1.9507429599761963
1.1882895231246948
1.937463402748108
-0.03325129672884941
2.5436675548553467
1.2094539403915405
2.128329038619995
2.4552342891693115
1.0314290523529053
0.1412433683872223
2.3274712562561035
1.8643056154251099
0.5139691829681396
-0.21279431879520416
3.4182212352752686
3.3568387031555176
0.6826350092887878
3.124349355697632
3.1268935203552246
2.829658269882202
0.7145659923553467
0.8105267882347107
1.3122516870498657
1.1371731758117676
-0.06359012424945831
0.9770007133483887
2.042897939682007
2.510612726211548
2.042746067047119
1.5509895086288452
3.5720415115356445
1.573225975036621
1.9801006317138672
1.387513518333435
1.4297032356262207
1.8389320373535156
0.6467433571815491
1.53280508518219
1.632993221282959
1.2592133283615112
2.0006392002105713
2.1584110260009766
1.991000771522522
1.4126369953155518
0.22052974998950958
1.1034730672836304
1.206119179725647
0.9772000908851624
0.15635913610458374
2.712877035140991
1.1522457599639893
2.406102180480957
0.0026643830351531506
3.5808589458465576
0.44448211789131165
1.0992721319198608
1.199349045753479
0.8157991170883179
3.1899054050445557
1.377792477607727
-3.4797065258026123
1.670575499534607
1.4267295598983765
2.4128713607788086
0.8296145796775818
-2.562741756439209
-2.9246559143066406
3.8812174797058105
-0.5759595632553101
2.667287826538086
3.7176828384399414
-2.2929208278656006
1.7749148607254028
2.528665542602539
-0.9643158912658691
-3.7562289237976074
-3.1297426223754883
0.4194863438606262
-3.2408664226531982
-1.9951092004776
3.1521668434143066
-1.6509078741073608
1.2023026943206787
1.7569913864135742
-3.9581658840179443
0.962670087814331
-2.5653295516967773
-3.3523778915405273
-0.11495337635278702
0.6437695026397705
1.88217031955719
1.322906732559204
-3.449291706085205
1.1842103004455566
-0.05723874643445015
2.67937970161438
0.11820521205663681
0.7840172648429871
-0.7307283878326416
1.8144924640655518
-1.2740027904510498
-2.583319902420044
-1.5498485565185547
-0.26358887553215027
-0.8644987940788269
0.6751099824905396
0.042633555829524994
0.6884326934814453
0.5855607986450195
-0.3556765913963318
-1.949044108390808
0.31813472509384155
0.4049956500530243
0.9288482069969177
1.7642375230789185
3.5906713008880615
1.6322962045669556
0.6857562065124512
3.8686797618865967
-0.014067021198570728
-2.3458380699157715
-2.203744888305664
0.30795198678970337
2.1730916500091553
0.8467150926589966
2.69572114944458
-2.3214874267578125
2.535860300064087
2.244697332382202
1.8878036737442017
2.627962589263916
1.929643154144287
2.0709919929504395
3.7228331565856934
0.17016975581645966
3.263786554336548
1.7133760452270508
4.171589374542236
-0.003115542232990265
2.6633141040802
1.79194974899292
-0.060935165733098984
2.4139225482940674
0.324810266494751
2.7853939533233643
-1.409216046333313
-0.1961023211479187
2.908846616744995
0.6972659230232239
2.2186925411224365
3.0698018074035645
2.0027787685394287
2.3213822841644287
2.522861957550049
1.7976009845733643
2.3298583030700684
1.132179856300354
1.921486735343933
-1.6960804462432861
1.52916419506073
0.7975850701332092
1.573884129524231
1.3981317281723022
2.7626469135284424
2.983290672302246
1.5421956777572632
-0.11000444740056992
-0.09473912417888641
2.7346551418304443
-0.6453555822372437
2.9257729053497314
-0.7511220574378967
3.512143135070801
1.1929659843444824
1.7100642919540405
1.3674637079238892
2.5561370849609375
2.295138359069824
2.80596661567688
3.8482837677001953
1.493418574333191
1.1724448204040527
2.1846883296966553
0.8647302985191345
1.9741586446762085
-0.9257663488388062
-0.8744902610778809
2.7678616046905518
1.9652585983276367
1.3297698497772217
-0.015515741892158985
0.28171539306640625
0.41611433029174805
-0.11407074332237244
-0.4309046268463135
0.14235447347164154
-1.5445961952209473
0.6255135536193848
-1.7943364381790161
-2.2442827224731445
-0.29252710938453674
-3.2721638679504395
-1.7308480739593506
0.21178503334522247
-1.3692666292190552
2.816743850708008
-4.986156463623047
-1.7335126399993896
-2.476254940032959
-0.2785136103630066
-0.9215463399887085
1.8257770538330078
-1.2560549974441528
0.2336668074131012
-0.24729184806346893
-0.2621646821498871
-1.015717625617981
0.09970590472221375
-1.5059401988983154
-1.0283011198043823
2.482668876647949
-2.9110560417175293
1.5631520748138428
-1.0087385177612305
-2.912374496459961
1.5027740001678467
0.7159295678138733
0.12525123357772827
-1.9320127964019775
-3.8011162281036377
-0.5945711135864258
0.26281923055648804
-1.1363275051116943
1.0046966075897217
-1.6319689750671387
0.46755877137184143
0.20344969630241394
-2.6309003829956055
-0.5507762432098389
-0.8247529864311218
-0.7126345634460449
-2.5327200889587402
-2.375565528869629
-2.3642795085906982
-4.363037109375
-0.3240278363227844
-0.16355669498443604
-0.6826931834220886
-0.11991395801305771
-0.3124333918094635
-2.3828537464141846
1.1056134700775146
-0.8490548729896545
-1.9725247621536255
-2.7572991847991943
-0.9320425391197205
-0.09382905066013336
2.1804420948028564
5.087258338928223
0.3559668958187103
3.89605712890625
4.408203125
-0.1860053390264511
-4.054441928863525
-0.05335942655801773
-3.9534454345703125
5.52468204498291
0.8280007839202881
0.5875229835510254
-0.6356084942817688
-3.631967544555664
-1.7186830043792725
-1.8698583841323853
-0.13316456973552704
2.0531082153320312
-1.3059263229370117
0.030567316338419914
0.2652088701725006
0.6467064023017883
3.6618504524230957
2.2131803035736084
3.5899455547332764
0.6748186945915222
-2.3724558353424072
2.1007280349731445
2.987298011779785
-0.52798992395401
-1.3923139572143555
1.5131663084030151
2.7455201148986816
0.9676805138587952
0.19388531148433685
0.8974429965019226
-1.6583882570266724
1.016089916229248
-2.4245874881744385
3.559370994567871
-2.926584482192993
-0.6106019020080566
-2.8496906757354736
1.340624451637268
0.03994310647249222
-0.2507922947406769
0.29169878363609314
5.113095760345459
2.22749924659729
-0.7995952367782593
-2.740248918533325
-1.014294147491455
1.8233762979507446
-4.002025604248047
1.7023334503173828
-0.8340572118759155
2.253483533859253
2.3227319717407227
0.003341506002470851
0.4940144717693329
-1.0448565483093262
3.86940860748291
-0.556942343711853
-0.5686030983924866
0.9375922083854675
-1.4021906852722168
-1.1793568134307861
-2.9685347080230713
-2.650155782699585
-3.2232730388641357
-2.5432958602905273
-2.363184690475464
-0.017554476857185364
-2.8298091888427734
-1.2132142782211304
-0.43619388341903687
-3.3313801288604736
1.548460602760315
-0.27776774764060974
-0.6482757925987244
-3.194257974624634
-3.2857067584991455
-2.3645598888397217
-0.25522536039352417
0.9897735714912415
-2.3979227542877197
-2.0980889797210693
-0.7242243885993958
-0.26576435565948486
0.10599540174007416
-2.88424015045166
0.5273171067237854
-3.0588858127593994
-0.20833449065685272
-1.5664530992507935
-0.8124515414237976
-0.3545362651348114
-1.7078564167022705
0.48635727167129517
0.7662269473075867
-0.6783270239830017
0.6163928508758545
-0.21532781422138214
-3.514721155166626
-2.3322091102600098
-0.8962376117706299
-0.4494326412677765
-0.425071656703949
0.15321776270866394
-3.4939796924591064
-0.4076291024684906
-0.7607681751251221
-2.6848130226135254
-1.6927720308303833
-0.31021833419799805
-1.6240788698196411
-1.8189163208007812
1.5374656915664673
-1.6468175649642944
0.37239354848861694
-3.6442322731018066
-1.4151809215545654
-4.32275390625
1.2462427616119385
-2.3661272525787354
-0.9718964695930481
-2.1163206100463867
-3.844059467315674
3.195580244064331
-1.8461962938308716
1.8849327564239502
-0.01776820234954357
0.8680615425109863
3.431288242340088
-2.464211940765381
3.352243185043335
4.684980869293213
-0.6872649192810059
-0.08863164484500885
-3.347378730773926
2.3347837924957275
2.3319337368011475
1.3874130249023438
1.5845531225204468
2.288698673248291
-0.08211642503738403
1.7728354930877686
-1.2460664510726929
-3.900796890258789
1.319454550743103
0.48065194487571716
-1.1252548694610596
-0.17161570489406586
0.4978583753108978
0.7234777212142944
-0.7766092419624329
-1.8796480894088745
-0.17330382764339447
2.507645845413208
-3.0345818996429443
3.997802495956421
2.016206979751587
2.725572109222412
0.3044413924217224
1.934120774269104
1.8824622631072998
2.896439552307129
3.367936611175537
0.38004398345947266
0.7854189276695251
-1.037280797958374
2.3241543769836426
0.2977098226547241
0.11710762977600098
-2.0986196994781494
-0.19648541510105133
-2.9229001998901367
-2.711557626724243
2.4881412982940674
3.6000986099243164
0.7220314145088196
2.805612325668335
-1.6632637977600098
-3.577906847000122
-0.3950057923793793
-1.2772821187973022
1.5563632249832153
-0.2106856256723404
0.9494479894638062
-0.31163734197616577
0.6076037287712097
-3.4750401973724365
-2.0200576782226562
-0.2508528232574463
-3.4292099475860596
-1.6237471103668213
-1.521341323852539
-2.4778881072998047
-0.9803150296211243
-2.689173460006714
-1.2112427949905396
-3.4311234951019287
-1.4553322792053223
-1.3790247440338135
-1.4312628507614136
-2.6080427169799805
-0.14087817072868347
-2.33382511138916
-0.28361985087394714
-0.820724368095398
-2.6543705463409424
-0.41350746154785156
-0.11883492767810822
-3.9473323822021484
-2.7178573608398438
-1.8179231882095337
-0.8396396040916443
-1.1858940124511719
-3.705808162689209
0.15303482115268707
-2.1854093074798584
-0.747303307056427
0.6216163039207458
0.17156635224819183
-3.6280806064605713
-2.112959623336792
-0.303565114736557
-1.8937433958053589
-2.38895320892334
-2.9677438735961914
0.30323952436447144
-4.106599807739258
-1.1555097103118896
-2.4155216217041016
2.0634799003601074
-1.005398154258728
-1.6999708414077759
-1.1596897840499878
-0.14478075504302979
-0.4439038634300232
-0.7369112372398376
1.5462393760681152
-3.108955144882202
-2.235071897506714
0.3521949350833893
1.871487021446228
2.2201030254364014
0.045863378793001175
-3.246232271194458
-0.5967238545417786
-3.6110167503356934
-4.208323955535889
-2.369055986404419
0.341278612613678
-0.9737114310264587
0.8921964168548584
-0.5149224400520325
0.8344748020172119
0.5961884260177612
-0.4121314287185669
0.9361212849617004
1.9523895978927612
2.6255085468292236
0.508219301700592
2.7926392555236816
-0.3431243598461151
2.2524101734161377
1.5330371856689453
-0.3410432040691376
1.895771861076355
1.904215931892395
-0.208639457821846
0.9452434778213501
1.9674577713012695
-0.20210109651088715
3.613527774810791
2.2465035915374756
3.0492374897003174
0.780169665813446
2.2758569717407227
-1.205028772354126
2.551342725753784
3.9827396869659424
1.0114715099334717
1.4833844900131226
-1.4523590803146362
2.5674426555633545
3.267366886138916
1.2025662660598755
1.3061424493789673
0.722811758518219
2.0116140842437744
3.109612226486206
-0.7545415759086609
1.3279051780700684
-0.30472317337989807
0.5469005107879639
3.157498359680176
0.3003968298435211
1.175463080406189
-0.06928423792123795
3.7884678840637207
1.2627793550491333
0.2796679139137268
2.470055341720581
1.5739744901657104
3.1623573303222656
1.653592586517334
2.148047685623169
3.677440881729126
1.0591425895690918
3.4540743827819824
1.421777606010437
0.21857276558876038
1.0528512001037598
-0.35805076360702515
-0.09999299794435501
-0.43753761053085327
2.0922226905822754
-0.24758899211883545
-0.4646933078765869
1.3514893054962158
1.516636610031128
-0.008899160660803318
1.6370015144348145
3.0824930667877197
-1.638100028038025
0.5540659427642822
3.064441680908203
0.07262839376926422
2.712259292602539
0.37408989667892456
2.0191078186035156
2.656233787536621
2.758523464202881
-0.374654084444046
4.557910442352295
3.1636435985565186
3.4744343757629395
5.320392608642578
-0.10135562717914581
2.85554838180542
-0.9162440896034241
0.7218592762947083
-1.841668963432312
1.750285267829895
3.008652925491333
2.4069695472717285
1.092897891998291
2.7604622840881348
-0.09855176508426666
2.0644021034240723
0.1281433254480362
0.009295004419982433
1.9004017114639282
1.2670047283172607
-1.275640606880188
-0.23144835233688354
3.317030668258667
-2.5837247371673584
4.135281562805176
0.5399904847145081
4.503064155578613
1.9244210720062256
-1.4988534450531006
-2.9948980808258057
3.4676897525787354
-0.45469993352890015
1.6439107656478882
-0.7979967594146729
0.9653823971748352
-0.42386218905448914
1.0960360765457153
3.066603660583496
0.30003756284713745
0.0837644711136818
-0.05770599842071533
0.12847226858139038
2.3271236419677734
-2.015608549118042
0.2915950417518616
1.6540393829345703
2.810950517654419
-1.041486382484436
1.1654595136642456
-0.7895364761352539
2.717559576034546
0.4459521174430847
-1.543420433998108
-2.959216833114624
-3.196939706802368
2.6407763957977295
-2.4575912952423096
-3.0302958488464355
1.235204815864563
-0.7898213863372803
-0.2532365918159485
-1.3912657499313354
-0.623116135597229
-0.37855949997901917
0.6182798147201538
-0.30643609166145325
2.8529224395751953
-0.5531930327415466
0.7579954862594604
-0.1288740485906601
1.4074527025222778
-3.409364700317383
-0.4344448745250702
-5.030489921569824
-3.8434536457061768
0.42326775193214417
-3.828312873840332
-0.2561894357204437
-2.1193673610687256
-3.6630208492279053
-2.22432017326355
-1.9120850563049316
0.1148766353726387
0.005201961845159531
-3.136101722717285
-2.128417491912842
0.41485416889190674
-1.0978071689605713
-0.6010571122169495
-3.8899941444396973
-0.8990424871444702
0.4120355546474457
-0.5137763023376465
-0.564166247844696
-1.6243300437927246
-0.1553543359041214
-4.498504638671875
-2.813511371612549
-3.488379716873169
-1.1868796348571777
-3.1809470653533936
-0.08162679523229599
-1.5813746452331543
-1.6330933570861816
0.41779613494873047
-2.0074684619903564
-0.10787394642829895
-1.5949044227600098
-2.5966145992279053
-1.5675501823425293
-2.0632522106170654
1.803341031074524
-1.5076048374176025
-1.2921507358551025
-0.8679783344268799
2.5057687759399414
0.07761338353157043
2.1561734676361084
-1.5445772409439087
-0.13309124112129211
3.7638354301452637
2.127281665802002
-2.1902966499328613
1.6763273477554321
5.569317817687988
-1.3254995346069336
0.19376829266548157
1.606919527053833
1.6618832349777222
4.365272521972656
-1.1034432649612427
-0.23510503768920898
0.843428909778595
3.604337692260742
-0.29520589113235474
0.988724410533905
-1.635333776473999
0.5805125832557678
4.491714000701904
1.66204035282135
2.7544097900390625
-1.2356765270233154
1.0710718631744385
2.20499324798584
-2.178067684173584
0.9536604881286621
-1.8922456502914429
2.0089855194091797
0.9332966208457947
-0.3698752224445343
0.31925415992736816
0.7513554096221924
1.1445847749710083
-1.5228462219238281
-0.28690698742866516
-2.1987454891204834
0.45511335134506226
2.371605157852173
0.1051633358001709
0.7583387494087219
2.6300649642944336
1.0081480741500854
2.203897714614868
0.1391630321741104
-0.4121670722961426
-1.5926885604858398
1.1580971479415894
0.2238920032978058
0.47186189889907837
2.0731401443481445
4.206108093261719
-0.0911829024553299
1.074337124824524
0.45727643370628357
1.1395686864852905
-2.081247091293335
-1.1450538635253906
-2.8211989402770996
-1.7694300413131714
-0.3986850380897522
-2.9537453651428223
-2.086103677749634
-2.584888458251953
-1.4506804943084717
-2.739811897277832
-2.226522445678711
0.27008599042892456
-3.581294536590576
0.09123704582452774
-2.861672878265381
-2.7447550296783447
-1.5008857250213623
-1.9963680505752563
-1.138926386833191
-1.4665701389312744
-2.712869882583618
-2.4842777252197266
-3.2864444255828857
-0.20320016145706177
-2.0433318614959717
0.5767905116081238
-2.3898916244506836
-3.6559224128723145
-0.31977736949920654
-1.7030550241470337
-0.20143982768058777
-1.4261521100997925
-2.501486301422119
-2.052724838256836
-2.9298131465911865
-1.8913244009017944
-1.8217819929122925
-2.9008758068084717
0.5524446964263916
-0.12143555283546448
-1.7075029611587524
0.5496407151222229
-0.9497917890548706
-1.2947643995285034
2.3972840309143066
-1.6269583702087402
-0.5197053551673889
-3.028860569000244
-0.1468958705663681
-2.6418182849884033
-2.478976249694824
-2.5518059730529785
-2.78896164894104
0.44351035356521606
0.26393431425094604
-1.8619730472564697
-1.6065365076065063
-2.316006898880005
-1.5315226316452026
-0.8717027902603149
-3.520699977874756
0.3354443311691284
-1.2121421098709106
-3.501253366470337
1.3764101266860962
2.3046162128448486
-0.2739267647266388
1.1608633995056152
0.7109201550483704
-0.23053763806819916
3.0033047199249268
2.681248903274536
2.330150842666626
2.945100784301758
2.7755215167999268
1.9660463333129883
0.1365063339471817
0.511567234992981
4.213471412658691
0.6436172723770142
1.0556272268295288
1.5511245727539062
2.172182083129883
1.7218669652938843
2.2056891918182373
0.26767051219940186
3.149968385696411
1.4958480596542358
0.5533213019371033
1.2781572341918945
2.852480411529541
2.8989975452423096
1.5757652521133423
2.436318874359131
1.8336962461471558
0.40214043855667114
0.7433440089225769
-0.10788572579622269
1.3128511905670166
2.3272244930267334
0.9013461470603943
2.4824142456054688
-0.0137247946113348
2.6629340648651123
2.1191585063934326
1.2424557209014893
2.699033737182617
0.44197800755500793
1.330916404724121
3.341848134994507
1.1762751340866089
1.6774851083755493
1.1522380113601685
1.9074106216430664
1.295520544052124
2.668466091156006
2.90291166305542
1.2366554737091064
2.6307554244995117
1.1276657581329346
1.492634892463684
1.4839664697647095
1.9322601556777954
1.2682913541793823
-0.6483868360519409
2.340571403503418
2.1199610233306885
3.4847609996795654
-0.5198789238929749
-0.4805377423763275
5.023857593536377
0.9195072054862976
1.9360125064849854
5.324792861938477
-0.35593852400779724
-1.5051220655441284
0.46740323305130005
3.5364532470703125
0.11984128504991531
0.3728148937225342
4.032917022705078
-1.4555453062057495
0.9396104216575623
1.0261622667312622
2.291219711303711
-0.04908514395356178
2.654116630554199
3.7303617000579834
1.9358235597610474
1.381004810333252
2.417095899581909
-0.1424485445022583
-0.5688093304634094
0.4784814715385437
2.127263307571411
-0.2684496343135834
0.5858866572380066
2.7782998085021973
0.3184012174606323
0.5362318754196167
0.7591982483863831
3.3671715259552
0.5363518595695496
1.454896330833435
2.9253413677215576
0.6011653542518616
0.5803959369659424
-2.5297131538391113
0.8709830641746521
-0.3750041127204895
0.31131136417388916
0.6153680682182312
1.497067928314209
-1.7175933122634888
0.10646156221628189
2.253136157989502
5.226706027984619
2.5636117458343506
1.1625033617019653
1.0070395469665527
-0.8404802083969116
-1.251863956451416
-0.07017065584659576
2.373337984085083
1.7760556936264038
-0.23753246665000916
1.6248918771743774
0.626530647277832
-0.6730440258979797
-1.482519268989563
5.216433525085449
3.2017219066619873
2.335663080215454
-1.5974501371383667
-1.5664409399032593
-1.449610948562622
-1.9250067472457886
-3.6559033393859863
-2.516765594482422
-2.460524797439575
-3.287036180496216
-2.7731540203094482
-1.5746467113494873
-2.460266590118408
-0.6281976699829102
0.44013655185699463
-4.024184226989746
-0.93359375
1.1315053701400757
-1.8067704439163208
1.5829172134399414
-1.8100589513778687
-3.1330437660217285
-0.26734647154808044
-3.927894353866577
-2.5561647415161133
-1.0645376443862915
0.03061636909842491
-2.6665756702423096
-3.632800579071045
0.19943800568580627
-2.7563350200653076
-0.5412696003913879
-1.775371789932251
-0.019302016124129295
-2.1763126850128174
-1.206565022468567
-3.0196704864501953
0.02985602244734764
-1.0427064895629883
-2.4278295040130615
-1.2052370309829712
-3.59633469581604
1.1405943632125854
-1.6256420612335205
0.09218133240938187
-2.9738945960998535
-0.36014923453330994
0.4883846938610077
-1.460519790649414
1.1605160236358643
-1.6616250276565552
-1.5434709787368774
-1.3262418508529663
-2.1756508350372314
-2.5017449855804443
-2.1358115673065186
0.07581330835819244
-1.514960765838623
-2.6337714195251465
-1.295016884803772
1.754211187362671
1.1350096464157104
-1.714022159576416
-1.1322245597839355
-3.0939958095550537
