-11.845004081726074
-10.813004493713379
-47.64594268798828
-24.57597541809082
-40.42172622680664
16.29590606689453
42.12588882446289
21.85707664489746
11.234915733337402
-7.747509956359863
-7.569768905639648
3.0111591815948486
-45.140289306640625
-16.972429275512695
-19.057130813598633
22.759428024291992
-3.445972442626953
4.858628749847412
-1.934612512588501
-5.409328937530518
-30.388809204101562
-20.888343811035156
-48.751495361328125
-15.91862678527832
-10.788081169128418
-6.927890777587891
40.90272521972656
-30.32921028137207
-14.52974796295166
0.35337984561920166
-0.74394291639328
-23.32550048828125
-9.924825668334961
5.361489295959473
-17.971647262573242
-48.71589660644531
18.80355453491211
-31.53667449951172
-3.9158363342285156
-51.299896240234375
-49.25347137451172
-49.19219970703125
-18.346296310424805
-26.04793930053711
1.2823550701141357
-32.561729431152344
25.35334587097168
-43.90567398071289
-31.248598098754883
-40.19856262207031
-36.592376708984375
-28.21868133544922
-6.495675563812256
-33.957550048828125
-54.04926300048828
-38.61772918701172
-38.45149230957031
-41.13642120361328
-26.583311080932617
-4.567606449127197
102.0714340209961
-40.031288146972656
4.0087361335754395
-40.98289108276367
