0.4690835773944855
1.5894917249679565
1.3886593580245972
1.1331212520599365
2.0134036540985107
0.48681971430778503
1.7813589572906494
1.3270256519317627
0.4366147518157959
0.41570448875427246
0.4639182388782501
1.354777455329895
1.4166065454483032
0.7436862587928772
0.5645815134048462
1.7623870372772217
0.375929594039917
0.8542506694793701
0.48146167397499084
0.41173821687698364
0.8033440113067627
1.4499505758285522
0.4176357388496399
0.2827027142047882
1.3822870254516602
1.0863746404647827
0.9970229268074036
1.8909403085708618
1.0850491523742676
1.7125273942947388
1.0037178993225098
1.6291618347167969
