3.415219783782959
0.5627886056900024
-0.7937332391738892
-1.1678487062454224
-2.831624984741211
0.7311784625053406
-1.6544713973999023
1.3271297216415405
-1.4330333471298218
2.226191759109497
0.4322808086872101
2.387294292449951
2.0645463466644287
-0.7891408801078796
-1.272014856338501
-0.9505689740180969
-1.828615427017212
2.226956605911255
0.026201246306300163
1.6059447526931763
3.5523171424865723
1.3177098035812378
0.4841100871562958
-0.024573013186454773
3.398512125015259
-0.5307188034057617
-2.587635040283203
2.6620874404907227
-0.7082615494728088
-0.9904388785362244
-0.3053382933139801
1.6658315658569336
1.3877941370010376
1.1426150798797607
0.8411794900894165
-0.05874074250459671
-2.7688488960266113
-1.10817551612854
1.8989284038543701
-1.7649997472763062
-1.7230818271636963
-1.2944661378860474
2.8416478633880615
1.4075849056243896
-0.10085267573595047
-2.2186148166656494
1.2957035303115845
-1.2892736196517944
-1.110522747039795
-0.12898874282836914
-0.8014463782310486
-0.33992382884025574
-1.7511496543884277
-0.5998794436454773
-0.4986649453639984
2.881387948989868
2.603506088256836
0.5138058662414551
0.8563938140869141
-1.433651328086853
-0.6241075396537781
-2.666050434112549
-0.7519580125808716
-0.32199880480766296
-0.2777162790298462
2.613586902618408
-1.744878888130188
0.8070757389068604
-3.2126052379608154
-0.09410292655229568
-3.727065324783325
1.3001549243927002
-2.572190999984741
-0.44167014956474304
2.5512282848358154
-0.7189129590988159
1.4453340768814087
-1.86070716381073
-4.42009973526001
-0.6076627373695374
0.7362130880355835
1.1686639785766602
-2.0834741592407227
-0.9515055418014526
-1.1991440057754517
-0.4813472330570221
-0.5662984848022461
0.2056477963924408
1.3489962816238403
-0.6407256722450256
1.6101109981536865
-0.8695588707923889
0.032938096672296524
0.14536984264850616
0.7668152451515198
0.3094799220561981
-1.2263065576553345
1.8843599557876587
1.2499337196350098
2.256234884262085
2.231635570526123
1.0958999395370483
0.5561302900314331
0.35241949558258057
-1.8628634214401245
-0.10460574924945831
3.9745850563049316
0.19096128642559052
-0.16779276728630066
-2.63059139251709
0.0664936974644661
1.4369244575500488
0.07807651907205582
1.375051736831665
-0.035931751132011414
0.15960431098937988
0.8836460709571838
-0.04046604409813881
-0.20232534408569336
-0.2793095111846924
0.12399598211050034
-0.1271577626466751
0.02185749262571335
-0.37851661443710327
0.9185994267463684
-0.007626935373991728
-0.2002166360616684
-0.5829649567604065
-0.5616796016693115
-2.503655433654785
-0.919535219669342
-2.4184987545013428
2.6385605335235596
0.3812437355518341
-0.8731728196144104
-1.3117907047271729
-2.986973524093628
-2.5165328979492188
0.23495124280452728
-0.6795413494110107
1.6480880975723267
4.9020185470581055
0.614163339138031
-3.452730417251587
-4.024972915649414
0.407323956489563
1.3504021167755127
0.700192928314209
0.9235736727714539
0.11723265796899796
0.7520943880081177
-0.0918879508972168
-2.019975423812866
0.7287707328796387
0.7569540739059448
-2.232372283935547
-0.9631857872009277
2.1660549640655518
0.10796042531728745
0.6062822341918945
-1.4894895553588867
2.503824472427368
0.8137333393096924
0.6388157606124878
0.6850790977478027
0.059679217636585236
-1.4259227514266968
-1.1121580600738525
0.4390869438648224
-0.06684455275535583
2.910212278366089
-0.09925214946269989
-0.5960893630981445
-0.5790235996246338
1.0511335134506226
-0.2694200277328491
-0.12377280741930008
3.8305795192718506
1.9716625213623047
-1.6348470449447632
0.20273162424564362
-0.5732966661453247
-3.7770678997039795
-1.0112829208374023
-2.3849282264709473
0.2065308392047882
0.9549400210380554
-2.136301040649414
1.588100552558899
-1.1779454946517944
-0.40451979637145996
-2.1371634006500244
0.046226054430007935
2.5790069103240967
0.5041213631629944
-0.6136970520019531
-0.5492029190063477
0.020665490999817848
-0.24165840446949005
-2.873138189315796
-0.9115861058235168
-2.600663661956787
1.1379703283309937
1.8090885877609253
0.28044742345809937
0.9104598164558411
-1.6170884370803833
-1.5215909481048584
-1.9129356145858765
-0.4542258679866791
-0.8872023820877075
-0.12507310509681702
2.0981249809265137
-2.6371569633483887
1.5165843963623047
1.8828380107879639
1.1094781160354614
-2.116091251373291
-0.23496349155902863
-0.5692975521087646
1.904413104057312
-1.1662997007369995
0.2809188663959503
-0.017535023391246796
0.46548426151275635
0.6180210709571838
-1.7307298183441162
-1.5616557598114014
3.5471577644348145
-0.20366638898849487
1.982973337173462
-2.451962471008301
-0.24844473600387573
-3.5550742149353027
1.615689992904663
1.314193844795227
-0.30536678433418274
1.5915521383285522
-0.1722811609506607
1.0744941234588623
-0.6197858452796936
0.0862572193145752
-1.1140925884246826
1.4191449880599976
0.8381201028823853
-1.0283578634262085
0.03807747736573219
0.32445335388183594
-1.1082055568695068
-1.0769015550613403
0.33161941170692444
0.9165133833885193
1.2777565717697144
1.5925713777542114
1.6804856061935425
-0.06660912930965424
2.245349645614624
-0.12550434470176697
0.946925938129425
-0.37071600556373596
-3.3317744731903076
0.32374507188796997
2.891251802444458
1.4660687446594238
0.699642539024353
2.2582266330718994
1.2798861265182495
-0.7347803711891174
1.2197068929672241
-0.21084287762641907
0.10322171449661255
-1.4383363723754883
-3.3325071334838867
-0.6945080757141113
2.656346321105957
0.15462158620357513
2.309394598007202
-0.7373910546302795
-0.17626865208148956
-3.3659372329711914
4.080493927001953
0.4511425495147705
-5.353146553039551
-1.8429515361785889
-1.061470627784729
-0.9356525540351868
3.5451385974884033
-1.2693989276885986
3.6854398250579834
-0.37549901008605957
2.2998881340026855
-2.6494972705841064
-0.26109981536865234
-2.735797882080078
1.6022720336914062
-0.29444360733032227
-1.6025607585906982
0.204677551984787
3.890413999557495
2.368896007537842
-0.6943983435630798
0.25361236929893494
-2.763843536376953
3.0555570125579834
0.6673183441162109
-3.0659449100494385
0.019706513732671738
-0.9935102462768555
1.4603981971740723
-3.36688494682312
0.7620869278907776
-0.655075192451477
1.6901233196258545
-2.2021052837371826
1.959595799446106
0.5382066369056702
1.3593924045562744
1.2583410739898682
-1.6505945920944214
-0.05337679758667946
0.523842453956604
1.3950248956680298
-0.9442976117134094
1.5289671421051025
-2.3282470703125
0.4332733452320099
0.14753024280071259
0.4908021092414856
-0.06267277896404266
0.03429526090621948
1.8711642026901245
-0.5380983352661133
0.3106675446033478
0.847456693649292
0.6394391655921936
-0.42221611738204956
3.342646598815918
0.5202548503875732
-2.2618801593780518
-2.8486273288726807
0.11172347515821457
0.344264954328537
-0.3932444155216217
0.3146790862083435
-0.19705912470817566
0.24251064658164978
2.433474540710449
0.6173129677772522
-3.1147236824035645
0.2515065371990204
-3.170185089111328
2.2190258502960205
-4.833540439605713
-2.1705915927886963
3.5802109241485596
0.7814915180206299
-1.2307674884796143
-3.757206439971924
-0.44151750206947327
-4.704741954803467
0.4124664068222046
0.6618791222572327
-3.015141010284424
-4.31969690322876
3.041537284851074
0.4181874394416809
2.4887242317199707
-1.8962379693984985
-0.20647095143795013
0.030748577788472176
-0.48580560088157654
-0.271209180355072
1.3526771068572998
0.017094597220420837
0.20740006864070892
-1.1738944053649902
0.47282674908638
0.6652345061302185
-0.33719778060913086
-0.789808988571167
-0.046307969838380814
0.12437592446804047
0.4177399277687073
-0.3293819725513458
0.6055647134780884
-1.7270228862762451
1.6056550741195679
3.3408117294311523
-2.3908159732818604
0.448428213596344
1.1064441204071045
2.8443357944488525
-2.4418628215789795
0.20709672570228577
-0.08506717532873154
-0.3134019076824188
-2.485142469406128
-1.7557272911071777
-0.7787060737609863
-0.9754764437675476
-5.2752556800842285
-0.19981634616851807
0.3570524752140045
0.4050537645816803
-0.06071735918521881
-0.6278975605964661
-0.8535409569740295
0.13367854058742523
-0.5348677635192871
1.3236392736434937
-0.48186632990837097
-2.746074914932251
1.1754339933395386
-1.5927200317382812
-0.704595685005188
0.023079317063093185
-2.183107852935791
1.059080719947815
3.6055164337158203
-0.14507590234279633
-4.53195858001709
-3.073729991912842
-1.3993983268737793
-2.753779649734497
4.011025905609131
0.7886474132537842
-0.1605015993118286
-4.880151748657227
2.8392579555511475
-0.30580979585647583
0.9672691822052002
-1.2964812517166138
1.908015251159668
3.4326775074005127
1.4351812601089478
1.1600576639175415
-2.415619373321533
1.5617083311080933
-0.9242384433746338
0.2271493673324585
-0.882516622543335
1.4313145875930786
1.826550006866455
-1.0861271619796753
-3.4176976680755615
-4.166471481323242
1.0784090757369995
-0.233780637383461
0.13231630623340607
1.3883670568466187
-0.4769110381603241
1.3328368663787842
-2.2514028549194336
0.46167871356010437
-3.310279607772827
-0.8545334935188293
-1.7052325010299683
0.3003009557723999
0.06655775010585785
0.07258203625679016
0.26616695523262024
0.6743494272232056
0.5354499816894531
-1.7027150392532349
2.352613687515259
-0.3924042284488678
-2.593677043914795
-2.000635862350464
1.0195415019989014
0.7107532024383545
-4.125478267669678
-0.2531515657901764
1.4316411018371582
0.007198916282504797
1.6098943948745728
-0.09294065088033676
1.4547004699707031
-0.9538446068763733
-0.2588857412338257
0.6463696360588074
-0.7528331279754639
-0.2404574155807495
0.6230450868606567
-0.740958571434021
0.38116616010665894
-1.636440634727478
0.22610677778720856
-1.5976625680923462
-0.8286218643188477
-3.402738332748413
1.1638422012329102
-1.252978801727295
2.628920078277588
-0.2915734052658081
0.1745682805776596
-0.8158824443817139
0.42505595088005066
-0.762050449848175
-0.33779314160346985
-0.31878599524497986
-1.248089075088501
-0.21627311408519745
-1.0093713998794556
1.0559780597686768
-1.923405408859253
0.6346392035484314
0.1581662893295288
-0.45738130807876587
0.5296850800514221
0.8763540983200073
0.8659271001815796
-0.12466634809970856
0.33126649260520935
-0.07997006922960281
-2.142265796661377
0.20535199344158173
-2.7144970893859863
-0.1938966065645218
3.1132562160491943
1.6889774799346924
1.0118489265441895
1.3386880159378052
-0.21715623140335083
-0.2935698330402374
1.7903259992599487
-1.477137804031372
1.621583104133606
0.22542259097099304
-0.5378957986831665
0.8537496328353882
-1.2487634420394897
-2.374825954437256
2.357753276824951
-0.12513034045696259
1.0423818826675415
-1.9725085496902466
1.7516090869903564
2.7745754718780518
-4.513571739196777
-0.22854380309581757
-4.450931072235107
1.7448269128799438
3.3869712352752686
-0.8152918815612793
2.525245428085327
-1.9094082117080688
1.2025078535079956
-1.041383147239685
-0.07303325086832047
1.3152095079421997
0.1910157948732376
-0.39983078837394714
-2.7094311714172363
-0.8518429398536682
3.9938480854034424
2.2850022315979004
-0.8563172817230225
0.12312327325344086
-1.027531385421753
3.144224166870117
-0.22076818346977234
0.05120193213224411
1.4034041166305542
0.21102486550807953
-1.0623698234558105
-0.07848423719406128
-3.42221736907959
-0.9051363468170166
1.5408461093902588
-1.4963182210922241
-0.33296170830726624
2.092982769012451
0.5550113320350647
1.280754566192627
-0.10935832560062408
0.04107954725623131
-1.793545126914978
-2.944281816482544
-2.0290210247039795
-1.452871322631836
-0.514925479888916
-3.0721445083618164
2.1586074829101562
-2.329429864883423
1.3001731634140015
-1.6268970966339111
-0.6116791367530823
0.6378800272941589
1.796937346458435
5.215511322021484
3.5930190086364746
-1.9207406044006348
3.3942222595214844
-0.5510748624801636
-0.32667800784111023
0.8484339118003845
0.1700749546289444
0.2383953034877777
-1.0416135787963867
-2.0455894470214844
-0.028100017458200455
-2.5266611576080322
2.6220688819885254
1.3134794235229492
-3.5691893100738525
-0.8063123822212219
-3.7191762924194336
2.855144739151001
-0.01330825500190258
-1.5405341386795044
0.1547027826309204
-2.348607063293457
-0.18681031465530396
-0.024679746478796005
-1.6099579334259033
-0.2166835516691208
-2.164785623550415
1.355197548866272
1.4215694665908813
-2.52987003326416
-4.094170570373535
0.9730390906333923
-0.24684950709342957
2.8322579860687256
0.19313755631446838
-0.15138590335845947
-0.5828250050544739
-0.2850067913532257
0.1250617802143097
-0.07450806349515915
0.12952838838100433
0.05677846446633339
-1.1005797386169434
1.0268919467926025
0.025300025939941406
-1.5734702348709106
-0.35687255859375
0.05893019586801529
-0.1333370953798294
-0.10161053389310837
-1.274132251739502
0.7100146412849426
1.5478532314300537
3.9065299034118652
-0.727043628692627
-1.9572101831436157
-0.3838130235671997
4.610820770263672
0.7158399820327759
2.6725380420684814
2.145322799682617
-0.020797329023480415
1.7368552684783936
-4.371532440185547
-2.454799175262451
3.0946569442749023
-3.9754254817962646
-1.4300020933151245
0.04746965691447258
0.8100752830505371
-0.06461599469184875
0.4257252514362335
0.0042007798328995705
1.7315080165863037
-0.11331925541162491
2.272582530975342
0.9314053654670715
-2.014904022216797
-0.17109178006649017
-0.45285940170288086
0.030781209468841553
1.0528401136398315
3.9333205223083496
1.5496203899383545
-1.593165397644043
-3.7627322673797607
-0.2992938756942749
0.9027460217475891
-1.5384001731872559
2.930176019668579
2.706188678741455
0.5430179834365845
4.07928991317749
-0.6409894824028015
-3.512636184692383
-0.9607483744621277
-4.086221694946289
3.7376325130462646
-0.030345315113663673
2.032785415649414
1.4520204067230225
0.507530152797699
-0.7764333486557007
-3.7335407733917236
1.4693210124969482
-0.6621524095535278
1.6731481552124023
-1.8962024450302124
2.137721300125122
2.150045394897461
-0.05800560489296913
0.5872344970703125
-0.2624705135822296
1.294155478477478
-0.39495566487312317
0.03846876695752144
-3.1386921405792236
1.6903700828552246
-2.8077733516693115
-0.6446056365966797
-2.900198459625244
1.3818690776824951
-1.2505383491516113
-0.03571995347738266
0.09790335595607758
-0.551140546798706
-2.396800994873047
-0.3352539837360382
0.3142684996128082
0.3408984839916229
0.9708808660507202
0.6815429329872131
-2.373455286026001
-0.1720505654811859
0.21612349152565002
1.9505704641342163
-3.926333427429199
0.16916751861572266
-0.12163682281970978
-0.6670575141906738
-0.5360698103904724
-1.0371458530426025
-0.023155268281698227
0.44576236605644226
-1.5653998851776123
-0.487623006105423
0.824974536895752
2.890552282333374
2.3590216636657715
3.109549045562744
-2.202636957168579
0.11588183045387268
-4.77415657043457
0.7318204641342163
0.9907391667366028
0.5960274934768677
-0.20680829882621765
-0.9227132201194763
3.3548240661621094
-1.9587233066558838
-0.8441188335418701
2.433680772781372
1.038045883178711
-1.5106474161148071
-1.4733725786209106
1.1495580673217773
0.7901477813720703
0.28133851289749146
0.0018159844912588596
0.18563804030418396
0.26349005103111267
0.17787031829357147
0.28425133228302
-0.2629779279232025
-0.6059147119522095
1.3446123600006104
1.2249984741210938
-0.4935589134693146
2.9207489490509033
-1.274955153465271
-2.026110887527466
-1.0860466957092285
1.2431117296218872
0.24213050305843353
0.5891567468643188
1.1467475891113281
-1.0986671447753906
1.0621774196624756
1.4643093347549438
2.9278440475463867
0.08976193517446518
-0.16216976940631866
-0.8467065691947937
-0.20225471258163452
3.2403454780578613
1.4547069072723389
0.776037871837616
-0.11058451235294342
-1.0100902318954468
-0.06296759098768234
-2.7968344688415527
0.6215103268623352
3.9312925338745117
0.9210839867591858
1.9161627292633057
0.009953386150300503
-0.8357908129692078
0.5542451739311218
-4.4395294189453125
3.768360137939453
-2.4734978675842285
2.325765609741211
3.7750027179718018
1.5616401433944702
2.6833481788635254
2.786388874053955
3.073007583618164
0.040972188115119934
-1.840465784072876
3.739163637161255
0.7359769940376282
-1.11824369430542
-0.17971689999103546
-2.2538278102874756
1.815170407295227
-2.5795528888702393
-2.9298765659332275
-1.628778100013733
0.37755998969078064
1.6298710107803345
3.0683951377868652
1.8164234161376953
2.7845020294189453
2.081825017929077
2.60906720161438
0.6512133479118347
1.097506046295166
1.5615938901901245
-1.3881033658981323
-3.36291766166687
2.017096519470215
-0.07146558910608292
-0.7579552531242371
2.1501903533935547
3.359671115875244
-0.049967966973781586
-2.373871326446533
-1.904759168624878
-2.924619436264038
1.288841962814331
0.29955756664276123
1.3523194789886475
1.3165425062179565
-1.4921797513961792
1.976899266242981
-2.136936664581299
-3.726358413696289
0.6953052878379822
-1.2980523109436035
0.8156588673591614
-0.35693320631980896
2.140024423599243
0.2163100689649582
-0.11133716255426407
-0.4476550221443176
0.6733198165893555
-1.6796234846115112
-1.4214673042297363
0.8676117658615112
1.730782389640808
-0.055002253502607346
-1.1039170026779175
2.643549680709839
-1.626664400100708
3.9918086528778076
-3.3592898845672607
-0.3732501268386841
-1.4093409776687622
0.14157356321811676
0.028172507882118225
-4.044973850250244
-0.6672075390815735
1.9828503131866455
0.678412139415741
4.106073379516602
-0.6584073901176453
0.8698298335075378
-1.6848602294921875
-3.333176374435425
2.8170673847198486
-0.08619045466184616
1.5420678853988647
0.1589353233575821
0.4610869884490967
0.13300730288028717
0.6501317620277405
0.026754818856716156
-0.08815968781709671
0.7164940237998962
-0.8940528631210327
-0.7482530474662781
0.22241225838661194
1.8583427667617798
-0.20747780799865723
-1.0716239213943481
1.0413850545883179
1.3721150159835815
-2.9708139896392822
-2.2042062282562256
-3.9207842350006104
2.415433883666992
-0.612200140953064
0.23846535384655
-0.8491644263267517
-3.1476569175720215
-0.7597772479057312
0.002963404869660735
1.555159568786621
-0.6897516250610352
4.906574249267578
2.066615581512451
-2.4817662239074707
0.7459624409675598
-0.8441271781921387
-0.9908403754234314
-2.030468463897705
1.193529725074768
0.05373053625226021
-1.9312485456466675
1.0678088665008545
-0.8399075865745544
0.0075650447979569435
1.9799238443374634
-0.7303972840309143
1.6577190160751343
2.1076555252075195
0.08316487073898315
-0.31883594393730164
2.2309489250183105
-1.7176018953323364
-0.22831834852695465
-2.2171785831451416
1.9449070692062378
2.0034899711608887
-4.950708866119385
-0.4674418866634369
1.5167138576507568
-0.885844886302948
2.5543839931488037
-1.5421820878982544
1.9392586946487427
1.4226113557815552
-2.4738733768463135
-0.33527401089668274
2.6751182079315186
1.8195908069610596
-0.20982524752616882
-2.8954877853393555
2.200328826904297
-1.7736270427703857
-2.2512741088867188
-0.43905332684516907
0.5952672958374023
-2.3257088661193848
-1.2137985229492188
-0.06463808566331863
0.6295021772384644
-0.15579192340373993
0.337952196598053
-2.2978618144989014
-2.759491443634033
2.532413959503174
1.9763834476470947
1.1090178489685059
-1.3595311641693115
-2.423875331878662
-0.9115450978279114
-3.2597451210021973
0.926025390625
0.15432311594486237
-0.6947641372680664
2.898186683654785
2.580422878265381
1.534511685371399
0.025386866182088852
-1.1243847608566284
-3.6943604946136475
-0.8425584435462952
0.2446683794260025
2.4553942680358887
1.1050626039505005
-3.067612648010254
0.6153603196144104
2.4188947677612305
1.532411813735962
2.203889846801758
0.8115711212158203
-2.136824131011963
2.8088505268096924
0.4220079183578491
0.27971312403678894
0.3788505494594574
-3.703028678894043
-0.11893715709447861
0.6717000603675842
-0.31601837277412415
2.9025819301605225
0.1516357660293579
3.591846466064453
-1.9023456573486328
-0.03675922006368637
-1.1830289363861084
-1.869648814201355
0.12730540335178375
2.301647186279297
-0.13225044310092926
3.926401376724243
0.0889182910323143
-1.2004145383834839
1.479442834854126
-0.3699447512626648
-0.4281911253929138
0.9964096546173096
0.06711281090974808
-0.23061321675777435
1.5219638347625732
-0.9889427423477173
1.0481867790222168
-0.5189787149429321
0.7190024852752686
1.006475567817688
1.3695108890533447
0.7024223804473877
-0.12792876362800598
0.25400474667549133
-1.7437163591384888
-0.2992599606513977
0.7529889345169067
0.5047770738601685
1.6188971996307373
3.1783833503723145
1.1200636625289917
0.02028292790055275
1.1274977922439575
2.001811981201172
2.04917311668396
-0.9736863374710083
-0.22776836156845093
0.7438547611236572
-0.6950811743736267
4.712600231170654
1.5460931062698364
-1.426088809967041
2.121811866760254
2.2255756855010986
1.731666922569275
-0.7767806649208069
0.11906623095273972
2.8823647499084473
2.0165998935699463
1.8527698516845703
2.06109619140625
-4.527938365936279
-0.4071436822414398
-2.4825005531311035
4.603092193603516
-1.7046998739242554
1.7852542400360107
5.27021598815918
2.231825590133667
-0.010256446897983551
-3.6199123859405518
2.283937454223633
-1.20402193069458
1.1852593421936035
4.612517833709717
-2.015965461730957
-1.2430819272994995
3.113098621368408
0.4763964116573334
0.6139533519744873
-1.567164659500122
-2.8990213871002197
-4.628597736358643
3.0167531967163086
-0.6791791319847107
-3.0303568840026855
-6.021604061126709
-0.3659572899341583
-3.019775152206421
4.198434352874756
-2.647454023361206
-1.8916867971420288
-3.1414706707000732
3.9401133060455322
3.324834108352661
-0.34999880194664
-1.3493891954421997
1.1312024593353271
0.002235964173451066
3.09965181350708
1.5038114786148071
0.7652623653411865
2.800680637359619
-1.2812649011611938
1.6329935789108276
1.0467079877853394
2.3987033367156982
1.832072138786316
-0.6504023671150208
-1.7282956838607788
-1.8292171955108643
-3.418091058731079
2.7596328258514404
-0.47742611169815063
-0.07094090431928635
0.6009352803230286
0.13027416169643402
2.9433679580688477
-2.092188596725464
1.90897798538208
-1.669226884841919
-1.5305265188217163
-0.26845991611480713
0.459344744682312
3.3529398441314697
-1.131064772605896
1.0612752437591553
2.319869041442871
-0.8822283744812012
4.4618144035339355
-3.268454074859619
-2.9686124324798584
3.216111898422241
0.11680779606103897
1.0764926671981812
-0.7832940816879272
-1.9299781322479248
-0.8533278703689575
-0.8211976885795593
4.310654640197754
0.9035216569900513
-2.8539977073669434
-0.9310656189918518
-0.11882041394710541
4.3270392417907715
0.24567262828350067
-0.8193694949150085
-0.06179754063487053
-0.5893991589546204
0.7653372287750244
-0.3341047763824463
0.2079606056213379
-0.0866723358631134
-0.27499765157699585
0.43187862634658813
-0.9399445056915283
-0.4503811001777649
-0.043350785970687866
0.4588961899280548
-0.44224464893341064
-0.18506500124931335
2.374664783477783
0.6485763788223267
-2.513141393661499
-2.1530613899230957
2.9985926151275635
4.242227077484131
1.2018766403198242
4.217632293701172
-4.48315954208374
2.001715898513794
3.859870672225952
2.744692087173462
-3.936739444732666
-3.6519815921783447
-0.04337170720100403
-1.7659181356430054
0.9697908759117126
-0.012616319581866264
-2.922682523727417
0.18440693616867065
0.3909659683704376
-0.247657909989357
-2.0510995388031006
0.24971261620521545
0.3039148151874542
1.5375896692276
-0.49908822774887085
-1.7814123630523682
-0.571031391620636
-0.27850863337516785
-1.0659399032592773
-0.8199363946914673
1.4460313320159912
0.9776511192321777
0.3841513991355896
3.6843838691711426
2.9204421043395996
3.302053213119507
1.0939007997512817
-0.579147219657898
2.5806148052215576
-1.045579433441162
3.0044960975646973
-0.11490465700626373
-2.8384060859680176
-3.732250452041626
3.6879169940948486
2.2257325649261475
2.4666123390197754
-1.2254045009613037
1.3509056568145752
-1.9217512607574463
4.153141021728516
3.823176383972168
-0.7138334512710571
0.7482685446739197
-1.3901596069335938
-2.755059242248535
0.6390771865844727
2.3873021602630615
-3.583003282546997
-4.10532283782959
-1.3569552898406982
-0.1463126838207245
2.4183874130249023
0.05912548676133156
-1.923356056213379
-1.1738579273223877
-2.4615323543548584
0.06245621666312218
-4.034003257751465
1.3377835750579834
-0.8623243570327759
2.6857824325561523
-0.626156210899353
2.691179037094116
-0.40485191345214844
0.027757970616221428
-1.4393205642700195
2.8756086826324463
-0.14038246870040894
-1.1254369020462036
-1.0536636114120483
0.020039137452840805
0.610222578048706
-1.2585070133209229
-4.219910144805908
2.82379412651062
1.995591640472412
2.219054698944092
-0.7523508071899414
-3.787940502166748
2.004392623901367
0.882780134677887
0.2835971713066101
-0.13230760395526886
-1.036789894104004
-2.3302886486053467
-0.9076754450798035
-0.03180888667702675
-1.2445662021636963
-5.476911544799805
-3.375404119491577
0.5555828213691711
2.476046562194824
0.19757744669914246
-2.6080408096313477
-4.484584331512451
3.308077335357666
2.2038800716400146
1.5260074138641357
-0.24130184948444366
0.9568923711776733
1.2017546892166138
1.3559223413467407
-0.7451354265213013
-0.7481257319450378
-1.8193868398666382
-1.4878495931625366
0.21769371628761292
-0.4152061343193054
1.6735353469848633
-0.3869185745716095
-0.18798409402370453
-0.8265454173088074
-0.5543416142463684
-1.1461223363876343
-0.8945934176445007
-0.4673689305782318
-0.6242108941078186
-2.0115206241607666
2.190613031387329
0.14131933450698853
-0.08748461306095123
2.52620530128479
0.4523501992225647
0.6708583831787109
1.0564292669296265
1.279254674911499
0.6160040497779846
0.5400840044021606
-1.4390151500701904
2.3654346466064453
0.03842775523662567
0.3957631587982178
2.809239625930786
-0.3112636208534241
1.7035588026046753
2.483776330947876
-1.9971613883972168
3.407564878463745
-3.1101956367492676
2.923792839050293
0.14956653118133545
-2.884573459625244
3.721470594406128
-2.559715747833252
2.40474534034729
4.256607532501221
0.10796026140451431
0.9132248759269714
-1.8618874549865723
3.554166793823242
-1.3412154912948608
1.0671974420547485
0.28857848048210144
-2.5638058185577393
3.8996665477752686
-0.823530912399292
4.528271675109863
-0.2720199525356293
-2.7227237224578857
0.193293496966362
-0.3242630064487457
-0.0374453030526638
2.9584269523620605
4.321306228637695
-3.5797581672668457
-0.444767564535141
-3.5920403003692627
-1.1293867826461792
2.7064337730407715
-5.102624416351318
1.5331507921218872
1.0051908493041992
0.6530611515045166
3.58095121383667
2.0523931980133057
-2.5377657413482666
0.26344868540763855
-2.222973585128784
4.3285722732543945
-0.47181594371795654
-2.9447526931762695
1.255409598350525
2.422959804534912
-0.3409115672111511
-2.7714996337890625
1.5791096687316895
-3.0759670734405518
1.5820317268371582
0.33376017212867737
-1.0179437398910522
0.1841602325439453
2.3186211585998535
5.133762359619141
2.5307211875915527
1.8154089450836182
-0.5314704775810242
-0.8972064256668091
1.9753779172897339
-2.441678524017334
2.242737054824829
1.4072413444519043
-1.9801101684570312
1.0594768524169922
-3.160451889038086
-1.2843269109725952
0.06912460923194885
2.51602840423584
-2.4368252754211426
-0.5171325206756592
-2.9612483978271484
3.3814923763275146
0.5070971250534058
-1.1458288431167603
0.4524029493331909
2.7160634994506836
0.8004791736602783
-4.480953693389893
3.1432411670684814
-3.0764951705932617
0.00042867750744335353
-2.9444921016693115
0.7997017502784729
3.0579004287719727
-2.4929490089416504
0.3265096843242645
2.826955556869507
-0.07872714847326279
-0.069249726831913
-0.302615761756897
0.18543711304664612
-0.0024780556559562683
-0.06910908967256546
0.049941953271627426
-0.06482615321874619
1.4341710805892944
-0.22364836931228638
-0.007749187294393778
-0.6791975498199463
-1.8611420392990112
-0.22955062985420227
0.327028751373291
0.7647462487220764
-0.427084743976593
-1.536695957183838
2.1645936965942383
1.0412297248840332
3.570725440979004
-2.037415027618408
-2.055021047592163
2.5781679153442383
3.4993832111358643
1.184983730316162
3.0778095722198486
2.7171742916107178
0.021341893821954727
3.388249158859253
-3.7551772594451904
-0.4647407531738281
0.644401490688324
0.265738844871521
0.6035575270652771
-0.7720356583595276
0.19058635830879211
-0.3081338405609131
-0.9690260887145996
0.9298474788665771
1.7472678422927856
1.5397024154663086
0.5842137336730957
1.1213154792785645
1.2369211912155151
-1.5622917413711548
-2.086547613143921
-0.07697942852973938
-1.3820997476577759
-3.683382272720337
1.0190207958221436
2.942805051803589
0.9567004442214966
2.512016534805298
-4.164650917053223
3.6122825145721436
-1.3475114107131958
4.252301216125488
-3.7996466159820557
-0.9357005953788757
2.681436061859131
2.1989293098449707
0.44376811385154724
2.2655460834503174
-3.952472448348999
-0.8382025361061096
-0.5441210269927979
2.6195175647735596
3.1346938610076904
-2.6310431957244873
-2.911240577697754
0.5609281063079834
-3.0245378017425537
1.7127041816711426
-3.057853937149048
-1.180683970451355
1.9205522537231445
2.9527077674865723
3.5823147296905518
0.4806334674358368
-0.36122286319732666
2.84816575050354
-0.09177414327859879
-4.326484680175781
-1.0035152435302734
-0.3706289231777191
1.8293877840042114
0.8953285217285156
2.37428879737854
-0.47204306721687317
-0.3050743043422699
0.7933642864227295
3.1846299171447754
-3.6341230869293213
-1.5708121061325073
-1.6845229864120483
3.5976479053497314
1.5992915630340576
-0.4815422594547272
-1.8660430908203125
-4.335333824157715
2.9042177200317383
3.226252317428589
-2.9319229125976562
1.0807937383651733
-0.71434485912323
2.067178726196289
-2.0171477794647217
-2.4639320373535156
-1.2244890928268433
-0.3067518174648285
-1.9465521574020386
1.7627465724945068
5.047039985656738
2.129913091659546
-3.8330342769622803
-2.889834403991699
-0.1001828983426094
3.354299783706665
-4.894670486450195
3.8597283363342285
-1.2309578657150269
1.618753433227539
2.120065927505493
-0.5242881774902344
-1.9597625732421875
-2.3020107746124268
-2.1800081729888916
4.469727993011475
1.1114561557769775
-0.5855775475502014
-0.026028340682387352
0.7209821343421936
0.1589231789112091
-0.9183973670005798
0.14148548245429993
-0.8928438425064087
0.7760791778564453
1.3390523195266724
-0.5923072099685669
-0.06441455334424973
-0.8623853325843811
1.534786581993103
0.6567729711532593
0.4100838899612427
-0.688716471195221
0.25260430574417114
-2.8046014308929443
-2.1075985431671143
2.1520121097564697
-1.6135358810424805
-0.21202731132507324
-2.531646490097046
-0.20109668374061584
-0.7860171794891357
-0.9667778015136719
2.5320022106170654
0.7387691140174866
0.7186607122421265
-0.9006010890007019
0.7817061543464661
-0.5714347958564758
4.421577453613281
0.8221431970596313
0.24668417870998383
-1.9905240535736084
-0.5455255508422852
0.1925448477268219
0.22829821705818176
2.6073310375213623
0.9865421056747437
-0.4510720372200012
-0.41484445333480835
-2.4020543098449707
-0.8319882154464722
-0.7233491539955139
2.6726877689361572
-1.540902853012085
0.9016373157501221
2.2256741523742676
-1.3744721412658691
2.7318437099456787
3.089069366455078
-0.11423684656620026
0.0335037000477314
-0.2666104733943939
4.544357776641846
-0.3211769461631775
-0.5351889133453369
-0.697209894657135
-1.4672287702560425
-1.4017667770385742
-3.0122575759887695
-0.5094026327133179
-4.441222667694092
-2.010648012161255
-0.29814836382865906
2.5426483154296875
3.440073251724243
-1.2735670804977417
0.24205738306045532
3.680044174194336
0.5298213958740234
1.4645746946334839
0.8209041953086853
-1.8380383253097534
-2.344109058380127
-0.24036604166030884
-1.4406893253326416
0.2952532470226288
1.1085954904556274
-0.4814544916152954
-0.8054031133651733
0.8899973630905151
-1.6983321905136108
-2.1118669509887695
-0.5525524020195007
0.7879047989845276
-1.7884160280227661
-1.5062376260757446
-0.5650395750999451
0.11165521293878555
-0.2192421853542328
0.7625879049301147
-0.7865841388702393
-0.5353943109512329
1.0413137674331665
-0.8503479957580566
0.13204656541347504
2.258829116821289
1.7104246616363525
-1.273438572883606
0.8637806177139282
-0.6547118425369263
-1.696938395500183
-1.7474137544631958
1.4236562252044678
-3.054081678390503
-0.21604138612747192
-1.827212929725647
-1.7630698680877686
-3.697443962097168
-1.2159521579742432
-2.4528658390045166
-0.6577673554420471
-0.7713374495506287
-0.4321286380290985
1.1121472120285034
-2.000131845474243
0.1955946534872055
-0.06162349879741669
-0.5079343318939209
-0.03784530609846115
1.548080563545227
0.600814163684845
1.2691642045974731
1.6248786449432373
0.19208838045597076
1.819374442100525
0.5619578957557678
1.5505666732788086
-1.9923681020736694
-0.016426341608166695
-0.2592290937900543
0.07668712735176086
0.9387233853340149
0.0579184964299202
2.3649790287017822
0.13414692878723145
1.7305824756622314
-0.4005335569381714
-1.6193633079528809
2.163902521133423
-0.07977623492479324
0.6005191206932068
-0.2138327807188034
-1.9940792322158813
2.920461893081665
-0.5285848379135132
1.0515073537826538
-0.0030246921814978123
-3.689124822616577
0.5411480665206909
0.9157496094703674
2.038360834121704
1.1043713092803955
4.3557047843933105
2.765183210372925
-0.288655161857605
-0.15821300446987152
-0.3610793650150299
-3.8032267093658447
-1.735937476158142
1.8590202331542969
0.7595296502113342
-0.4395557940006256
0.05978427827358246
0.30185484886169434
-0.08195073902606964
-0.3601066470146179
1.644899845123291
0.8029938340187073
3.9833338260650635
1.0866509675979614
-0.12650111317634583
-1.3872843980789185
0.29129958152770996
-3.05475115776062
-1.1089283227920532
-0.3257905840873718
-1.3183037042617798
-2.1017322540283203
0.036766912788152695
2.5296578407287598
-1.4599801301956177
-0.6955978870391846
0.9534960389137268
2.836946487426758
-0.18119297921657562
-2.699838399887085
-1.3444995880126953
1.1408394575119019
-0.45061513781547546
-2.8795528411865234
0.15016339719295502
4.139177322387695
-2.6305959224700928
-0.26671063899993896
-2.0346059799194336
1.3824172019958496
-4.1315460205078125
-2.2934279441833496
2.8850433826446533
1.309082269668579
0.24515300989151
3.095999002456665
-1.465199589729309
-0.4985256791114807
1.7742842435836792
-1.0329318046569824
0.43583253026008606
0.4439053237438202
0.3605766296386719
-1.9672985076904297
-2.6624574661254883
-0.015415568836033344
-0.519658088684082
2.1232731342315674
3.462679386138916
1.5376536846160889
0.8569546937942505
1.271888256072998
1.2581536769866943
-1.084632396697998
-2.016887664794922
-0.23889152705669403
2.0407068729400635
-2.2469394207000732
-2.245100975036621
-0.6166183948516846
-0.08023110777139664
-0.5517053008079529
2.995859384536743
0.1048671156167984
-1.9458497762680054
0.058660589158535004
0.22975468635559082
-0.3841615915298462
1.619545817375183
-0.1373298019170761
-0.3812357187271118
-0.3493937849998474
-0.5877175331115723
-0.4069003760814667
3.66756272315979
0.1352086365222931
-2.3353991508483887
-1.2589607238769531
-0.3607428967952728
1.2013468742370605
1.0124837160110474
-0.5333674550056458
1.5899760723114014
-0.07014553993940353
0.7811256647109985
0.878016471862793
1.2670472860336304
-0.5583481192588806
-1.3838895559310913
0.5475680232048035
-1.3730733394622803
-1.088221549987793
0.6665993332862854
0.06867355853319168
0.5260146856307983
-0.03169349581003189
1.2800273895263672
-1.5509250164031982
1.6873470544815063
2.555543899536133
-0.20185987651348114
-1.5252089500427246
-0.6499938368797302
-3.0249671936035156
-1.6997077465057373
2.5552797317504883
-0.15471866726875305
1.7921899557113647
-2.5064656734466553
-0.10228589922189713
1.152061939239502
-0.7357441186904907
1.9528776407241821
-0.09958907961845398
0.6994362473487854
-0.18005582690238953
0.32389435172080994
-1.191931962966919
3.848363161087036
1.772732138633728
-0.06686483323574066
0.8870686292648315
-0.21199825406074524
0.8244996070861816
-0.48794683814048767
2.915346622467041
0.30668768286705017
-2.1686830520629883
-0.2083417922258377
-1.8147509098052979
-0.045653413981199265
-5.0189208984375
0.1363138109445572
0.4243822991847992
-0.6763327121734619
3.7975451946258545
0.8273987174034119
-0.5939496159553528
-1.718106985092163
-0.466202050447464
0.7551447153091431
1.8396285772323608
5.267844200134277
-0.009606616571545601
-2.255950689315796
1.4797059297561646
0.9916660785675049
0.322940468788147
-1.046486735343933
-0.6868476271629333
-3.845673084259033
-1.3628531694412231
3.272897243499756
-1.850355625152588
-5.433294296264648
2.26749324798584
-3.8283283710479736
2.682089328765869
-1.739797592163086
-0.9644762873649597
-2.774254322052002
1.631062388420105
2.7715368270874023
2.4400389194488525
-0.8585526347160339
-0.16974122822284698
-2.2472493648529053
-0.7482628226280212
-1.5263746976852417
2.7967796325683594
2.1963131427764893
-0.11580989509820938
-1.5221822261810303
1.6628520488739014
-1.0502978563308716
-1.8225830793380737
0.4530157148838043
-1.6103003025054932
-0.12487529963254929
-3.145307779312134
1.6069694757461548
-0.4330299496650696
-0.2898508310317993
0.4853476285934448
1.705956220626831
3.0961835384368896
-1.3516039848327637
-0.37053415179252625
-2.9491477012634277
0.7493880987167358
-1.0276960134506226
-2.228516101837158
1.0082881450653076
0.2766460180282593
1.4620168209075928
2.6818630695343018
0.06318359076976776
-0.14721429347991943
-2.9249978065490723
-3.1930735111236572
-1.261745810508728
3.35073184967041
2.3878045082092285
0.544969379901886
-0.06131891533732414
-2.9694881439208984
-1.4065526723861694
-0.7385750412940979
1.2569553852081299
-1.1820385456085205
-0.5627790689468384
-4.77603006362915
1.9118919372558594
0.008222921751439571
0.5100829601287842
0.3444708585739136
0.3569853901863098
-1.657248616218567
-0.13151463866233826
0.013155879452824593
-0.6736862659454346
0.6506945490837097
-0.8274275660514832
-0.05332156643271446
-1.1066455841064453
0.8871580362319946
-0.42369356751441956
-0.6961908340454102
1.430120825767517
-1.6113700866699219
1.0216057300567627
0.9834440350532532
-4.5257697105407715
1.138818383216858
0.3239513635635376
-0.2754412889480591
3.2192037105560303
-1.649057149887085
4.259489059448242
0.002646388253197074
-1.0881837606430054
-0.04498732089996338
-2.2066562175750732
2.9518048763275146
-2.6712229251861572
0.3685738444328308
1.5782597064971924
-5.068342208862305
0.31686931848526
1.1450097560882568
-0.08974892646074295
-0.56475830078125
1.3273656368255615
-1.0592869520187378
0.25491902232170105
-0.10481945425271988
2.255861282348633
-1.9534049034118652
1.6164475679397583
-0.16241270303726196
-2.1733014583587646
1.2261698246002197
-2.369377851486206
-1.0312989950180054
0.9022218585014343
4.49389123916626
4.439128875732422
-0.39528194069862366
1.7972320318222046
2.9588510990142822
-2.084604024887085
1.7405494451522827
1.743094563484192
-2.9167070388793945
-3.6277644634246826
-1.591105341911316
-1.0578947067260742
-0.45744529366493225
-2.3658790588378906
-2.8286726474761963
-4.408380508422852
3.842517614364624
2.3424243927001953
0.34625139832496643
-2.519418954849243
1.4461383819580078
-3.3007822036743164
-2.9915668964385986
0.5096911191940308
-2.355405330657959
-2.4566617012023926
-0.6304371356964111
-3.311056137084961
-0.05999211221933365
1.1968679428100586
-1.7788218259811401
-0.2362140566110611
-0.20953792333602905
-0.9212432503700256
-1.0363160371780396
0.32525670528411865
-0.04073764756321907
-0.6006643176078796
-1.4522517919540405
3.581568479537964
-1.163928508758545
-1.3205028772354126
0.7794305086135864
2.103480577468872
1.1492869853973389
-1.0207246541976929
0.6996040344238281
3.115687131881714
-0.002118336036801338
-2.8810617923736572
-3.008763313293457
-0.5609341263771057
1.6238603591918945
1.0318652391433716
0.07340051233768463
-3.28387188911438
0.4417664408683777
-0.509007453918457
-0.3713436722755432
1.8939226865768433
-0.45243293046951294
-0.22870679199695587
-0.4782610833644867
3.712844133377075
0.07428023219108582
-5.222489833831787
0.4469848573207855
0.26170992851257324
-0.08397115021944046
0.04412149637937546
-2.055224657058716
-1.251420021057129
1.8669177293777466
-0.42713046073913574
3.6055102348327637
0.46700477600097656
0.7482802867889404
1.5457470417022705
-0.4676733911037445
-1.2955124378204346
-0.9760950803756714
-1.928525447845459
-1.5314933061599731
-1.4951800107955933
0.6819828748703003
1.595179796218872
0.8077424168586731
1.0052846670150757
-1.7747997045516968
-1.3712419271469116
1.5096385478973389
0.017100801691412926
-0.8238577246665955
1.3274204730987549
-3.5239710807800293
1.9947786331176758
1.488222360610962
-0.564003586769104
-0.8066608905792236
-1.702471137046814
1.1023856401443481
0.14476615190505981
-1.6267865896224976
0.08810137957334518
-1.0379610061645508
-0.305893212556839
1.148590326309204
0.630705714225769
-0.5467639565467834
3.204711437225342
1.7472901344299316
0.15930573642253876
0.8590726852416992
0.17129269242286682
-0.7358291745185852
-3.2672159671783447
2.484304666519165
0.5796593427658081
-2.4575369358062744
-0.9579919576644897
-0.24167148768901825
3.277545928955078
-2.106539249420166
0.052210528403520584
0.40094196796417236
-2.519544839859009
1.846898078918457
-0.20274046063423157
0.14143116772174835
-2.5989906787872314
-1.5241678953170776
3.207596778869629
2.192094087600708
4.930183410644531
-0.8086771368980408
-0.943410336971283
0.7363512516021729
-0.00445436080917716
2.860581159591675
2.431584358215332
0.3840562403202057
0.02645210735499859
0.39620956778526306
-2.4555575847625732
0.22453561425209045
-1.6591295003890991
-3.0511577129364014
1.0862977504730225
0.21503371000289917
-2.6441447734832764
-1.6795570850372314
3.4204061031341553
-1.0430797338485718
-1.3551081418991089
0.562870979309082
-0.6195958852767944
0.2073342353105545
-3.187380790710449
-2.763418197631836
-0.2138260155916214
1.8094515800476074
0.2009868323802948
1.8044631481170654
-1.6235020160675049
-0.19666904211044312
-1.7330352067947388
-1.8910880088806152
1.6575648784637451
0.7174437642097473
5.2073893547058105
-1.370593547821045
-0.22087539732456207
-1.924424171447754
0.601811408996582
0.8501434922218323
-1.2265880107879639
1.554030418395996
-1.7364286184310913
-3.8181402683258057
0.11193079501390457
-0.8870381116867065
0.11521089822053909
-3.4909238815307617
-1.1735737323760986
-0.46667245030403137
-1.149778127670288
0.913543164730072
1.6269406080245972
-0.5256485939025879
-1.8416932821273804
-0.6737423539161682
1.4979174137115479
-0.9273808002471924
-0.6696385145187378
-0.18555183708667755
-3.337172746658325
-1.0894657373428345
0.27999651432037354
0.188035786151886
0.10069353133440018
0.6286933422088623
1.3186216354370117
-0.13959233462810516
0.7658266425132751
-0.18818804621696472
1.4796139001846313
0.727224588394165
0.5391748547554016
-1.3853507041931152
0.13422943651676178
0.06347593665122986
1.228262186050415
0.8537437915802002
-0.015069343149662018
0.6322124600410461
-0.2018076330423355
0.012302286922931671
-0.3763526976108551
0.4479672908782959
-0.35232436656951904
0.10664954036474228
0.9308313131332397
-1.7016990184783936
-1.7556382417678833
0.7850178480148315
-0.16160129010677338
-0.9003786444664001
4.170853137969971
0.4431373178958893
4.674228191375732
2.6083390712738037
-2.373380184173584
0.057878684252500534
-4.660639762878418
-0.4420326054096222
3.5561060905456543
-0.10151197016239166
2.823861837387085
-3.7858471870422363
0.24018307030200958
-0.18033035099506378
-0.24506287276744843
0.9714175462722778
-0.051735542714595795
0.06820040941238403
-0.9805209040641785
-0.02652103081345558
0.6794344186782837
-1.2604005336761475
-0.8801551461219788
1.5422923564910889
-2.6773931980133057
-0.7355291247367859
-2.406388998031616
-0.11574963480234146
2.3423995971679688
-1.2682862281799316
-1.7474315166473389
1.1927813291549683
-3.530843496322632
4.307218074798584
-2.2964298725128174
0.529387891292572
-0.6449562907218933
2.3041579723358154
2.092305898666382
3.013765573501587
0.1280149519443512
1.2419190406799316
-0.7816882133483887
-3.83794903755188
0.03809503838419914
1.7826603651046753
0.36172834038734436
0.2874731421470642
1.4769816398620605
-1.4524016380310059
-3.307697057723999
0.5577641129493713
0.3616067171096802
-0.6748006343841553
1.2578469514846802
-1.8752305507659912
-0.6941860914230347
0.5078193545341492
-1.1658412218093872
-3.263889789581299
-3.6710755825042725
1.628638505935669
0.9195082187652588
2.9181151390075684
0.3806970715522766
1.0880961418151855
-1.6621198654174805
-2.4046058654785156
3.3584468364715576
-3.4036736488342285
-1.2687331438064575
-1.2422821521759033
0.7571535706520081
-0.37983015179634094
-0.19609801471233368
0.7246623039245605
-3.769012212753296
-0.25674405694007874
0.6834791302680969
-0.8443493843078613
1.1783772706985474
-0.9280300140380859
0.3998818099498749
-1.8457046747207642
-1.4661146402359009
-0.1750459372997284
0.9837113618850708
0.44475308060646057
1.0854281187057495
-0.11744987219572067
1.938797116279602
0.44701388478279114
-4.602314472198486
0.8697714805603027
-0.2748005986213684
-2.327488899230957
2.405503273010254
0.15069901943206787
0.21661894023418427
-3.500668525695801
1.3430105447769165
-0.03918221965432167
-2.6710352897644043
1.9391303062438965
-1.0686941146850586
-0.356601744890213
-0.14051450788974762
-1.0504361391067505
-0.2101506143808365
-0.06350144743919373
-0.5185686945915222
0.1484290212392807
-1.8773291110992432
2.0391552448272705
0.4833354353904724
1.3225030899047852
1.5462981462478638
-1.9335987567901611
-0.7103696465492249
1.3119394779205322
0.8045664429664612
