1.3563990592956543
0.2354983538389206
-0.08517008274793625
0.388482004404068
0.8524004220962524
2.2740163803100586
-0.5225762128829956
0.6348580121994019
1.5872282981872559
-0.16861769556999207
1.7557750940322876
-0.2700337767601013
-1.4874411821365356
-0.5469655990600586
0.4155244827270508
2.927880048751831
-2.6930384635925293
0.19727596640586853
-2.2025699615478516
1.421903371810913
0.16849379241466522
1.3389450311660767
-1.0838054418563843
2.3761446475982666
-1.345810055732727
-1.019646167755127
1.2639764547348022
-0.48488929867744446
3.388810634613037
-4.041757583618164
-0.6481466889381409
2.7190098762512207
