0.06555052846670151
-1.7527061700820923
-1.507989764213562
-1.2171621322631836
-2.905552625656128
-0.23943045735359192
-2.1660890579223633
-0.834661602973938
0.052342019975185394
-0.16554906964302063
0.0388561449944973
-1.8198835849761963
-1.9974052906036377
-0.3648608922958374
-0.11636199057102203
-2.583695650100708
-0.27692845463752747
-0.1096300482749939
-0.22851398587226868
0.17786869406700134
-0.8260633945465088
-1.8136626482009888
0.01071176491677761
-0.039171814918518066
-1.5865620374679565
-1.1760492324829102
-0.4493583142757416
-2.0986852645874023
-0.8682426810264587
-2.3259801864624023
-0.9508994817733765
-1.4102723598480225
