14.734930992126465
2.0940022468566895
-3.949050188064575
2.772552490234375
-33.27600860595703
31.05830955505371
25.561120986938477
-29.43559455871582
1.7762095928192139
-45.282432556152344
-11.17119026184082
-30.83201026916504
-3.9242801666259766
-44.423030853271484
3.7852752208709717
-17.788558959960938
-19.096588134765625
-21.43281364440918
38.03107833862305
4.665528297424316
-43.458335876464844
8.793890953063965
51.293209075927734
-3.7135114669799805
1.4703150987625122
-2.5269434452056885
-26.58331298828125
1.7766484022140503
-6.712745189666748
68.89726257324219
-25.695695877075195
-34.76124954223633
-9.772988319396973
-0.17395584285259247
-50.12485122680664
-15.54183578491211
-22.199384689331055
-35.81764602661133
-44.79360580444336
-3.996208429336548
-4.322044849395752
18.22638511657715
-26.20690155029297
33.208065032958984
-11.248806953430176
-27.542879104614258
-17.455900192260742
-11.122512817382812
-50.69198989868164
-18.09514617919922
-27.95233154296875
-31.209609985351562
-9.589639663696289
-61.79801940917969
-2.613992214202881
-50.578216552734375
22.236276626586914
-33.89686584472656
-23.504161834716797
-53.805110931396484
-8.438627243041992
-4.243300914764404
3.5011062622070312
-6.42385721206665
