-8.239982604980469
-8.667387008666992
-8.431493759155273
-10.200261116027832
-12.061575889587402
-9.181488037109375
-12.271697998046875
-11.770915031433105
-9.874106407165527
-6.395158767700195
-7.486998081207275
-7.914784908294678
-9.48425006866455
-5.846473693847656
-14.48641586303711
-11.379854202270508
-7.350221157073975
-11.76058292388916
-9.266105651855469
-9.986233711242676
-12.438287734985352
-7.880159378051758
-12.014202117919922
-10.584075927734375
-10.839962005615234
-6.991809844970703
-9.508917808532715
-11.537635803222656
-7.937901496887207
-13.626371383666992
-8.283823013305664
-9.025403022766113
-8.552397727966309
-9.284003257751465
-10.179232597351074
-8.454110145568848
-7.098597526550293
-10.712037086486816
-4.409270763397217
-5.892479419708252
-14.008437156677246
-5.975265979766846
-13.10450267791748
-6.483060836791992
-5.545290946960449
-6.366981506347656
-9.618903160095215
-11.34060287475586
-3.4415230751037598
-9.574411392211914
-10.483301162719727
-13.703932762145996
-7.322190284729004
-9.164897918701172
-4.569015026092529
-6.579307556152344
-8.760046005249023
-10.037617683410645
-7.342260837554932
-11.097738265991211
-7.602940082550049
-7.446353912353516
-8.75330638885498
-13.802257537841797
