2.217369318008423
1.135650634765625
0.8972257375717163
1.92536199092865
2.1004602909088135
0.8890340328216553
1.8681628704071045
2.139247179031372
2.259956121444702
1.728053331375122
1.8474210500717163
1.5235636234283447
1.158827304840088
2.63193941116333
1.825750708580017
2.2555434703826904
0.8471349477767944
1.242806315422058
1.773406982421875
2.152796745300293
2.1561152935028076
1.7997698783874512
1.1921639442443848
0.6407454609870911
2.2095322608947754
0.5250698328018188
1.8398771286010742
1.593735694885254
0.9809814691543579
2.0928196907043457
2.1627299785614014
3.5056071281433105
2.3054306507110596
2.502784013748169
1.0456641912460327
1.8770126104354858
2.159846782684326
0.5658549666404724
1.483864665031433
0.7688578367233276
1.1850438117980957
0.5758391618728638
1.829707384109497
0.9156752824783325
1.364115834236145
0.6780440211296082
0.6649060845375061
1.7640202045440674
0.8726993203163147
1.1799402236938477
2.296190023422241
2.1992597579956055
1.4804967641830444
1.834025502204895
0.9724385142326355
2.08917236328125
1.7568873167037964
1.6688629388809204
1.725592017173767
2.272869825363159
2.4370131492614746
1.7145313024520874
1.4275810718536377
2.488553762435913
