5.581290245056152
4.733677387237549
6.603053092956543
4.276847839355469
5.545156955718994
5.234731197357178
3.6664066314697266
5.3929524421691895
4.884706497192383
5.372870445251465
4.0835065841674805
3.622434616088867
4.296709060668945
4.548062324523926
6.099613666534424
5.937389373779297
5.689095497131348
5.714146137237549
4.867962837219238
5.601415634155273
6.596593856811523
5.169694423675537
4.079967021942139
5.794320106506348
5.3624043464660645
5.400215148925781
5.2051777839660645
6.192925930023193
5.229001522064209
4.496006965637207
4.7193193435668945
2.343266725540161
4.266660213470459
5.436580657958984
4.865011215209961
4.484886169433594
5.120758056640625
6.089411735534668
4.288856506347656
4.548976421356201
6.849211692810059
4.5481696128845215
6.229529857635498
5.4030256271362305
4.544256687164307
4.990935325622559
6.5597758293151855
6.5274200439453125
4.0328049659729
3.453021764755249
5.039996147155762
6.020962715148926
4.993645191192627
4.317963600158691
3.407041549682617
4.614071369171143
5.172987461090088
4.997617721557617
4.933643817901611
6.049295902252197
2.891961097717285
4.025876522064209
5.308940887451172
5.782373428344727
