-2.3036296367645264
-0.2875363230705261
-0.26516684889793396
-1.4741615056991577
-2.1293067932128906
0.00916057825088501
0.7056298851966858
-3.061607837677002
-2.617687225341797
-1.3662340641021729
-2.835476875305176
0.7790152430534363
-0.4683157503604889
-2.82224178314209
-1.7474154233932495
-2.4549238681793213
0.10514282435178757
0.194637730717659
-1.990700364112854
1.2846739292144775
0.5120808482170105
1.4427751302719116
0.5577134490013123
-0.02099483646452427
1.2253930568695068
0.030951956287026405
-1.272957444190979
-0.5308038592338562
-0.45246994495391846
0.6338491439819336
-1.1610997915267944
1.5309385061264038
-3.1866204738616943
1.4267890453338623
-0.20977690815925598
-2.161719560623169
-2.554123878479004
-0.05275610089302063
-1.2738044261932373
0.08487372100353241
-0.49944737553596497
-0.13763976097106934
-0.8449637293815613
-0.1229965090751648
0.46861907839775085
0.11806545406579971
-0.010289168916642666
1.1853992938995361
-0.05247896537184715
0.20607420802116394
-2.670774221420288
-3.387070894241333
-1.730543613433838
-1.0020673274993896
-0.33280226588249207
-1.9211184978485107
-1.1225225925445557
0.5168019533157349
-0.8987611532211304
-2.94852352142334
-2.347825288772583
-1.609582543373108
-0.7669205665588379
0.6011472344398499
