12.705132484436035
18.025659561157227
23.37679672241211
28.196809768676758
18.47657012939453
23.913761138916016
29.561649322509766
35.09568786621094
14.877359390258789
16.97953224182129
29.618288040161133
39.0301399230957
27.84574317932129
22.121051788330078
30.946584701538086
15.679204940795898
12.292251586914062
15.051976203918457
19.51565933227539
31.21770477294922
20.54322052001953
8.106908798217773
47.735687255859375
19.817827224731445
25.978742599487305
14.004746437072754
16.40778923034668
33.459712982177734
16.847299575805664
45.310585021972656
24.18475341796875
28.756065368652344
28.32110023498535
26.295888900756836
38.093360900878906
26.337053298950195
13.636722564697266
29.375350952148438
32.63161849975586
11.801420211791992
21.815887451171875
16.402557373046875
20.14071273803711
11.567151069641113
17.864835739135742
18.551559448242188
14.199116706848145
14.353952407836914
10.813146591186523
46.099491119384766
25.82223892211914
32.82533645629883
20.789243698120117
25.610301971435547
14.348892211914062
21.425174713134766
22.871793746948242
31.01772117614746
13.547014236450195
23.095447540283203
8.912650108337402
17.863378524780273
15.938862800598145
31.751096725463867
