-29.218935012817383
20.653240203857422
1.282165288925171
18.471534729003906
-12.867114067077637
28.876169204711914
19.717208862304688
-35.45970153808594
-24.058517456054688
-23.712203979492188
-20.803125381469727
2.341431140899658
-52.913875579833984
-32.016014099121094
-7.041179656982422
20.713050842285156
-29.499279022216797
25.2766170501709
-22.823501586914062
-21.52288246154785
-41.44424057006836
0.18374209105968475
-28.302349090576172
-17.14499282836914
-16.264911651611328
-8.48372745513916
21.983285903930664
27.70743751525879
-6.465108394622803
9.219816207885742
-1.3959882259368896
4.082828521728516
