2.142549991607666
0.9042736887931824
2.489548683166504
2.5085010528564453
2.0208702087402344
1.580858826637268
2.019439458847046
1.523332953453064
1.7104912996292114
2.5186753273010254
2.637875556945801
3.158853530883789
2.391935348510742
2.156047821044922
3.1137101650238037
1.1593635082244873
2.5110585689544678
2.0989320278167725
2.7783329486846924
2.952986717224121
2.431654691696167
1.315551519393921
1.5404036045074463
2.264606237411499
1.0441081523895264
2.2703757286071777
2.0522189140319824
1.0019761323928833
0.7407622933387756
2.3831846714019775
3.2208480834960938
2.8789572715759277
