3561.09228515625
5137.814453125
5905.29833984375
3050.560302734375
4187.435546875
3484.929443359375
6991.32177734375
4112.701171875
5600.52001953125
5195.31640625
5058.5498046875
3126.306396484375
3143.313720703125
2872.99462890625
4867.75927734375
4468.48291015625
3855.076171875
3797.069091796875
4133.787109375
5341.25244140625
3618.38818359375
4353.9951171875
4919.2255859375
5454.2080078125
5407.69189453125
3983.160888671875
6213.9833984375
4950.82177734375
3818.68310546875
5749.24462890625
4209.12451171875
6552.08984375
6713.21630859375
6997.33203125
4915.33642578125
3680.446533203125
4349.01904296875
4839.36181640625
5828.20751953125
3626.5712890625
6058.671875
3627.461181640625
3355.422607421875
5402.08203125
5752.47021484375
6322.37255859375
3762.657470703125
4491.4736328125
5236.044921875
4372.29345703125
3734.109375
5141.296875
6782.505859375
7256.87158203125
5661.38525390625
3680.191650390625
5060.1513671875
4164.1494140625
6020.853515625
4242.60498046875
5868.16552734375
6066.12548828125
4469.5166015625
4910.7919921875
