40.33220291137695
45.652061462402344
18.05340003967285
28.25586700439453
34.312198638916016
17.24030113220215
29.018680572509766
29.958324432373047
78.71546173095703
41.37582778930664
22.3607120513916
24.827329635620117
26.659793853759766
31.17407989501953
4.566961288452148
11.989806175231934
23.216833114624023
24.921512603759766
26.421842575073242
25.524288177490234
60.61235046386719
12.914717674255371
22.48201560974121
28.495834350585938
10.521021842956543
11.866924285888672
15.232277870178223
21.2437686920166
20.323307037353516
15.554521560668945
39.864784240722656
13.264782905578613
