0.21828331053256989
-0.287619948387146
0.4097934365272522
-0.41841042041778564
-2.293666362762451
-1.3027868270874023
-0.1888991892337799
1.807345986366272
2.0455093383789062
-0.9920974373817444
-0.6072192788124084
-0.1788952350616455
-0.42577022314071655
-0.9876559376716614
-0.4100726544857025
0.49964848160743713
-1.0846304893493652
0.17820130288600922
-0.3490341305732727
0.21643616259098053
0.919963002204895
-1.0473108291625977
0.47161078453063965
0.496702641248703
-0.9212329387664795
0.10126322507858276
-0.2225809395313263
0.9087952971458435
0.46300604939460754
0.7173982858657837
-0.509388267993927
-0.10497348010540009
-1.2442278861999512
-0.15853890776634216
0.8625293970108032
-0.818045437335968
0.939799427986145
0.19192154705524445
-0.2682309150695801
0.06442128121852875
-0.25381797552108765
-0.3541731834411621
0.6339004635810852
0.6433814764022827
-0.7676429152488708
-0.06202051788568497
-0.12644453346729279
1.138590693473816
-0.6689446568489075
-0.19525015354156494
0.5989112257957458
-0.5422178506851196
-0.572178065776825
-1.7792811393737793
-0.48811084032058716
1.5821408033370972
-0.5363206267356873
0.10898119956254959
0.03233910724520683
-2.1995363235473633
0.26432767510414124
0.2969013452529907
0.2124062180519104
1.7337979078292847
-1.4460052251815796
-0.597342312335968
-2.1645712852478027
-0.01730906404554844
0.7983473539352417
-1.8222821950912476
0.15713278949260712
-0.4280630946159363
-0.6111599206924438
0.8803038001060486
0.5181933641433716
0.4104490578174591
-0.25238123536109924
0.1637818068265915
-0.7296642661094666
-1.4607058763504028
0.8903451561927795
-1.5162336826324463
0.46669885516166687
0.7312309145927429
0.3034258484840393
-0.15804339945316315
-0.1380326896905899
0.12769947946071625
-0.8737156987190247
0.7571664452552795
-0.22255419194698334
0.4426385164260864
0.04107983410358429
-0.0975060909986496
0.5449913740158081
-0.17937637865543365
-0.6755669713020325
0.24549201130867004
0.985456645488739
-0.16983364522457123
-0.7284597158432007
0.7634696960449219
-0.06189992278814316
3.101775884628296
-1.1194654703140259
-1.1537084579467773
0.002298559993505478
-1.2896745204925537
0.0718517005443573
1.264960527420044
0.6082589030265808
0.7340190410614014
-0.6394591927528381
-0.12934088706970215
0.28522083163261414
0.4221351742744446
0.1628141552209854
-0.03860164061188698
-0.1218353882431984
0.16611932218074799
1.3180006742477417
-0.10214880853891373
0.3723474144935608
0.9746454954147339
0.23521511256694794
-1.2180497646331787
0.5815178155899048
-1.1460741758346558
-0.35026177763938904
0.2273065745830536
-0.24322356283664703
-0.01412049401551485
0.0876302644610405
0.9864538311958313
-0.23368120193481445
-1.7253364324569702
0.1972273886203766
0.6419243216514587
-0.7019230127334595
0.19046127796173096
0.07351907342672348
0.04467931017279625
0.01620590128004551
0.34261322021484375
0.7544369697570801
0.3529365658760071
0.35099300742149353
1.43864107131958
-1.8854376077651978
-0.3550766110420227
-1.2574008703231812
-2.896641969680786
1.111029028892517
0.9512478113174438
-2.211881637573242
-1.3136399984359741
1.664276361465454
0.5023424029350281
3.0899012088775635
1.6400580406188965
-1.8415244817733765
0.4048779308795929
-0.29920098185539246
1.910315752029419
-0.863295316696167
0.19507651031017303
-0.12497888505458832
-1.8183380365371704
-1.800478219985962
1.3872004747390747
-1.8606345653533936
-1.599047064781189
0.7598746418952942
2.48119854927063
2.4164745807647705
-1.3071125745773315
-0.2456989884376526
-0.191035658121109
0.7394720315933228
1.3425798416137695
0.35072118043899536
-0.31755757331848145
-0.046380601823329926
1.4105734825134277
-1.1510061025619507
0.14321380853652954
-0.7858366966247559
0.3032349944114685
1.263180136680603
1.8617351055145264
1.9028550386428833
-0.782912015914917
1.302809238433838
2.9883909225463867
-2.4490208625793457
-2.588385581970215
3.5260510444641113
-2.0112268924713135
2.1621243953704834
-3.7686095237731934
0.5148518681526184
1.0985498428344727
1.7221087217330933
0.42933589220046997
1.4022711515426636
-1.2453497648239136
-2.591186761856079
2.695845603942871
-1.9488248825073242
2.1118156909942627
-6.516851902008057
-2.7662088871002197
0.7205007672309875
-1.9946823120117188
2.28052020072937
-2.228253126144409
1.782268762588501
1.6488714218139648
1.739158272743225
1.0563641786575317
-1.5419038534164429
-0.7755922675132751
-2.655959129333496
-2.7716357707977295
4.088116645812988
0.7298334240913391
-4.149387836456299
-1.9021044969558716
0.22591733932495117
-1.8025611639022827
2.0300328731536865
1.9042861461639404
2.022721767425537
0.8008955717086792
1.9923099279403687
1.401533603668213
0.9503307342529297
-1.576069712638855
-1.612518548965454
-2.479240655899048
1.3531138896942139
0.4738227128982544
1.3357369899749756
1.20306396484375
1.2394628524780273
0.013605967164039612
-0.49867409467697144
0.5029113292694092
-2.2718584537506104
-0.44551098346710205
-0.10939766466617584
-0.43298038840293884
-0.45232462882995605
-0.11039566248655319
-1.1241447925567627
1.9261643886566162
-0.4678628146648407
-0.5152331590652466
1.193111538887024
0.885952353477478
-1.3903921842575073
0.2298453003168106
-0.46799910068511963
-0.6202903389930725
0.5682944655418396
0.9432331323623657
0.08044086396694183
-0.024733558297157288
-1.7367826700210571
-1.7968891859054565
0.15791551768779755
-2.137547254562378
3.3639349937438965
-0.9319029450416565
0.9330963492393494
0.7325546145439148
-1.7284526824951172
0.5000379681587219
-0.575868546962738
0.20161780714988708
0.650417149066925
0.606278121471405
-0.3922335207462311
-0.30185967683792114
-0.42034631967544556
-1.4910832643508911
0.6079153418540955
-1.1308228969573975
1.6823729276657104
-1.4527266025543213
0.7439793348312378
-0.7655792236328125
-3.075742483139038
2.132019519805908
0.7951290607452393
-1.8377113342285156
1.6709368228912354
1.0464482307434082
2.419506788253784
1.1123427152633667
-0.2004753202199936
-0.4103734791278839
1.32917058467865
0.47545644640922546
-1.4402931928634644
-0.0842730700969696
1.8585959672927856
-0.5002499222755432
-0.9008417725563049
1.9898091554641724
0.1250901073217392
-0.32874199748039246
-1.2073389291763306
-1.0325701236724854
1.5340172052383423
-1.5987567901611328
-0.6586850881576538
1.1556143760681152
-0.03550224006175995
-0.4860404431819916
-0.541159451007843
1.0010572671890259
1.4632370471954346
-0.12605184316635132
1.0483919382095337
0.23242193460464478
0.3961692154407501
2.2047829627990723
-0.7486925721168518
-0.5308772921562195
0.7358300089836121
-0.344916433095932
0.23161298036575317
1.2525910139083862
-0.594066858291626
0.5412486791610718
2.3716795444488525
-2.087268114089966
-0.3602242171764374
1.1411855220794678
2.314587354660034
2.414943218231201
-1.5136134624481201
-3.425820827484131
0.26156413555145264
-0.916071355342865
-1.277275800704956
2.6863884925842285
-0.025565430521965027
-0.040461570024490356
-0.6526304483413696
1.6722313165664673
-1.9689078330993652
-1.4618871212005615
-0.39427950978279114
0.31561022996902466
-0.3173154294490814
2.301940441131592
-2.6205849647521973
-1.3056108951568604
-0.1822441965341568
-2.7770066261291504
-2.203277111053467
-0.2298615723848343
-1.8592239618301392
0.42904096841812134
-0.5534694194793701
-1.8865207433700562
3.487031936645508
0.06089004501700401
-0.8690133094787598
0.04329565539956093
0.269741028547287
0.9094329476356506
-1.6693569421768188
3.102128505706787
0.5378594994544983
-2.2855546474456787
-1.9068288803100586
-0.1950657218694687
0.672433614730835
0.17830944061279297
-1.0684747695922852
-0.9790542125701904
1.9573111534118652
-0.17354179918766022
0.45428094267845154
0.7619437575340271
2.427081823348999
-0.4450698792934418
1.4066731929779053
0.09179162979125977
-1.7001779079437256
0.24649688601493835
0.08291412144899368
1.596925139427185
0.004779716022312641
0.19474756717681885
-0.3181861340999603
1.215707540512085
-1.2655564546585083
0.07823236286640167
1.3035482168197632
-0.4663294851779938
-0.7408479452133179
-0.1140185073018074
0.14503850042819977
-0.5983244776725769
0.7029258012771606
-0.6496574282646179
0.012405699118971825
-1.0138225555419922
-0.3172299861907959
-0.4887586832046509
1.2665544748306274
-0.9179624319076538
2.376368999481201
0.6047229766845703
-0.07230652868747711
-0.41175341606140137
-0.9200210571289062
-0.09174101054668427
0.5110085010528564
0.8917757272720337
0.15361063182353973
-0.1002957671880722
0.6713120937347412
-1.86978280544281
0.4923335611820221
-0.6085694432258606
0.6405750513076782
0.7408297061920166
