48.39754104614258
-25.496002197265625
-17.30902099609375
-20.141170501708984
-46.569461822509766
0.9177289009094238
-35.681861877441406
-70.04531860351562
-32.17665481567383
47.614166259765625
-10.213255882263184
-8.620109558105469
-11.901323318481445
-15.755332946777344
-70.28507232666016
-38.793785095214844
5.672341823577881
-28.166099548339844
-44.0307731628418
11.557884216308594
-17.826677322387695
-63.74004364013672
-51.52973937988281
82.415283203125
-35.4347038269043
5.145181179046631
-48.440711975097656
-12.488446235656738
41.12405014038086
10.213109970092773
-5.728755474090576
-30.85588836669922
