-2.1918187141418457
0.22634024918079376
-1.7366890907287598
-2.5045862197875977
-1.4185916185379028
-1.6698001623153687
0.8601381182670593
0.4827404320240021
-0.8053382039070129
-2.6097209453582764
-3.5795888900756836
0.5985531210899353
-1.2663633823394775
-2.6436595916748047
1.723171353340149
0.3475077450275421
-1.4516278505325317
-1.0202730894088745
-2.6222126483917236
-2.446159839630127
1.8205410242080688
0.555862545967102
0.2671615481376648
-2.270362138748169
0.0444781593978405
-2.364847421646118
1.2186994552612305
0.04299283027648926
-0.029538212344050407
-3.155597686767578
-0.8064569234848022
-2.8910484313964844
