2.0333049297332764
2.501690149307251
3.383410930633545
3.4678688049316406
3.753791332244873
2.482717752456665
3.828164577484131
3.684952735900879
2.7699785232543945
2.8112950325012207
4.7487473487854
4.491804122924805
4.306492328643799
3.3046176433563232
4.192749500274658
2.410270929336548
1.9417412281036377
3.020754098892212
3.9053127765655518
4.439083576202393
3.1152243614196777
2.3243777751922607
5.33121395111084
2.770373821258545
4.116294860839844
3.0644447803497314
1.8621753454208374
3.5380547046661377
2.7844011783599854
4.654348373413086
3.8039886951446533
3.310028076171875
3.8431594371795654
2.9785306453704834
4.544010162353516
4.042396545410156
3.045130491256714
3.969498872756958
4.641574382781982
2.222153663635254
3.0891973972320557
3.284367084503174
3.0142931938171387
2.101846218109131
2.2523488998413086
3.450181722640991
2.596573829650879
2.9364242553710938
1.9972646236419678
4.800044059753418
4.212647438049316
4.300863742828369
3.8588428497314453
3.2321019172668457
1.9627197980880737
3.19020414352417
2.5144708156585693
4.557844161987305
2.100752353668213
3.7162139415740967
1.6367335319519043
3.038429021835327
2.96169376373291
3.3755016326904297
