3.738323450088501
-0.24264468252658844
-1.1792153120040894
-0.7393965125083923
1.2083654403686523
4.084689617156982
-0.41779643297195435
1.833534836769104
3.748424768447876
-1.4608429670333862
1.4912465810775757
-0.10141655802726746
-3.095222234725952
-1.6029903888702393
0.3649601638317108
5.703207969665527
-4.9347243309021
-0.680014431476593
-6.593202114105225
3.2586331367492676
0.9158139824867249
3.055931329727173
-2.2009994983673096
5.086790561676025
-3.1992061138153076
-3.030620574951172
2.889878511428833
-0.5255705118179321
7.723169326782227
-8.97375202178955
-0.3760039806365967
7.254866123199463
