-34.359188079833984
7.051712989807129
-40.34653091430664
24.43496322631836
21.0477237701416
23.20395278930664
-31.685930252075195
-32.70717239379883
-19.828369140625
-12.376359939575195
-16.553035736083984
5.62595796585083
27.41088104248047
-12.061604499816895
-40.43645095825195
21.161745071411133
-75.40345764160156
8.712181091308594
1.893350601196289
-17.556053161621094
24.263160705566406
-3.33376407623291
36.29480743408203
-45.005496978759766
34.28313446044922
-54.22720718383789
-25.61846160888672
12.088410377502441
-26.44037628173828
5.770497798919678
-13.429076194763184
0.31512054800987244
