2708.6533203125
3163.21435546875
2722.69580078125
3074.455810546875
2542.37841796875
2317.7041015625
2174.39013671875
3102.467529296875
2910.451904296875
3078.494873046875
2718.4384765625
2295.96484375
2910.94189453125
2798.242919921875
2405.7744140625
2196.332763671875
2507.73291015625
3360.10009765625
2429.926513671875
2358.285888671875
2071.58837890625
4249.43603515625
1873.095703125
2630.84912109375
3111.10693359375
2828.671142578125
2523.637451171875
2262.752197265625
2467.352294921875
2549.49853515625
3822.923095703125
3069.258056640625
2590.85595703125
2425.137939453125
2736.775146484375
2550.84423828125
2651.091796875
2844.230712890625
3745.937744140625
2835.987548828125
2537.745849609375
2952.713623046875
2570.116943359375
3326.24072265625
2928.209716796875
3362.4560546875
2810.1015625
2573.673583984375
3143.467529296875
2420.561279296875
2408.578857421875
2679.850341796875
3280.310791015625
2294.8310546875
2039.073486328125
2466.480712890625
3430.550537109375
2407.64404296875
2537.551513671875
2466.61083984375
2160.094482421875
2773.622802734375
2875.2587890625
2447.76123046875
