-1.9574106931686401
-0.30732640624046326
-0.09061472862958908
-0.5734384059906006
0.05047694966197014
-2.8430182933807373
0.017305448651313782
-0.0026160632260143757
-0.0887548178434372
-2.769585609436035
-1.093001365661621
-0.9964146018028259
0.8770931959152222
0.9860163927078247
-3.92461895942688
0.019137796014547348
0.5757102370262146
-3.3487038612365723
0.04011140391230583
0.804552435874939
-2.805427312850952
-0.03646242618560791
-0.04135904461145401
-3.2439041137695312
-2.1029796600341797
-2.9979913234710693
-2.133739471435547
-0.09879766404628754
-2.641181707382202
-0.030533336102962494
-0.3116072714328766
-1.9992934465408325
0.2540314793586731
-1.615405559539795
-1.8227587938308716
-0.07498111575841904
0.09070855379104614
-1.4181022644042969
0.9138199687004089
-0.371060311794281
0.022192848846316338
-0.03719768673181534
-1.4892908334732056
-2.070523500442505
0.8800509572029114
0.35494574904441833
-1.2452768087387085
0.14445112645626068
0.9764648675918579
-0.4074767827987671
-1.6651743650436401
-0.7708025574684143
-3.2067525386810303
-1.5863313674926758
-2.121403455734253
-2.390557050704956
-0.7180452942848206
-0.4539872109889984
-0.03541736677289009
0.7357160449028015
-0.9685619473457336
-2.1513311862945557
-2.7389278411865234
-0.14683547616004944
