-2.2361440658569336
-13.879402160644531
-7.601691722869873
-9.070549964904785
-53.30144119262695
-10.333090782165527
-4.485064506530762
-74.9000473022461
62.25339889526367
14.668146133422852
-26.951610565185547
-8.385150909423828
-0.9038621783256531
-80.53427124023438
-5.855411529541016
-8.038431167602539
-10.909285545349121
39.65889358520508
16.71408462524414
54.86338806152344
87.22663116455078
-26.582244873046875
-1.2106497287750244
6.653106689453125
-15.110651969909668
-65.20708465576172
-26.06037139892578
-32.940486907958984
-36.84004211425781
-23.5025634765625
-22.067174911499023
-55.7763557434082
