-3.1006429195404053
2.314605474472046
-2.6252927780151367
0.14392688870429993
-1.4925026893615723
-3.8188230991363525
-3.036752462387085
-0.7887716889381409
-2.644111394882202
-2.349019765853882
-0.44057899713516235
-1.2170159816741943
2.30838942527771
-2.66051983833313
2.18363881111145
-3.245032787322998
-2.102091073989868
-3.6935839653015137
-2.8444979190826416
1.122247576713562
-2.7533135414123535
-0.03947649896144867
1.353430151939392
-2.5847880840301514
-0.5076425671577454
-0.16221624612808228
-3.7771010398864746
1.8945660591125488
2.0373008251190186
1.4920790195465088
-3.378249406814575
-3.507406711578369
