32.486572265625
35.47080612182617
12.76585865020752
14.13992977142334
23.057483673095703
10.997356414794922
15.214309692382812
15.91739273071289
57.59150695800781
31.487913131713867
17.82587242126465
14.906784057617188
11.736652374267578
18.94843864440918
4.05031156539917
11.298948287963867
13.91445255279541
24.55992317199707
29.478822708129883
13.327021598815918
52.342979431152344
8.127314567565918
16.746334075927734
20.429250717163086
8.975006103515625
6.183499336242676
15.869660377502441
16.021535873413086
7.506164073944092
12.967745780944824
24.368276596069336
10.815591812133789
