2.834874391555786
2.6325595378875732
3.5261223316192627
2.260173797607422
1.0865014791488647
2.7812490463256836
1.7181811332702637
2.3636934757232666
2.765047788619995
2.3157594203948975
2.3152594566345215
2.200540781021118
1.3469184637069702
2.2760426998138428
2.7122721672058105
2.6312663555145264
2.395665168762207
1.3577018976211548
2.5683364868164062
2.3787338733673096
2.4255969524383545
0.9976500272750854
3.1789236068725586
2.397414207458496
2.007807970046997
2.4410223960876465
2.61309814453125
2.454373598098755
2.064453601837158
2.6870505809783936
2.2886452674865723
0.7002771496772766
2.7977614402770996
1.8045858144760132
2.2615227699279785
2.587944746017456
2.420443058013916
3.045175552368164
0.8933701515197754
1.6687469482421875
1.98630690574646
2.3574817180633545
2.6542062759399414
1.5125435590744019
2.812706470489502
0.7669920921325684
2.1504664421081543
1.8252124786376953
1.5785304307937622
2.1124022006988525
2.2005443572998047
2.7397372722625732
2.6783013343811035
0.8664345741271973
2.3166425228118896
2.569835662841797
2.4579267501831055
1.712025761604309
2.4059700965881348
3.0777156352996826
2.1412248611450195
2.2781009674072266
0.6185194253921509
3.1608293056488037
