82.2645492553711
-36.32921600341797
-64.34719848632812
-24.368186950683594
-4.712867736816406
4.285206317901611
14.752558708190918
-35.233734130859375
-9.786367416381836
-52.86243438720703
-29.570531845092773
-27.099855422973633
-7.663005352020264
-47.111534118652344
-14.190208435058594
-22.27649688720703
-7.07001256942749
-6.137113571166992
-55.78277587890625
-61.998313903808594
63.47256851196289
7.057894229888916
-2.1293957233428955
-60.20646286010742
8.905660629272461
-27.487133026123047
28.249408721923828
-33.366668701171875
-4.532169818878174
-12.770496368408203
51.58618927001953
-62.81419372558594
