-1.5266016721725464
-1.1961798667907715
-0.20826978981494904
-0.9377881288528442
-1.5257660150527954
-0.18448539078235626
-0.8481380343437195
-0.8920082449913025
-0.6003504991531372
2.0251049995422363
0.38655924797058105
-0.904978334903717
-0.9148882627487183
-1.3260760307312012
-2.0886240005493164
-1.852683424949646
-1.725130558013916
-1.712050199508667
-1.2484054565429688
-0.8273822665214539
-1.8497107028961182
-1.9553921222686768
-1.1026067733764648
-1.252042531967163
-1.3701963424682617
-1.6446691751480103
-0.5506691932678223
-0.01646164059638977
-1.3383302688598633
-1.4749891757965088
-2.1791744232177734
0.019780557602643967
-1.0528289079666138
-0.9986481666564941
-0.8423703908920288
-0.7191725373268127
-1.0460922718048096
-0.8998079895973206
0.8498165011405945
-0.6925261616706848
-1.8595247268676758
-1.021808385848999
-1.660539984703064
-1.8206360340118408
-0.709031879901886
-0.11557027697563171
-1.9535679817199707
-1.7145644426345825
-1.5965622663497925
0.2649731934070587
-0.8492496609687805
-1.4786845445632935
0.8233781456947327
-1.0872255563735962
0.14256227016448975
-0.7777297496795654
-0.6377880573272705
-0.8709946274757385
-0.3785654902458191
-2.3508331775665283
-3.4158616065979004
0.5864498019218445
-1.0409743785858154
-1.963973879814148
