709.7107543945312
668.1224365234375
857.3973388671875
958.69140625
655.7854614257812
1141.4326171875
848.0010375976562
755.0263061523438
754.0029907226562
863.158203125
1284.4007568359375
713.9488525390625
909.51220703125
1072.491455078125
943.3152465820312
782.633544921875
693.2714233398438
701.6939697265625
765.7755126953125
974.7191772460938
799.824951171875
807.3653564453125
730.7689208984375
925.0491943359375
837.751220703125
832.281005859375
594.0658569335938
818.7444458007812
779.4901123046875
704.6275634765625
868.6524047851562
717.8380737304688
