27.585962295532227
34.48894119262695
45.80080795288086
55.13423538208008
49.529998779296875
28.38228988647461
53.56401443481445
41.14284896850586
33.876068115234375
43.14104461669922
34.24510955810547
53.950618743896484
47.33623123168945
26.305208206176758
49.38134002685547
29.274656295776367
14.939878463745117
28.55859375
30.56328582763672
47.06888198852539
36.12449645996094
32.8226318359375
65.37303161621094
34.17571258544922
39.78817367553711
25.098661422729492
35.1488151550293
35.89877700805664
24.849956512451172
71.32744598388672
43.16361999511719
51.60981750488281
45.20053482055664
31.691749572753906
52.6927375793457
37.22047805786133
25.334070205688477
38.01720428466797
41.39366149902344
14.529182434082031
30.749637603759766
24.389923095703125
42.90412139892578
29.67666244506836
28.98324203491211
35.68454360961914
18.31035804748535
27.177995681762695
17.407997131347656
77.61558532714844
38.61771011352539
51.980472564697266
26.540071487426758
48.15718078613281
19.47975730895996
33.76285934448242
31.381980895996094
56.1719856262207
26.570219039916992
41.47595977783203
19.377103805541992
28.179521560668945
31.405885696411133
56.47230529785156
