0.3952215909957886
-0.5636675953865051
0.5002687573432922
-0.02775215171277523
-0.3072752356529236
-0.43451353907585144
0.21370664238929749
-0.07826624065637589
-0.8454025387763977
2.347679376602173
-1.2621670961380005
-0.934213399887085
-1.8155757188796997
0.6054865121841431
1.0416656732559204
0.6506767868995667
-0.2659861743450165
-2.6686275005340576
0.06201164424419403
2.5748209953308105
-0.49517181515693665
-2.7161877155303955
0.2439548820257187
1.1422466039657593
0.9623362421989441
-3.637052059173584
-0.7339835166931152
0.6602495908737183
-2.8083043098449707
-0.2317674607038498
1.1771702766418457
-2.637791156768799
1.6552035808563232
1.6578716039657593
0.27568313479423523
2.9560298919677734
-0.482704222202301
-0.25206872820854187
-0.5663750767707825
-2.491129159927368
1.544278860092163
-2.1750566959381104
-0.09063708037137985
-4.495189666748047
-2.3330111503601074
0.42367222905158997
-0.4314071238040924
-0.3808886408805847
-2.708822250366211
-1.868731141090393
-0.6316237449645996
3.7384588718414307
1.5090590715408325
-2.022514820098877
-2.675319194793701
0.3202853500843048
-0.03304915130138397
-0.8952742218971252
-3.713000774383545
-2.2246763706207275
2.14210844039917
2.0683231353759766
-0.7611120343208313
-0.2630617916584015
-0.5047500729560852
-1.120036244392395
0.23321619629859924
0.39395952224731445
-0.03773430362343788
0.7835023403167725
-0.21320930123329163
0.46045762300491333
-2.8874082565307617
-0.5626745820045471
-1.1843032836914062
1.3171277046203613
0.748841404914856
-0.5691021084785461
-0.18590237200260162
-2.566742420196533
-0.6941174268722534
0.0063720266334712505
3.038264274597168
1.050059199333191
0.15128135681152344
-0.5402284860610962
1.2895292043685913
-1.108954668045044
-1.1527841091156006
0.4495730996131897
0.05547922104597092
-2.6815152168273926
0.2523019313812256
-0.494832307100296
-0.5810865163803101
0.29441842436790466
1.2587894201278687
-0.4908027946949005
-0.10693506896495819
-0.7626550197601318
0.3646184802055359
-0.6571624875068665
-0.6709803938865662
1.8848623037338257
-1.405940055847168
2.687990427017212
0.37521326541900635
1.2383657693862915
-0.2028525024652481
0.35290223360061646
-4.1341657638549805
-1.485905647277832
-0.36858803033828735
-0.34815749526023865
0.3236877918243408
-1.9930633306503296
-1.1057076454162598
0.43374496698379517
2.1750364303588867
1.544685959815979
-0.5417043566703796
-3.53633451461792
-2.5568811893463135
3.6697206497192383
2.634010076522827
-4.6462721824646
0.06608045846223831
-2.056986093521118
0.24789521098136902
-0.4459470212459564
0.5606160759925842
-3.213392734527588
0.16229169070720673
-2.357170820236206
0.06076710671186447
-2.7911534309387207
3.2825279235839844
-1.8100028038024902
-4.187111854553223
-3.5965776443481445
2.498211145401001
-1.7113596200942993
0.18843263387680054
3.0276594161987305
-2.6616809368133545
0.4838949739933014
-0.2988523542881012
1.127388834953308
-0.5024598836898804
0.004567142575979233
0.22111792862415314
2.492454767227173
1.6124836206436157
-3.839083671569824
-0.25902822613716125
0.9491162896156311
1.6445908546447754
0.6080332398414612
0.043994877487421036
-1.6983051300048828
1.5783352851867676
0.6944623589515686
-0.5146911144256592
0.13326239585876465
0.21407605707645416
-3.080411911010742
0.6174736022949219
-0.10771393775939941
-2.0525784492492676
-0.16116692125797272
-0.40293097496032715
-0.006217516027390957
-0.6200559735298157
-0.0006959044840186834
0.009852824732661247
-1.847177505493164
3.9596853256225586
-2.61635422706604
-0.8270564079284668
-1.1129815578460693
0.06502231955528259
-0.6140928268432617
-0.05244717746973038
0.28254935145378113
-1.1047130823135376
-0.6326694488525391
-0.8146798610687256
0.00535337021574378
-3.5179531574249268
2.336569309234619
0.26658758521080017
1.1423027515411377
-2.167334794998169
3.4552536010742188
0.684610903263092
-0.46692752838134766
0.7468262314796448
0.576747715473175
0.4960220754146576
0.13933810591697693
-1.6962347030639648
1.9422577619552612
0.474613755941391
-0.45032021403312683
-0.5981948971748352
1.39060378074646
-4.1294755935668945
0.02856595255434513
-1.8031697273254395
0.14959830045700073
0.9098606109619141
-1.4967747926712036
0.10089407861232758
0.7880738973617554
0.22575153410434723
1.9954776763916016
2.084458827972412
-0.12038160860538483
0.07891612499952316
4.5787248611450195
1.37651789188385
0.6126593947410583
-4.597726821899414
-1.547545313835144
-2.0121004581451416
1.2575337886810303
1.3623740673065186
-0.890144944190979
3.5780792236328125
-1.578420877456665
0.1782541424036026
0.66251140832901
2.0354297161102295
-1.4522182941436768
-2.5551278591156006
1.2944411039352417
-1.5080806016921997
1.9684526920318604
-0.8443835377693176
-0.7482492923736572
1.1312822103500366
-0.0414278581738472
-0.020674768835306168
0.050413988530635834
1.0007877349853516
-0.2456590235233307
-2.457512378692627
0.9916182160377502
0.022748297080397606
-2.600029468536377
-1.7336031198501587
1.7835475206375122
0.17941781878471375
-2.3824288845062256
-0.8634002208709717
2.783867835998535
1.6117061376571655
-0.36564314365386963
0.13365767896175385
2.7214267253875732
-0.21771925687789917
-2.0150043964385986
-0.27585989236831665
-0.16145536303520203
-1.8878891468048096
1.6952602863311768
0.4795462489128113
-0.057675424963235855
-1.3703938722610474
1.5716460943222046
0.19239886105060577
0.7976248264312744
-1.7175484895706177
-1.6522268056869507
-0.3478406071662903
4.1990509033203125
-0.07483287155628204
-2.7367992401123047
0.5954897999763489
0.5767998099327087
0.7978162169456482
-1.108180046081543
-0.3463408648967743
-1.9231494665145874
0.12849289178848267
0.29280152916908264
0.1428418606519699
-0.6347060799598694
-0.11289922147989273
2.302962303161621
-0.8779909014701843
0.0490691177546978
2.711331844329834
2.1389572620391846
0.06802284717559814
-0.5238847136497498
2.92988657951355
-3.0464837551116943
-0.0027200323529541492
-2.6765573024749756
0.2458122968673706
-0.27693694829940796
-2.978142499923706
1.574766755104065
0.21037200093269348
-0.18280941247940063
2.0839157104492188
0.5295790433883667
1.0979574918746948
-0.9011456370353699
-0.5467737317085266
0.2340455949306488
2.462214946746826
-0.38426312804222107
-3.213244676589966
1.322303056716919
0.35049208998680115
0.9286998510360718
0.6658338904380798
-0.07560902088880539
0.5478982329368591
-0.783612072467804
-0.35543596744537354
1.7669670581817627
3.8678345680236816
-0.6682063937187195
2.9122724533081055
-0.38604965806007385
0.17337413132190704
1.3950691223144531
0.33778584003448486
-0.8464397192001343
2.7407236099243164
-0.39489322900772095
-2.647128105163574
-3.6309878826141357
1.1432987451553345
0.25745394825935364
4.178738594055176
3.5258984565734863
-0.08430077880620956
-0.8585408329963684
1.9290844202041626
0.4071665406227112
1.587734580039978
3.76422381401062
-1.1163007020950317
1.0928642749786377
-0.18199411034584045
2.343212127685547
-4.218700408935547
-0.07070868462324142
1.3953934907913208
-0.10378258675336838
0.030397525057196617
0.8076827526092529
-0.19737748801708221
2.4561710357666016
0.11880599707365036
-0.5137493014335632
-2.952977418899536
3.2227413654327393
0.8883034586906433
-0.8059616088867188
0.29128915071487427
2.1236507892608643
-0.3337301015853882
-1.9505690336227417
-0.7546746134757996
-0.1200287863612175
0.2830923795700073
0.3936026394367218
-0.17232871055603027
-0.647100031375885
3.3611762523651123
0.1789679229259491
-2.7064735889434814
0.6225305795669556
0.7208830714225769
-0.5214648246765137
2.8683438301086426
-3.1335713863372803
-1.6931768655776978
-2.0228264331817627
0.8910450339317322
-1.6466965675354004
0.124240942299366
-4.3097758293151855
0.43239885568618774
0.9952989220619202
-0.3844270408153534
0.9429385662078857
0.5159791111946106
0.3341289758682251
-2.3423430919647217
1.1674355268478394
2.0277085304260254
-1.0231951475143433
-0.12578144669532776
1.1397497653961182
-3.6905789375305176
-1.539297103881836
-0.733422040939331
1.1811864376068115
-0.10526931285858154
-0.3509520888328552
-0.7211437821388245
2.363811731338501
-1.4076597690582275
-2.8001105785369873
0.2316082864999771
2.5486791133880615
3.216648578643799
0.7984700798988342
0.39548614621162415
-1.0292702913284302
3.1922929286956787
-0.8485487103462219
-0.12692761421203613
0.6520087718963623
0.2830202877521515
-2.212510585784912
-0.3752404451370239
-1.9253729581832886
-3.176793336868286
0.687239408493042
-1.169739842414856
-1.4169132709503174
-0.5329755544662476
1.3212891817092896
-0.39249399304389954
-0.15666647255420685
4.528501510620117
-1.2397695779800415
-1.2091387510299683
0.21781273186206818
1.8636060953140259
-0.19775156676769257
3.3225343227386475
1.0411605834960938
0.579321026802063
1.687268614768982
1.0413851737976074
-0.46026483178138733
-3.4929306507110596
2.570720911026001
-2.827312469482422
0.10460802167654037
-1.9864853620529175
2.4504849910736084
1.0491715669631958
-0.9522488117218018
-3.0001790523529053
3.1667566299438477
-0.1535874605178833
-0.7155264019966125
2.602470874786377
0.31075209379196167
-2.218858480453491
-1.1870745420455933
-0.6919467449188232
-3.130354642868042
-1.0766007900238037
0.8170394897460938
-2.2798287868499756
-0.10310477763414383
4.934867858886719
-2.233159303665161
-2.7336366176605225
3.3724400997161865
0.09800705313682556
0.7116742134094238
3.833620548248291
-1.8151706457138062
0.034268610179424286
3.867441415786743
-0.9824494123458862
0.29112133383750916
-0.9049749970436096
-3.091033458709717
-3.3197808265686035
3.4296059608459473
4.562957763671875
-0.5187051892280579
5.038851261138916
-3.5675811767578125
3.0870490074157715
-0.3997291624546051
1.8358975648880005
-3.187814235687256
-2.258298397064209
0.5952149033546448
-0.14402472972869873
-1.41584050655365
-0.29384735226631165
-1.698117733001709
1.784669280052185
-2.4618592262268066
-0.20646147429943085
1.8511766195297241
0.5850685238838196
-1.9602198600769043
-2.972055673599243
2.3556180000305176
-1.3007686138153076
0.06522504985332489
-0.3325846195220947
2.0735113620758057
0.035876594483852386
1.2188100814819336
-0.7836892008781433
-2.2332446575164795
1.7845371961593628
-0.30076512694358826
-0.02815740369260311
1.0223464965820312
-0.11174678802490234
-0.2392856329679489
-0.7019686698913574
0.060921117663383484
0.3380464017391205
0.17680314183235168
0.09264633804559708
0.5518145561218262
-1.0844091176986694
-0.25831785798072815
-0.22404910624027252
0.0028003777842968702
-2.2975375652313232
-1.1664787530899048
-0.2954748272895813
0.9547420740127563
0.7183120846748352
-0.23784498870372772
1.824238896369934
-0.9647493362426758
0.061899811029434204
-0.41557276248931885
0.957516610622406
-0.050322651863098145
0.9295600056648254
-1.6526726484298706
-0.6575673818588257
-0.56890869140625
-1.5728667974472046
2.283064126968384
-0.6197136044502258
0.7902358174324036
2.1676809787750244
0.2521510720252991
-0.7932649850845337
0.8327788710594177
-0.68498694896698
-2.9289612770080566
-0.796448826789856
-1.8876594305038452
0.4094545543193817
-1.7087846994400024
-0.5568273067474365
0.05072195827960968
0.5035183429718018
0.8009120225906372
1.3568899631500244
-1.297486662864685
1.9083210229873657
0.0906660407781601
1.0214898586273193
2.376600980758667
0.8228856325149536
0.22195902466773987
0.4853775203227997
3.2962770462036133
-2.4106624126434326
-2.45247220993042
0.14838995039463043
-0.8325995206832886
2.286435604095459
-1.4380801916122437
-0.13492299616336823
-0.5432327389717102
1.2874926328659058
2.294534683227539
-1.5483893156051636
-2.1380159854888916
2.295210361480713
-1.710833191871643
-1.614872694015503
-0.5411102175712585
1.5069111585617065
-2.1448614597320557
0.10207773745059967
-0.7894158959388733
1.5616079568862915
0.26747339963912964
2.9715065956115723
-0.20150716602802277
-1.22063148021698
1.568630576133728
0.28953370451927185
-0.0058672199957072735
1.9959794282913208
0.1637318730354309
-2.0790205001831055
0.8747666478157043
-1.1510542631149292
1.0186917781829834
0.980979323387146
0.5876415967941284
0.29811644554138184
1.0212444067001343
0.17280395328998566
-1.4568150043487549
-0.2745254337787628
1.593039870262146
2.8899574279785156
0.547372043132782
-2.519822120666504
3.922227382659912
0.7560069561004639
-0.5873737931251526
-0.3640020787715912
-1.3767353296279907
0.8917294144630432
-2.2038488388061523
-2.6227505207061768
-0.156242236495018
-0.29918184876441956
2.337472677230835
-0.5154038071632385
1.941216230392456
2.6045775413513184
-0.5709296464920044
-3.951699733734131
-0.03536277636885643
-0.6164736747741699
-0.3417963981628418
2.0172271728515625
-0.3581024706363678
-0.8351616263389587
-0.12889039516448975
2.5182929039001465
-2.4707372188568115
0.6835424900054932
-3.897315740585327
-1.3532142639160156
0.7343027591705322
2.2997994422912598
3.590836524963379
-1.7924140691757202
0.037001773715019226
-0.5136661529541016
0.6552639007568359
0.14849883317947388
0.6205411553382874
0.8496337532997131
-1.2406147718429565
-4.285000801086426
-2.9175612926483154
0.019650917500257492
0.4538222551345825
-0.4604546129703522
0.9574940204620361
-1.366801142692566
1.9414013624191284
-4.209072589874268
-1.6342236995697021
-0.037108585238456726
0.558571457862854
3.6964690685272217
2.3597960472106934
2.15832781791687
0.7439601421356201
2.040797710418701
2.6439077854156494
0.6513243317604065
-1.7605738639831543
-0.5764108896255493
1.0512748956680298
-0.6006579995155334
-2.5261359214782715
-3.2621963024139404
-1.28520929813385
-2.3160481452941895
1.0737557411193848
-0.18439826369285583
3.1049997806549072
1.291394829750061
1.283513069152832
3.954202651977539
1.2844181060791016
0.4904267489910126
-2.0176353454589844
0.6092385649681091
1.126460313796997
2.8149030208587646
0.1767358034849167
0.971834123134613
1.041290521621704
2.625614881515503
-0.21942776441574097
-2.803572177886963
1.9624483585357666
0.4549369812011719
0.9290782809257507
-0.4619785249233246
4.069220066070557
-1.0992977619171143
0.2862638235092163
0.10883139073848724
-0.49267902970314026
0.15230268239974976
0.013754522427916527
-1.5616159439086914
1.2893680334091187
-0.1604195386171341
-0.3399398922920227
1.8213671445846558
-2.205632448196411
-2.609959602355957
-0.6491162776947021
-1.8673498630523682
0.48929521441459656
1.3678312301635742
-0.016704490408301353
-1.4790499210357666
0.7083926200866699
2.510533332824707
2.343968152999878
0.7003240585327148
0.2295801043510437
2.1771914958953857
2.800798177719116
-1.7064725160598755
-2.238994836807251
0.18679724633693695
-2.2700889110565186
0.5428210496902466
2.459080934524536
3.0509896278381348
1.2995229959487915
4.2455220222473145
-3.5333642959594727
2.7844138145446777
0.03728218749165535
0.7218121886253357
-0.716860294342041
0.6749107837677002
-0.0358516126871109
-2.369938373565674
-3.8697962760925293
-1.4688009023666382
-2.2496628761291504
1.8494435548782349
-2.6458990573883057
-1.7086666822433472
1.7724043130874634
0.0995960682630539
0.17148980498313904
-0.9815245270729065
2.2305564880371094
0.9793534874916077
-0.818267822265625
-0.08703885972499847
1.5973014831542969
0.8859297633171082
-0.30093830823898315
0.38319092988967896
-3.074613332748413
0.17748282849788666
0.3752225935459137
0.5341398119926453
-0.8810284733772278
-0.793254554271698
0.5221116542816162
-0.1278725415468216
-0.8987491726875305
-0.6980714201927185
0.010898838751018047
-1.1336532831192017
-0.8043292760848999
0.09442369639873505
0.31415456533432007
2.2052927017211914
0.07271870225667953
1.019097089767456
-2.116547107696533
-0.9581186175346375
2.7992501258850098
0.21173898875713348
-1.4690637588500977
1.9985226392745972
-1.5910509824752808
1.378746509552002
-0.8021717667579651
0.1837794929742813
-1.6213916540145874
-1.47638738155365
0.24209092557430267
1.3341845273971558
-1.1550794839859009
0.5459270477294922
-0.4251982867717743
-0.14315585792064667
-0.14373339712619781
3.7179322242736816
0.43926388025283813
0.7142260074615479
-0.17763392627239227
2.9251933097839355
1.9179061651229858
0.17852045595645905
-2.6881699562072754
-0.5640708804130554
-1.884968876838684
-2.3690240383148193
3.820500373840332
-1.440301775932312
-1.977795124053955
0.276999831199646
3.404428243637085
3.779409885406494
-4.459933280944824
-0.5604106187820435
-0.8500559329986572
0.2903982102870941
-0.7398720979690552
-3.4335403442382812
-2.717299222946167
1.7802890539169312
-0.3132277727127075
-3.27203369140625
1.0929346084594727
-2.3756768703460693
-0.34812843799591064
-0.040609199553728104
1.247131109237671
0.7541627287864685
-1.6291449069976807
-0.014614108949899673
3.2396128177642822
-2.500821352005005
-0.7683455944061279
-0.46633878350257874
-1.7598228454589844
0.10151492804288864
0.6294355392456055
0.11137740314006805
-2.9186203479766846
-1.5968232154846191
1.0154871940612793
5.790262699127197
1.7164884805679321
0.08919943124055862
-3.8342442512512207
-1.113383173942566
0.022127268835902214
0.5709214210510254
-1.3220829963684082
-0.4871399700641632
-1.942374587059021
0.32389479875564575
-1.1076459884643555
0.4910239279270172
0.44307470321655273
1.8996248245239258
-1.5731110572814941
-0.0051217577420175076
1.289996862411499
-0.22942592203617096
-0.3319088816642761
0.29666265845298767
2.405104160308838
0.24744217097759247
1.0925580263137817
1.2105320692062378
1.270362377166748
-0.4880468249320984
0.018440887331962585
-5.187569618225098
-2.249147415161133
0.5882710814476013
0.39303073287010193
4.406482219696045
0.6426409482955933
-2.3834474086761475
3.080364227294922
2.9442732334136963
0.8837025165557861
0.018780238926410675
-3.7456116676330566
0.8118258714675903
-0.022769369184970856
4.079550266265869
-3.6444976329803467
0.8229402899742126
-0.5912612676620483
-1.383704423904419
-3.1439006328582764
-0.21425485610961914
-2.963449239730835
2.5129013061523438
-1.810737133026123
2.646132707595825
-3.60273814201355
1.1378637552261353
-0.46989744901657104
-2.8586111068725586
-2.86551833152771
1.9467579126358032
-0.8956756591796875
-1.5033551454544067
3.0473244190216064
-1.2491878271102905
-2.0621297359466553
0.5250289440155029
1.8161718845367432
-0.6270608305931091
2.133249044418335
-0.744900643825531
-0.6351498365402222
-2.6279194355010986
-2.2442595958709717
1.519336223602295
0.6021768450737
4.292415618896484
-2.1382932662963867
0.1838729828596115
0.9788724184036255
0.1868666261434555
2.54148268699646
0.023322371765971184
0.4089859426021576
-0.38807523250579834
-1.5634419918060303
-1.5521588325500488
-1.135313630104065
0.47173556685447693
-2.101534366607666
-2.3686611652374268
-2.6561901569366455
0.41492143273353577
-0.7342156171798706
1.256438970565796
-2.68864107131958
0.7649498581886292
1.0767929553985596
-0.3999693989753723
-0.4424055516719818
0.7752177715301514
0.8025158047676086
-1.12073814868927
1.1293762922286987
-3.141341209411621
-0.555291473865509
1.1825348138809204
-2.194603204727173
-2.5477776527404785
3.6426239013671875
0.7706133723258972
-0.0535261370241642
-2.9721806049346924
4.8077192306518555
0.3903375566005707
-0.6232696175575256
-1.44032883644104
-0.33731362223625183
0.8248482346534729
0.43427330255508423
1.5949726104736328
1.5451750755310059
0.06639013439416885
0.4656016528606415
-1.4541329145431519
-0.853057324886322
-5.307122707366943
1.048922061920166
-1.2076057195663452
-0.2071312814950943
1.368451714515686
-1.1736652851104736
-0.6503136157989502
0.24336077272891998
-0.3109574019908905
0.731299638748169
2.017590284347534
-2.748844623565674
-0.3213129937648773
4.14511775970459
0.8791161775588989
1.9598147869110107
-5.431269645690918
-0.9570778012275696
-4.811059951782227
1.802004337310791
2.2930357456207275
2.7392578125
4.981896877288818
-4.819444179534912
0.014662664383649826
2.9362714290618896
0.20133671164512634
-2.4677658081054688
-2.7058022022247314
0.44942253828048706
0.07994784414768219
1.9132821559906006
-1.2838572263717651
-2.6280105113983154
-1.1931191682815552
1.0411914587020874
3.689235210418701
0.25024810433387756
0.14766719937324524
0.5273761749267578
-3.376347541809082
-1.7050586938858032
-0.015364994294941425
-2.4803669452667236
-1.1699331998825073
0.6097148656845093
3.9808032512664795
0.07418429106473923
0.5042920708656311
3.661358594894409
0.36146315932273865
-0.042371004819869995
-0.5918707251548767
3.218212127685547
0.5561767816543579
-0.564598798751831
2.0138869285583496
-0.5892936587333679
-0.25412818789482117
2.92984938621521
0.1352550983428955
0.026838360354304314
0.37793242931365967
-2.3369340896606445
-0.5088309645652771
-1.2667306661605835
1.6646146774291992
-1.7148503065109253
-0.7915540933609009
4.083167552947998
0.340426504611969
-1.147208571434021
1.3354781866073608
-1.0078041553497314
0.3867853283882141
-1.2067854404449463
0.18491077423095703
-2.823835611343384
-1.0465929508209229
0.06076440215110779
-0.3805950880050659
2.380450487136841
-1.4901564121246338
0.07459335774183273
0.9230279326438904
0.5941402316093445
3.3646278381347656
1.9717754125595093
-1.9297211170196533
-0.3116779029369354
-0.37853363156318665
-0.6943358182907104
-1.465233564376831
-2.3956079483032227
2.5284714698791504
0.5462598204612732
0.6944841742515564
4.730160236358643
-0.5878889560699463
-0.07646436989307404
5.100221157073975
2.695918321609497
4.3719305992126465
-3.770235776901245
-1.7629151344299316
-0.1597999483346939
1.662334680557251
-0.7944133877754211
-4.2207417488098145
1.2826392650604248
2.5700249671936035
1.320562481880188
1.4324231147766113
0.7159445285797119
-4.009036064147949
-1.2886687517166138
-0.26093530654907227
-0.14470377564430237
3.70207142829895
0.2567427158355713
-0.40255746245384216
3.629020929336548
-0.6432909965515137
-2.1486284732818604
-1.9574838876724243
0.8345150947570801
-0.27198725938796997
-2.3988444805145264
-4.04216194152832
-4.073689937591553
-0.1347535401582718
0.971960723400116
4.5958356857299805
3.2213127613067627
0.6337313055992126
-1.510221004486084
1.5366894006729126
0.2509887218475342
0.9376106858253479
0.7004596590995789
-2.4696178436279297
1.7316535711288452
-0.21109022200107574
-1.4961966276168823
-5.485066890716553
-2.1838600635528564
0.5595169067382812
-0.9939785003662109
4.0531110763549805
-0.31753525137901306
-1.6945606470108032
3.6227691173553467
-1.8457809686660767
2.258227825164795
0.3974199593067169
0.41996288299560547
1.5618493556976318
-1.4557543992996216
-1.206560730934143
1.49265456199646
0.06117333844304085
-1.0697462558746338
-1.293631672859192
1.3560740947723389
2.035957098007202
0.16668261587619781
-0.602652370929718
1.1751090288162231
4.444868087768555
-2.3142316341400146
1.4372515678405762
-2.3834025859832764
1.2928376197814941
0.013308477587997913
4.533933639526367
-3.709437370300293
-1.8555819988250732
1.0204015970230103
-0.04559703171253204
-2.4572043418884277
0.9373040795326233
-4.790792942047119
-0.6161759495735168
0.6430436968803406
0.8277824521064758
0.23114058375358582
0.2360442727804184
0.27897247672080994
-2.6479074954986572
-0.02006383240222931
1.7250943183898926
0.5688750147819519
0.44835981726646423
0.0268417838960886
-3.9878504276275635
-1.5138987302780151
-1.2676414251327515
-0.037076354026794434
0.0759214460849762
0.14090052247047424
0.46561893820762634
-2.382655382156372
-1.5576324462890625
-0.6983019113540649
3.0717785358428955
2.5842301845550537
4.829517364501953
-0.3845269978046417
-0.24620848894119263
1.7612274885177612
0.6960837841033936
2.576152801513672
-0.1858963519334793
0.3387221693992615
3.368248462677002
-1.0181986093521118
-0.09281542897224426
-1.386579155921936
0.08622255176305771
-0.6076633930206299
-3.672675371170044
1.4891101121902466
-0.12359102815389633
-1.8582366704940796
-2.275838851928711
-0.37653079628944397
1.8442405462265015
1.1598494052886963
-2.0135746002197266
0.71349036693573
3.3286919593811035
1.5459271669387817
-0.4278029203414917
2.287390947341919
0.06721178442239761
-1.8681615591049194
-0.0367785282433033
-0.892570436000824
-2.3695881366729736
2.676762342453003
-1.3826560974121094
-1.1365896463394165
-0.3909262418746948
4.2474284172058105
4.870940208435059
-1.0696167945861816
-4.695528507232666
2.2465600967407227
0.078661248087883
0.8315953016281128
0.10317622870206833
0.312428742647171
-2.1773037910461426
0.4351808428764343
-0.15739527344703674
0.659658670425415
0.08882568031549454
2.04730224609375
-1.4160655736923218
0.13415101170539856
5.409399032592773
-0.8524389266967773
-4.680201530456543
1.490729570388794
1.5001002550125122
2.1287572383880615
3.9991610050201416
-2.6493892669677734
0.26178765296936035
3.305048704147339
-0.11133083701133728
1.832020878791809
-1.383818507194519
-3.3476290702819824
-1.4953864812850952
1.4377646446228027
5.714941501617432
-0.12233710289001465
5.527120113372803
-4.514808177947998
-0.7355456352233887
2.318208694458008
0.7323765754699707
-4.394205570220947
-3.39274525642395
1.3252391815185547
-0.14369019865989685
-1.7017920017242432
-0.8308436274528503
-0.6733784079551697
-1.6894124746322632
-0.43796950578689575
-0.4697193503379822
0.15438400208950043
3.255357503890991
-2.69577956199646
-1.0051913261413574
-2.5600686073303223
1.516194224357605
0.5501134395599365
0.21733689308166504
0.7326900362968445
2.407135248184204
1.7482340335845947
-3.096970319747925
0.24507518112659454
1.2760642766952515
-0.06092338263988495
-0.285774290561676
0.95951908826828
0.3260015845298767
-0.35029447078704834
0.3488912582397461
-0.12846332788467407
0.5972926020622253
0.7760822772979736
0.04941169172525406
-0.24775312840938568
-1.932991862297058
-3.4884536266326904
-1.0063151121139526
-0.03223606199026108
-0.13163869082927704
-0.8686369061470032
0.266614705324173
0.49339479207992554
0.00636635534465313
1.5158300399780273
0.6388899683952332
-1.6816695928573608
-0.7388616800308228
-0.4040283262729645
0.10656901448965073
1.601231575012207
0.7969884276390076
0.09106031060218811
0.17972925305366516
2.89778995513916
-2.0594377517700195
0.12395235151052475
0.07521838694810867
-2.1659393310546875
3.2753729820251465
-0.2419915348291397
-0.12934362888336182
0.1981462687253952
-2.6091268062591553
-2.629612445831299
-1.9040035009384155
-0.7243921160697937
3.9505319595336914
2.269498825073242
1.1953400373458862
4.470150470733643
2.6291189193725586
0.590366005897522
4.482223033905029
-1.801310420036316
3.102679967880249
-2.5890142917633057
-3.165712356567383
1.9282749891281128
1.5013917684555054
-0.6910405158996582
-1.9263923168182373
3.3016836643218994
-0.11131865531206131
-2.001105308532715
0.8042225241661072
-0.35923731327056885
-0.877200186252594
-2.6007235050201416
2.968777656555176
-0.210275337100029
0.18718785047531128
-0.03709648922085762
0.2654472887516022
1.9794213771820068
-1.186090350151062
-2.554011583328247
-0.7341272830963135
-2.388091802597046
0.4474204480648041
-1.9264169931411743
1.6791800260543823
-1.814526915550232
0.5556250214576721
-0.4691060185432434
6.0012898445129395
2.2244694232940674
-0.46424371004104614
-0.06891801208257675
0.22521060705184937
0.38479331135749817
0.6358007192611694
-0.8185397386550903
-3.2682950496673584
0.8913254737854004
-1.4709848165512085
-0.4051590859889984
0.19135861098766327
-1.2815536260604858
-0.3923207223415375
0.7009018063545227
3.9496734142303467
-0.052073884755373
-1.1355727910995483
1.8179677724838257
-3.798532009124756
1.6548327207565308
-0.43729138374328613
-0.015313945710659027
0.22260946035385132
-0.2444920688867569
-1.3182395696640015
-1.202134370803833
3.434404134750366
1.2674124240875244
-2.4921116828918457
0.7516315579414368
0.4255819618701935
1.5250436067581177
-0.6460716724395752
-1.0469837188720703
4.505591869354248
-3.6855640411376953
-4.08093786239624
-2.3159706592559814
1.123356580734253
0.483414888381958
0.9862890243530273
-1.8393869400024414
-1.3927870988845825
-0.5380781888961792
1.0337332487106323
-2.47495174407959
-0.04767092689871788
-4.759130954742432
-0.25544002652168274
-0.01704815775156021
2.484471082687378
3.8049817085266113
0.8883694410324097
0.32065117359161377
-1.9724692106246948
0.4996706247329712
-0.2016565352678299
0.343492716550827
-0.7119069695472717
-2.163034439086914
-3.5635335445404053
-2.449706792831421
-0.716634213924408
-0.38129523396492004
-0.05174035578966141
0.7589088082313538
0.3449765145778656
-1.9600780010223389
-4.065260410308838
-1.5755056142807007
2.2889232635498047
2.3032829761505127
2.541865348815918
-0.6961833238601685
0.4084979295730591
1.4748365879058838
-0.19983403384685516
3.197801113128662
2.5613648891448975
-1.6093792915344238
0.516024649143219
1.0443273782730103
-0.1856660693883896
-0.6716620326042175
-3.000990152359009
-1.1804438829421997
-0.2674882411956787
1.6499388217926025
0.6812617182731628
0.4349590539932251
1.438223958015442
1.7963578701019287
2.061047315597534
0.4863508641719818
0.2540108263492584
-1.9173163175582886
0.002037608763203025
1.8540806770324707
0.04952380433678627
1.8380426168441772
-0.17187714576721191
-0.23097458481788635
-0.007735223043709993
-2.152538776397705
-3.1319262981414795
1.8817853927612305
2.7200119495391846
1.3847538232803345
0.7893389463424683
4.481963157653809
0.5581323504447937
-0.007293405011296272
-2.622908592224121
0.994226336479187
2.126962900161743
-0.4664039611816406
-0.2047300487756729
1.7330374717712402
0.01497223973274231
1.5736569166183472
3.5975260734558105
2.540865182876587
-2.531737804412842
0.9013389945030212
-0.09909205138683319
1.1727181673049927
0.7347241640090942
-0.45996376872062683
-2.389601230621338
-0.06667369604110718
0.5458544492721558
2.2579944133758545
3.2917420864105225
-1.8639698028564453
3.2255704402923584
3.3507091999053955
-0.4364965260028839
-0.2105366736650467
-0.6305196285247803
-2.7964096069335938
0.09134380519390106
2.3320770263671875
5.082995891571045
0.23210062086582184
5.3577752113342285
-3.988467216491699
0.06559425592422485
-0.4499938189983368
2.7756006717681885
-4.673891544342041
-1.9474434852600098
1.9763258695602417
0.39783722162246704
-2.636225461959839
-0.6153761148452759
-1.2600977420806885
-1.1339032649993896
-2.3158156871795654
-0.1838587522506714
1.023162841796875
-0.44751763343811035
-0.4692501723766327
-2.199176549911499
-1.8487262725830078
-0.3456173241138458
-2.215982437133789
0.19989413022994995
0.031012220308184624
-0.8341217041015625
-0.25910162925720215
-1.216189980506897
-2.450295925140381
-0.5862829089164734
-0.017935860902071
2.3217921257019043
0.5026586651802063
-0.061644796282052994
1.393822431564331
0.09452734887599945
-1.0672838687896729
-0.20994222164154053
-0.4114179313182831
4.374032497406006
-1.55617094039917
1.6215901374816895
2.054097890853882
2.3913776874542236
0.2511908710002899
2.026305675506592
-0.66118985414505
-0.15327668190002441
3.3566362857818604
0.09203394502401352
0.6051137447357178
1.2680083513259888
-3.7042839527130127
0.4206552505493164
0.09146534651517868
-0.6221718788146973
-1.5480434894561768
-1.490513801574707
0.8993108868598938
0.6542205810546875
0.8140032887458801
-1.0133405923843384
-2.6706528663635254
-0.15314778685569763
1.363774299621582
1.2390457391738892
1.0418789386749268
-0.04220596328377724
-0.8634035587310791
1.1622529029846191
2.6813485622406006
-2.9324474334716797
-0.85164475440979
1.272740364074707
-2.360415458679199
-0.491539865732193
3.2380857467651367
0.3238857686519623
-1.3441662788391113
1.7462737560272217
0.7865329384803772
2.963566541671753
-3.680206537246704
-1.2355817556381226
-3.491056442260742
1.4653913974761963
-0.2909577488899231
1.9585131406784058
-1.8057661056518555
-0.3572854697704315
-1.0722501277923584
-0.7851055264472961
1.0439493656158447
-4.094939231872559
-0.2364029735326767
-0.6079619526863098
0.398146390914917
0.14810864627361298
-1.638300895690918
2.0610146522521973
3.767604112625122
-0.9499619603157043
-3.3051860332489014
0.8235677480697632
-2.2146668434143066
-2.399217367172241
1.9369966983795166
-2.4342143535614014
-1.51912260055542
0.9659146666526794
-0.2909463942050934
5.052428722381592
-0.6695964336395264
-0.006443020887672901
-4.556517601013184
1.614329218864441
-2.2597320079803467
1.5425008535385132
0.17706912755966187
2.8666110038757324
0.059400755912065506
-0.2002267837524414
1.269782304763794
-0.0490468293428421
1.4665790796279907
0.683699905872345
-1.3933504819869995
-0.322580486536026
0.36469802260398865
-0.026478838175535202
1.4039511680603027
-0.8086888194084167
2.3378477096557617
-0.6410687565803528
1.1067185401916504
-0.269965797662735
0.46511560678482056
-0.15707500278949738
-0.2696205675601959
-5.1738739013671875
-0.28270503878593445
-0.7267801761627197
0.8899266123771667
2.3688933849334717
0.07854634523391724
-1.186099648475647
-0.5238332748413086
4.518370151519775
-0.3850504159927368
0.09450135380029678
-0.8286749124526978
4.083978652954102
2.748474597930908
4.717473983764648
-4.112691879272461
-0.26174619793891907
-0.4315224289894104
-1.8906209468841553
-4.765976428985596
-0.30060914158821106
0.463342547416687
0.2954612970352173
1.2078120708465576
1.4348821640014648
-2.898123025894165
-0.38683441281318665
-0.8439885377883911
-1.1290192604064941
-0.4846839904785156
0.2339361011981964
-0.8016719222068787
-1.7624238729476929
0.08143671602010727
0.34585708379745483
-3.4702303409576416
0.3565147817134857
-0.19399641454219818
0.0662190318107605
2.054720401763916
3.959686040878296
-3.0788748264312744
-1.239208459854126
1.4403184652328491
2.354522943496704
1.6017817258834839
5.251234531402588
-2.689164876937866
0.08848856389522552
0.7498676180839539
0.1452428102493286
1.8991385698318481
0.07457219809293747
-3.8379976749420166
-0.12045397609472275
0.017941998317837715
-1.189583659172058
-1.3856385946273804
-1.4469720125198364
-1.6177647113800049
2.648606777191162
-1.0254141092300415
-0.29829588532447815
-0.5009235143661499
-0.35881298780441284
-1.285857915878296
-0.4763372540473938
-0.2863115072250366
0.2768751382827759
-0.07011888176202774
-0.34175625443458557
2.4408414363861084
-0.2874823212623596
2.8268916606903076
-1.942325472831726
-3.293210029602051
0.29360663890838623
-1.82791006565094
-3.7553648948669434
3.9102072715759277
0.05068054795265198
-0.9687533378601074
-0.8586679100990295
2.770413875579834
-0.6209357976913452
-0.7113757729530334
-0.3055514693260193
0.17452126741409302
-0.8344448804855347
-0.826490044593811
0.40013226866722107
2.228792190551758
-2.8901658058166504
0.72658371925354
0.5223351716995239
-0.6097562313079834
-5.1216583251953125
-0.18500816822052002
0.45196571946144104
0.00355983036570251
0.22665731608867645
-0.2581782937049866
-0.3862179219722748
0.9630719423294067
0.9104577302932739
-1.0850483179092407
2.2915284633636475
-1.0456470251083374
0.14598442614078522
4.039828300476074
2.175419330596924
2.515859365463257
-5.271717071533203
-0.8970646262168884
-4.6469831466674805
-1.6786472797393799
0.21566036343574524
3.838939666748047
0.9915191531181335
-3.871483564376831
0.15245026350021362
2.1337661743164062
1.8086718320846558
0.8469358682632446
-2.7985775470733643
-1.5391966104507446
1.3260228633880615
2.494197130203247
0.2969887852668762
-0.7901559472084045
-1.9738054275512695
-0.7317624092102051
2.4281134605407715
-0.7401968836784363
1.1635527610778809
-0.1521202176809311
0.273050457239151
-2.824967622756958
2.1885783672332764
0.16133303940296173
3.641726493835449
3.2302329540252686
2.4388186931610107
-2.7285473346710205
-0.05094192177057266
3.624656915664673
0.4176173508167267
-0.6698800921440125
0.03243463113903999
1.3424265384674072
0.045909587293863297
3.713040828704834
-1.2989071607589722
0.019607722759246826
-0.13781435787677765
-1.7883753776550293
-0.6579511165618896
-1.0528446435928345
-0.2933747172355652
-0.8875181078910828
0.975252091884613
-0.6697757840156555
1.495646595954895
0.23900410532951355
-0.05878237262368202
3.2363152503967285
0.28777065873146057
0.9207978844642639
2.484074354171753
-4.290139675140381
-1.9371728897094727
1.7375966310501099
-1.3944441080093384
-0.0893002301454544
-0.6573948860168457
0.15126964449882507
-1.171995759010315
4.023078918457031
-2.9698448181152344
-0.5350653529167175
-0.22237640619277954
-1.5708204507827759
3.615741491317749
-0.11219760775566101
2.660327434539795
-0.1232094019651413
-0.8672370314598083
2.246581792831421
-1.5232579708099365
1.010184407234192
3.8516767024993896
-0.5384190082550049
-0.3397302031517029
4.6142754554748535
-0.05533485487103462
-2.890864849090576
1.9091784954071045
3.1674604415893555
3.7302980422973633
-3.1332221031188965
-0.4627455472946167
-3.7656259536743164
4.194518089294434
-1.010955572128296
-3.8062169551849365
-0.17449496686458588
0.12258342653512955
1.4144339561462402
0.34927892684936523
0.9571171998977661
-4.515402317047119
-0.9924046993255615
0.07366841286420822
1.2676056623458862
0.7264180183410645
1.3706010580062866
1.8119736909866333
3.857513427734375
-1.9371585845947266
-3.3490195274353027
-0.30647358298301697
-1.968524694442749
-1.2949512004852295
0.7253164052963257
-0.7052406668663025
-2.9643659591674805
0.4788268506526947
0.5951358079910278
3.825169563293457
1.1624895334243774
0.20325472950935364
-0.734886646270752
-0.35757601261138916
-1.4479740858078003
0.8484482169151306
-0.9888187050819397
-0.030370963737368584
1.926490306854248
-0.9255374670028687
-1.3132877349853516
-4.52803373336792
-1.6160534620285034
-0.6824024319648743
-1.0935921669006348
0.6029992699623108
-0.20044097304344177
-1.3019356727600098
0.7139630913734436
0.10966455936431885
0.549674928188324
1.20451819896698
1.43425452709198
-0.6431041955947876
1.8108347654342651
-0.10978099703788757
0.6465275883674622
-0.5051046013832092
0.8849909901618958
-0.0136490473523736
0.35763588547706604
1.8213382959365845
0.38179805874824524
-1.1766068935394287
2.241119861602783
2.63944673538208
-3.3272476196289062
-1.28302800655365
-1.4025776386260986
2.0693273544311523
-0.4453642964363098
3.405747413635254
-3.2009661197662354
-0.9096059203147888
1.4406014680862427
0.03305112197995186
-4.567836761474609
0.4432566165924072
-3.566131353378296
0.30732980370521545
0.8253657221794128
0.24016672372817993
-0.4899778962135315
2.0449302196502686
0.3961496949195862
-1.1729792356491089
1.4688513278961182
0.09227000921964645
1.081565499305725
0.34284743666648865
-3.293738842010498
0.21454071998596191
-3.542056083679199
-3.7564311027526855
0.6164444088935852
0.8721784353256226
0.6975679993629456
0.8266006708145142
-3.7478389739990234
-0.41242551803588867
-0.36726510524749756
2.9031898975372314
3.064784526824951
4.373420715332031
-0.9528402090072632
-2.049589157104492
2.624191999435425
-0.948553740978241
0.08708261698484421
-0.05971386656165123
-0.07525177299976349
1.139212727546692
3.2188124656677246
-4.878318786621094
-0.4046482741832733
-2.183072805404663
-2.398810863494873
-3.0759835243225098
1.2107495069503784
0.2532186508178711
0.5284234881401062
-0.5617312788963318
1.1191102266311646
-1.5892664194107056
-0.8083713054656982
-0.3315964341163635
-0.8859992027282715
0.1990039348602295
2.8004138469696045
-0.6951411962509155
2.8127660751342773
-0.7683303952217102
-2.296414375305176
0.40458598732948303
-2.5535879135131836
-4.623223304748535
3.687617778778076
-0.9480709433555603
0.5767333507537842
-0.32252413034439087
3.513488292694092
1.3066695928573608
-0.31947895884513855
-4.004456520080566
-1.7716740369796753
3.386397361755371
-0.15541386604309082
-0.45067083835601807
2.2208518981933594
0.3886817395687103
-0.027245111763477325
1.3626861572265625
1.2036969661712646
-1.1067655086517334
0.4800075888633728
0.32632723450660706
0.8305386304855347
2.4887726306915283
-0.6564657688140869
-2.5715298652648926
-0.9542489647865295
1.7505178451538086
0.4272981882095337
5.113266468048096
0.09763750433921814
2.725419521331787
3.2505717277526855
2.1936964988708496
1.355470061302185
-1.1766042709350586
-2.53710675239563
-4.371831893920898
1.6680549383163452
4.462812900543213
3.823091745376587
5.053945541381836
-5.236477375030518
1.3881391286849976
2.9542653560638428
1.7173550128936768
-2.670464515686035
-3.324381113052368
0.34979090094566345
0.6617948412895203
-1.377851963043213
0.9707010388374329
-1.8957993984222412
-2.212719202041626
-2.1749253273010254
0.38877952098846436
1.7686411142349243
1.631791591644287
1.5714054107666016
-4.487743854522705
-3.7453155517578125
1.130060076713562
-2.3694820404052734
0.2012341171503067
1.5274487733840942
0.2298482209444046
-0.17167820036411285
-1.4666593074798584
1.9791975021362305
0.7255697846412659
-0.44866934418678284
-0.5284262895584106
0.6715729832649231
0.44219762086868286
0.8954010009765625
-1.281711459159851
0.5050647854804993
-0.4066462516784668
0.8177261352539062
-2.6041603088378906
-0.7337789535522461
-0.3929750621318817
-0.6860171556472778
-0.3970302939414978
-0.42396149039268494
0.7372766733169556
-2.7103474140167236
0.1507919877767563
-0.7243964672088623
-0.31774285435676575
1.4509203433990479
2.500838041305542
-3.360705614089966
-1.4630368947982788
1.6100307703018188
-0.6403920650482178
2.644669532775879
0.4008192718029022
1.1631531715393066
-0.41861552000045776
3.912868022918701
-3.668982744216919
-1.0089514255523682
0.028424877673387527
0.7515383362770081
2.8474276065826416
-0.07549786567687988
1.0016202926635742
-0.14977729320526123
-2.2894930839538574
0.7930646538734436
0.6774459481239319
2.037727117538452
3.726484775543213
2.926001787185669
0.6494110226631165
4.305228233337402
0.27352461218833923
0.09251989424228668
3.0368056297302246
-0.059102613478899
3.012647867202759
-0.22141572833061218
-0.43686985969543457
-1.9080379009246826
3.425297260284424
-1.4863660335540771
-2.520371437072754
1.6718825101852417
0.9672507047653198
-0.9603410363197327
1.0236672163009644
0.578523576259613
-4.20613431930542
0.0052407048642635345
0.49908775091171265
-1.456006407737732
0.6896349787712097
-1.2754133939743042
4.120665073394775
1.8321181535720825
0.19810892641544342
-1.264204978942871
2.87174391746521
-2.404972553253174
0.09320815652608871
-0.26662367582321167
1.4839998483657837
-0.34762194752693176
1.0178719758987427
0.14050613343715668
2.66381573677063
1.4222290515899658
-0.23951227962970734
-2.5297088623046875
3.073845386505127
-0.8138196468353271
0.18645799160003662
-0.19665811955928802
-1.575481653213501
0.818922221660614
-1.1086127758026123
0.5926759839057922
-0.4543222188949585
-2.0204405784606934
-0.8129953742027283
1.25044584274292
4.4885969161987305
-0.8751660585403442
-0.6627529263496399
1.0254641771316528
1.2487404346466064
-0.09694470465183258
-2.341850757598877
0.6484696269035339
2.612863302230835
0.7484550476074219
-0.2504862844944
-2.110048770904541
1.6014699935913086
2.791811943054199
0.11974552273750305
2.1472525596618652
0.52225661277771
-1.2465887069702148
0.0025768496561795473
0.061285413801670074
3.1687114238739014
-3.8246042728424072
-4.917639255523682
-0.5741631984710693
0.4898313879966736
-0.055103011429309845
0.13085147738456726
-0.5984469652175903
-0.11091933399438858
1.9491750001907349
-0.4721091091632843
-3.6216073036193848
0.16695308685302734
-4.256921768188477
-0.16681531071662903
0.14800788462162018
-1.3575578927993774
2.8039798736572266
3.723203420639038
-0.5646767020225525
-0.8462285995483398
-0.8524116277694702
-0.3508707284927368
-0.18938545882701874
0.28113725781440735
-3.483454704284668
0.4520098865032196
-2.4402201175689697
-0.5566708445549011
0.30061963200569153
1.2489687204360962
0.391433447599411
0.8476080894470215
-3.511437177658081
-4.166712760925293
1.0615668296813965
1.0526078939437866
0.7574105858802795
0.3037357032299042
-1.2064826488494873
1.607600212097168
1.722554087638855
-1.0413793325424194
0.20521920919418335
0.3119361400604248
-1.7844022512435913
1.8460769653320312
-0.17148791253566742
-1.5155537128448486
0.0518067292869091
-2.0977611541748047
0.24414211511611938
-2.5495293140411377
2.41448974609375
2.03076171875
2.18137264251709
0.22624891996383667
1.5616227388381958
-1.2337114810943604
1.5382270812988281
-0.028301604092121124
-2.286489248275757
-0.1574215441942215
-1.167722225189209
2.2020974159240723
2.004944086074829
0.02067158930003643
-0.7075684070587158
2.148379325866699
-3.4517064094543457
-3.9283089637756348
2.736957550048828
0.13678985834121704
2.587599515914917
0.508256733417511
2.018308162689209
0.04193224385380745
1.576734185218811
-1.2324923276901245
-0.45307663083076477
-0.1717652976512909
0.03400736302137375
-0.5653555393218994
0.6407940983772278
-0.30470940470695496
1.2135223150253296
2.3656129837036133
-0.6047239899635315
-3.867537021636963
-0.5942898392677307
-0.43997859954833984
-0.07736610621213913
0.24232256412506104
2.3053746223449707
-1.6679774522781372
1.0212222337722778
0.5738977193832397
2.110556125640869
0.8474833965301514
-2.346683979034424
0.48893317580223083
2.158173084259033
0.044414397329092026
-0.2243848592042923
-0.7694317698478699
-2.1161692142486572
-1.3379287719726562
1.2927778959274292
4.413189888000488
-0.17830686271190643
4.91473388671875
-4.2823967933654785
2.7182140350341797
1.5569729804992676
1.429857611656189
-1.9546409845352173
1.375669240951538
0.841509222984314
0.2736421227455139
-4.642552852630615
-0.19620679318904877
1.0342390537261963
-0.20510593056678772
-0.0048121255822479725
0.07289876788854599
-0.10889101773500443
-0.15621402859687805
-0.8742051124572754
-1.9160996675491333
-2.769007444381714
-0.803157389163971
-0.7409540414810181
-0.34514451026916504
-1.6424599885940552
-1.7690318822860718
0.00795446615666151
-0.5681521892547607
-1.1367356777191162
