876.302734375
1059.1826171875
928.693359375
885.4765014648438
753.1140747070312
1061.367431640625
1307.5867919921875
1325.5430908203125
1268.5595703125
819.8375854492188
968.6079711914062
721.5828857421875
984.751708984375
1048.6968994140625
844.7387084960938
709.8641357421875
840.7428588867188
1017.8595581054688
1258.7686767578125
1271.555419921875
1177.7652587890625
833.1950073242188
794.3103637695312
978.9418334960938
754.3667602539062
940.1077880859375
1119.9957275390625
969.9918212890625
1772.8184814453125
714.9114990234375
1095.73681640625
825.9218139648438
