3.8433048725128174
-79.21700286865234
37.24931335449219
-15.236031532287598
-17.796070098876953
-70.67054748535156
13.66652774810791
37.80026626586914
43.220272064208984
-46.753265380859375
-41.63136672973633
-18.205629348754883
-11.366762161254883
-21.16798210144043
26.968341827392578
-3.7854232788085938
-22.055063247680664
44.47724914550781
5.242636680603027
3.7701008319854736
-64.84244537353516
-65.67050170898438
-22.231975555419922
-13.090808868408203
27.444889068603516
39.450279235839844
-17.234142303466797
-41.99948501586914
-42.629817962646484
27.150978088378906
-21.378419876098633
29.961902618408203
-43.10776138305664
-92.83329772949219
-19.310955047607422
-16.32660675048828
-34.906517028808594
-4.351774215698242
-16.536949157714844
-26.912372589111328
-75.82801055908203
-22.531326293945312
-16.842756271362305
-60.04526901245117
-79.91631317138672
-24.94089126586914
13.86437702178955
7.440280914306641
-82.35832214355469
23.81787109375
8.266066551208496
17.622901916503906
-5.411651134490967
4.066344261169434
-66.31908416748047
-16.395837783813477
-43.95663833618164
23.80379867553711
-24.559532165527344
1.902831792831421
-42.05963134765625
87.38680267333984
13.812320709228516
-11.043543815612793
