-0.028688771650195122
0.049207329750061035
-0.04323036968708038
0.009458400309085846
-0.04318614676594734
-0.018943624570965767
-0.05653917416930199
0.004827465396374464
-0.00963460374623537
-0.04931327700614929
-0.06892985105514526
-0.019673941656947136
-0.029183996841311455
-0.057000014930963516
0.011642977595329285
0.018979739397764206
0.029322855174541473
0.012165522202849388
0.002408410422503948
-0.03218051791191101
0.025935830548405647
-0.0037190462462604046
-0.09740126132965088
0.0033629676327109337
0.07707390934228897
-0.05621601268649101
-0.02958907186985016
0.02482888661324978
-0.03835369274020195
0.027247419580817223
0.054466791450977325
-0.007228316273540258
-0.04333425685763359
-0.058954574167728424
0.08264517784118652
0.018845997750759125
0.034151121973991394
0.03062465786933899
0.023768583312630653
0.049627430737018585
-0.009574027732014656
0.05335377901792526
-0.025029297918081284
0.07379887253046036
-0.009509122930467129
0.031250130385160446
0.05795950070023537
0.07390354573726654
0.011589226312935352
-0.008461037650704384
0.0335402749478817
0.01790405623614788
-0.015619734302163124
-0.03458023443818092
0.06492660939693451
-0.015715042129158974
0.036513783037662506
-0.01381304208189249
-0.05567900463938713
-0.03147251904010773
0.019260933622717857
0.03105507232248783
0.047286249697208405
-0.027605393901467323
