-1.6374526023864746
0.043355897068977356
-1.389571189880371
-1.8782784938812256
-1.8953763246536255
-0.8633611798286438
1.7833446264266968
-1.8681107759475708
-1.556778907775879
-2.090528726577759
-1.1692023277282715
-1.0835288763046265
-1.146493673324585
-0.2633070945739746
-1.614343523979187
-1.3759276866912842
-0.3062466084957123
-1.4462007284164429
-2.4762954711914062
-0.8919832706451416
-1.4277470111846924
-1.4530904293060303
-0.7485495805740356
-2.4903953075408936
-1.3769984245300293
-0.6068198680877686
-1.2227321863174438
-0.256418377161026
0.1771896630525589
-1.5069693326950073
-0.9274713397026062
-0.8025993704795837
