-6.71306848526001
-7.470602989196777
-8.223213195800781
-9.261879920959473
-10.536394119262695
-8.996843338012695
-11.423577308654785
-10.879295349121094
-9.273571968078613
-8.421297073364258
-7.8736419677734375
-7.009483337402344
-8.568970680236816
-4.52076530456543
-12.398181915283203
-9.526470184326172
-5.62504243850708
-10.04809856414795
-8.018098831176758
-9.158258438110352
-10.58824348449707
-5.924505233764648
-10.911394119262695
-9.332189559936523
-9.469240188598633
-5.34683895111084
-8.957653045654297
-11.52104377746582
-6.599022388458252
-12.151058197021484
-6.104550361633301
-9.045235633850098
-7.499235153198242
-8.284988403320312
-9.336636543273926
-7.7350687980651855
-6.053118705749512
-9.812453269958496
-5.258225917816162
-5.1996235847473145
-12.14914321899414
-4.953336715698242
-11.443500518798828
-4.662927627563477
-4.836445331573486
-6.2512969970703125
-7.664217948913574
-9.62585163116455
-1.8445234298706055
-9.839155197143555
-9.633621215820312
-12.225384712219238
-8.145438194274902
-8.077313423156738
-4.71186637878418
-5.801443576812744
-8.121824264526367
-9.166897773742676
-6.963557243347168
-8.7468900680542
-4.186983585357666
-8.032593727111816
-7.712202548980713
-11.838263511657715
