2134.283447265625
4016.138916015625
2899.57666015625
3046.184814453125
2287.313720703125
3264.294677734375
2385.524169921875
2453.34033203125
2862.068115234375
2001.199462890625
2467.547607421875
2303.886962890625
2659.291748046875
2293.24609375
2405.269775390625
2166.281982421875
1988.47265625
3880.955078125
2331.720947265625
2217.54931640625
2325.195556640625
3393.957763671875
3040.697998046875
3154.833740234375
3046.163818359375
2103.974609375
2347.43115234375
3366.1962890625
1936.7069091796875
3032.48974609375
5607.5654296875
4339.99853515625
