0.7740705013275146
0.12639528512954712
-0.08274141699075699
-1.148832082748413
0.30504170060157776
1.3401371240615845
1.3065627813339233
0.7815718054771423
1.2018351554870605
1.041227102279663
1.975932002067566
-4.071310997009277
3.2724428176879883
0.32280948758125305
2.2953855991363525
3.350830078125
0.06978846341371536
-0.7295770645141602
0.24626252055168152
-0.6433490514755249
-2.2449889183044434
-2.903116226196289
-1.9630811214447021
-2.9977264404296875
0.20907989144325256
0.5001142024993896
0.40893158316612244
-0.5984405279159546
-2.29734206199646
2.7188327312469482
-0.838180422782898
0.3672170341014862
1.1363009214401245
-0.763720691204071
-0.2938215136528015
-5.715557098388672
0.4288082718849182
-4.333255290985107
0.7306255102157593
0.7267105579376221
1.2154415845870972
0.1517423689365387
0.10498804599046707
2.3535757064819336
-1.1156569719314575
0.4938822090625763
-0.4165441393852234
2.9273762702941895
-2.2344586849212646
3.9478461742401123
-3.3485400676727295
-5.844231128692627
0.17901800572872162
-4.6766815185546875
0.2962876558303833
3.8158466815948486
-0.15283766388893127
-3.542539358139038
-4.384347915649414
1.4960719347000122
-0.4350201487541199
1.627663016319275
-0.3192703425884247
3.929008722305298
1.4532619714736938
-0.070144422352314
-0.7739148139953613
-3.8052661418914795
-2.179321765899658
0.31301769614219666
-0.05477004870772362
-0.547829806804657
4.205829620361328
0.4493902623653412
-0.6090138554573059
1.418531060218811
-0.5237184762954712
3.158647060394287
-2.6975350379943848
0.08332420140504837
0.635498583316803
0.01661137118935585
-1.457547664642334
0.13020674884319305
-0.6236289739608765
0.10985279083251953
0.25345131754875183
-3.726418972015381
0.5173527598381042
0.050031665712594986
0.06637762486934662
0.02652582898736
1.249461054801941
-3.0334689617156982
1.5615894794464111
1.7232465744018555
-1.0675299167633057
4.877811908721924
0.7237794995307922
0.14393572509288788
-0.06515876948833466
2.221397876739502
3.437558174133301
4.729455947875977
-4.662746906280518
0.8538484573364258
-0.41186898946762085
4.740180969238281
1.1316286325454712
-0.08672363311052322
-4.468646049499512
1.627946376800537
-0.5396268963813782
0.4751099646091461
-1.0972545146942139
-0.6071015000343323
0.7271906137466431
0.7407324314117432
2.832819700241089
-1.7043589353561401
1.8630023002624512
3.137863874435425
0.3791588842868805
-3.4770100116729736
3.719052314758301
-1.9908779859542847
0.048391327261924744
-0.8725022077560425
2.4621593952178955
0.007382371462881565
-3.9794723987579346
-0.05694650113582611
1.0992164611816406
-3.861180305480957
2.0180459022521973
0.5560544729232788
1.6462959051132202
-2.697181463241577
0.038895878940820694
3.727667808532715
-2.4490878582000732
4.403637409210205
4.788585186004639
2.0417728424072266
1.562130093574524
0.24295282363891602
3.036729097366333
-0.9145944714546204
3.836383819580078
1.4404864311218262
-2.2583048343658447
0.34702518582344055
-0.12403637170791626
-0.9845272898674011
1.6468900442123413
-0.10041625797748566
0.7879664897918701
1.3848177194595337
-0.17833179235458374
0.6388229727745056
-0.19381365180015564
-0.18466250598430634
1.4372577667236328
-0.5403505563735962
1.4325625896453857
-0.22854065895080566
-0.4838579595088959
-0.1541454941034317
0.44010964035987854
-0.6158255338668823
0.17211924493312836
1.1101311445236206
-0.010393165051937103
0.34722691774368286
-3.26823353767395
0.19487975537776947
-4.007338047027588
-2.2632455825805664
-0.1330764889717102
-1.3607583045959473
-0.11304551362991333
-0.15615981817245483
2.869173288345337
-3.2032597064971924
0.01483537070453167
4.027979850769043
0.061526935547590256
-1.217689037322998
-2.6683709621429443
0.9626069068908691
-1.3914234638214111
0.55889493227005
-0.8607998490333557
-5.839041709899902
0.8009157776832581
-0.7631406188011169
-1.7881864309310913
0.4769466817378998
4.320887565612793
-2.2607429027557373
0.08874444663524628
-0.007432080805301666
0.04907705634832382
2.725900411605835
-0.3627539873123169
0.44390663504600525
1.6323658227920532
-0.149222269654274
2.8997786045074463
0.23267844319343567
4.380702018737793
4.334414958953857
0.0777829959988594
1.3758964538574219
-0.4854207932949066
-0.1921144723892212
-1.5060220956802368
-0.22202329337596893
2.148505449295044
-3.706815719604492
1.0340932607650757
0.36087164282798767
-0.7210608124732971
5.067617416381836
3.0592703819274902
1.6684235334396362
-3.1196374893188477
-0.002453114837408066
-0.08208411186933517
-1.4528870582580566
1.9502233266830444
0.5722333192825317
3.1583354473114014
0.427268922328949
2.605429172515869
0.6645798087120056
-5.15419340133667
-1.3103573322296143
-3.52793025970459
-4.091467380523682
0.022793900221586227
-0.08109547942876816
0.7766709923744202
0.29371386766433716
0.464933305978775
-0.6437447667121887
2.7199857234954834
-0.3178931474685669
-0.09075527638196945
-0.17367921769618988
-0.7136615514755249
-1.7535635232925415
-0.634580135345459
1.0591347217559814
-0.21276254951953888
-2.141193151473999
0.28140732645988464
0.847300112247467
-2.0616610050201416
-2.6228253841400146
-0.48408088088035583
0.6251633167266846
1.1603925228118896
-0.5371124744415283
-0.4857437014579773
0.416993111371994
-5.54232120513916
-0.6085490584373474
-2.203312635421753
1.844290852546692
3.256466865539551
-2.215327024459839
-0.06827988475561142
-0.5283534526824951
3.219874143600464
-2.83756422996521
-2.144132614135742
-4.2454514503479
1.72059166431427
-4.922696113586426
1.1276360750198364
1.7075480222702026
0.25175854563713074
-1.3117401599884033
-0.8885400295257568
3.043637275695801
-4.869861125946045
-2.026109218597412
0.3329300582408905
-2.4790303707122803
-0.5754179954528809
-4.214356422424316
-4.882999897003174
-3.7043633460998535
1.6200401782989502
1.550694227218628
2.9743757247924805
0.03621209040284157
1.9796675443649292
2.8262479305267334
-0.3376082479953766
-0.8125245571136475
-0.10851931571960449
-1.9290002584457397
-6.24151611328125
1.6137670278549194
-2.883002519607544
-5.265616416931152
1.6437575817108154
-0.533099889755249
-2.1539194583892822
5.0935258865356445
-1.8935871124267578
-5.062789440155029
-4.90903377532959
-2.1433894634246826
-0.5693243145942688
0.3316147029399872
-2.457139253616333
-2.0756709575653076
0.48602041602134705
-0.521419882774353
-4.828551769256592
-4.470671653747559
0.114678755402565
2.9050662517547607
1.0444555282592773
-0.13299810886383057
5.413093090057373
0.5950128436088562
0.22431744635105133
3.204594612121582
0.5012466311454773
-0.992255449295044
1.1794359683990479
2.5791094303131104
2.4579174518585205
-0.039797764271497726
1.1222165822982788
-0.3192841410636902
0.7127397060394287
3.061317205429077
-2.7187016010284424
-0.5655964612960815
0.704226016998291
-0.5244000554084778
-1.6482614278793335
0.3251558542251587
-2.0098581314086914
-3.9187357425689697
4.91532564163208
-3.582930564880371
0.14243848621845245
6.058963298797607
-0.055479686707258224
-0.17175130546092987
4.761455059051514
-1.721765398979187
5.110388278961182
1.809982419013977
-5.8553924560546875
-0.21143536269664764
3.730483293533325
4.4057087898254395
2.4688045978546143
1.672422170639038
-3.8044393062591553
5.232926845550537
-2.2083890438079834
-0.05246269702911377
-2.4122304916381836
-0.4499051868915558
-0.6511417627334595
-1.2822558879852295
4.212288856506348
0.037128034979104996
3.684664487838745
2.380234956741333
-5.752086639404297
-1.2008193731307983
-2.5048534870147705
3.297151803970337
-2.6371989250183105
-1.061800479888916
-5.108531475067139
0.26263225078582764
-2.5050697326660156
-1.904672622680664
1.3623985052108765
0.03334125876426697
1.8677482604980469
5.777786731719971
-3.0735538005828857
-5.105916500091553
-0.8769190907478333
1.9335339069366455
1.171655297279358
1.6725200414657593
1.7875241041183472
0.9949206709861755
-0.6863694190979004
-0.043790750205516815
0.5619140863418579
-0.31677114963531494
-0.7850721478462219
2.213254451751709
-1.9605023860931396
2.169416904449463
-0.3131532669067383
-1.2985693216323853
-1.3710143566131592
-0.2203151285648346
-1.558671236038208
-0.28466692566871643
-2.3099894523620605
-6.399008750915527
0.42287278175354004
-1.0427415370941162
0.5330206751823425
-0.3217242360115051
-0.2473737895488739
-0.6854432821273804
0.6698550581932068
0.13207517564296722
0.5503866076469421
-0.3435851037502289
-0.17072507739067078
1.6438425779342651
0.060596007853746414
-0.10036154091358185
-2.5551979541778564
-0.19287128746509552
-4.316967487335205
-2.780081272125244
2.7121052742004395
-1.4244178533554077
0.41990628838539124
-1.1901030540466309
3.5173404216766357
-5.849972248077393
3.1750457286834717
5.26042366027832
0.035602960735559464
-0.01933828927576542
-0.16903887689113617
-0.9825646281242371
-4.4875335693359375
1.4127144813537598
-0.673839807510376
-6.0950751304626465
3.8047313690185547
2.53045654296875
-3.003770112991333
-0.4411424696445465
0.3520811200141907
-3.0802359580993652
1.2957463264465332
2.8674023151397705
0.9145926237106323
1.0780235528945923
-0.973706841468811
-0.6581113934516907
1.0958452224731445
-0.3340268135070801
1.4053536653518677
2.7726261615753174
1.9802407026290894
2.256711483001709
0.11682487279176712
-0.02944374829530716
0.24957016110420227
-0.298791766166687
1.911571741104126
0.03669819235801697
1.7754422426223755
2.3445377349853516
4.5329694747924805
1.4404346942901611
-2.7561447620391846
-0.4321841299533844
0.3889814019203186
0.29326704144477844
-3.51130747795105
0.706118643283844
0.5334688425064087
0.025916393846273422
4.118261814117432
-0.19365625083446503
2.906961679458618
-0.13139693439006805
-2.230022668838501
-0.4767361581325531
-5.003154277801514
1.4103528261184692
-5.4729814529418945
0.13439668715000153
-0.2812460958957672
0.1054314449429512
-3.9887335300445557
0.11666876077651978
1.501744031906128
0.4223497211933136
1.791884422302246
0.09707114100456238
0.11787255108356476
0.5196951031684875
-5.433899402618408
-0.5386459827423096
-6.029835224151611
0.10860741883516312
0.25359871983528137
-1.983883023262024
1.0115913152694702
-0.08896772563457489
3.3339574337005615
1.3062008619308472
-0.10692176967859268
-0.3594990670681
0.04004299268126488
-0.7528284192085266
-2.396472454071045
-0.2459166795015335
0.5257911086082458
-3.437851905822754
-1.563402533531189
-0.007616815622895956
-0.92460036277771
-2.952176332473755
0.8604272603988647
-0.14366815984249115
1.5204886198043823
-4.903291702270508
-2.8240320682525635
-2.61308217048645
1.4936796426773071
-1.7874085903167725
2.273280382156372
-0.22903457283973694
-2.2715001106262207
-1.2053853273391724
-1.0074965953826904
4.389632225036621
-1.1408231258392334
-0.9316650629043579
3.3354296684265137
-0.6932604312896729
-0.565790057182312
0.04383290186524391
-3.352163076400757
-1.494956135749817
3.247380495071411
2.959041118621826
2.8796844482421875
0.037758585065603256
-0.2607123851776123
3.0865941047668457
-0.43957892060279846
0.6109749674797058
-2.7622110843658447
-4.412105560302734
-4.899519443511963
0.08301316946744919
-5.7604265213012695
-1.2124096155166626
4.139366626739502
-1.7759054899215698
0.4848669171333313
-0.16331204771995544
-2.367814064025879
-5.083994388580322
-6.031367778778076
-3.35237193107605
-0.3552142083644867
3.016555070877075
0.6276591420173645
5.118195533752441
-0.09680754691362381
-0.27011945843696594
-3.4140403270721436
2.9317619800567627
1.0973178148269653
0.17613652348518372
-1.0706332921981812
-1.9715684652328491
1.3164119720458984
0.24902617931365967
-1.9907246828079224
1.2219747304916382
1.4566431045532227
-4.671499729156494
1.3163877725601196
1.9970616102218628
3.900055170059204
-0.6994830369949341
4.479129314422607
-1.4445855617523193
0.31376105546951294
2.2103447914123535
-0.8618682026863098
0.05364757403731346
1.5481137037277222
0.3031567931175232
0.7951223254203796
0.3760981261730194
-5.880755424499512
-4.534409046173096
3.3626511096954346
-2.643200159072876
0.3314533829689026
5.363439559936523
-0.8325121402740479
0.12431126087903976
4.439291477203369
-3.636178731918335
4.535200595855713
2.1700074672698975
-5.761940956115723
0.027929024770855904
0.22125650942325592
4.779295444488525
3.1517910957336426
2.2293801307678223
3.0449719429016113
1.9121739864349365
-4.135472774505615
0.2144699990749359
-3.231826066970825
-0.39804375171661377
-1.6819368600845337
-0.39868852496147156
2.4732842445373535
0.38911744952201843
1.0826009511947632
1.9807806015014648
-0.13033714890480042
-2.2964398860931396
-0.17322129011154175
3.2377007007598877
-3.7049169540405273
-1.9414668083190918
-0.9234849810600281
0.11845333874225616
-2.076382875442505
-1.728800654411316
3.1381895542144775
-2.2216970920562744
1.3141268491744995
1.287017583847046
-5.304163932800293
-3.0812876224517822
-0.04514499753713608
2.144608974456787
1.1224675178527832
2.0315520763397217
3.8478682041168213
5.3462018966674805
-0.9989508986473083
0.4003641903400421
0.4390338659286499
1.50017249584198
2.382734775543213
-0.04551689699292183
0.9778615832328796
0.48292139172554016
2.2358014583587646
-0.16901682317256927
0.45638665556907654
-1.750199556350708
-0.43179377913475037
-0.7987606525421143
-0.20651130378246307
-0.6770205497741699
-0.15898346900939941
0.15343238413333893
-0.10832872241735458
0.015314468182623386
-0.11924389004707336
-0.5017402172088623
1.2239457368850708
0.009733784943819046
0.4925304353237152
-0.07945087552070618
0.910932719707489
-0.5804030299186707
0.42035937309265137
-0.9388806819915771
-0.8787807822227478
-0.08441554009914398
-0.46579521894454956
-0.7940772771835327
-0.26805177330970764
-5.895509243011475
-1.5735443830490112
0.7173171043395996
0.35557815432548523
-3.180453062057495
4.13230037689209
2.518157482147217
-5.838949680328369
4.153860569000244
-1.762760043144226
1.7727464437484741
0.39294949173927307
-2.0962605476379395
1.4793492555618286
-4.316944122314453
1.7544687986373901
-2.4899394512176514
-2.89971923828125
0.4536299407482147
-2.6082589626312256
-0.5358577966690063
3.3005075454711914
2.5890700817108154
-2.402327537536621
4.760299205780029
0.1421404778957367
-0.22521056234836578
2.0502946376800537
0.1555127203464508
0.751860499382019
0.2745795249938965
1.826164722442627
0.07851850986480713
1.6763440370559692
-1.259698510169983
1.9718003273010254
2.313877820968628
1.3185275793075562
-0.0891260951757431
-4.371033668518066
1.9928913116455078
2.857052803039551
4.401957035064697
-3.326449155807495
-0.5743249654769897
2.600952386856079
0.07320520281791687
-0.18399251997470856
-0.1672818511724472
-3.51134991645813
4.577029705047607
1.8013765811920166
1.30742347240448
0.03272128477692604
1.285866618156433
-0.6417099237442017
-3.3786377906799316
-0.45356544852256775
0.5639495253562927
-3.5763306617736816
-0.31940609216690063
0.8142213821411133
-0.34357738494873047
-2.443577766418457
-0.0848725214600563
0.9601482152938843
-0.7926730513572693
-0.242794007062912
-0.1695641726255417
0.8892560005187988
0.026238467544317245
-0.05435873940587044
-1.864597201347351
-4.665689945220947
-0.4671390652656555
-1.7497012615203857
2.6773579120635986
2.345240354537964
3.9054949283599854
0.09177730232477188
0.03379501774907112
2.876486301422119
2.7504966259002686
-1.9074052572250366
-1.1812514066696167
-3.266195297241211
1.7529135942459106
5.482139587402344
-4.775763511657715
-0.10649047791957855
1.7489851713180542
2.7788498401641846
-0.3686620891094208
-0.029003728181123734
-0.6059926748275757
4.896353244781494
0.00047394740977324545
-4.147125720977783
-5.055243492126465
-0.6057124733924866
-3.8382561206817627
-2.8008527755737305
1.6671160459518433
0.2537180185317993
4.465316295623779
-2.1738336086273193
4.624054908752441
2.359393835067749
0.2076881229877472
-5.864282608032227
-6.079089164733887
5.641680717468262
-0.7787063121795654
-5.069784641265869
-2.569009780883789
1.3920652866363525
0.7313772439956665
-2.58795166015625
-5.031942844390869
0.5609803199768066
1.7645740509033203
-1.0959473848342896
3.8611412048339844
2.7548296451568604
-1.8766086101531982
-4.766882419586182
5.616842269897461
-2.88788104057312
-6.493414878845215
4.672945976257324
-1.9588261842727661
-0.3558043837547302
2.2890233993530273
-1.2509552240371704
-4.815503120422363
-5.633279323577881
-1.2950016260147095
0.6134945154190063
-1.6965982913970947
2.123647689819336
0.4723030626773834
-5.310692310333252
-2.5123016834259033
-0.474264919757843
1.1262656450271606
-2.7267351150512695
0.23254643380641937
-0.05785173922777176
-5.442894458770752
0.552729070186615
-0.5380216240882874
-1.6873739957809448
-0.5746793746948242
-0.6220242381095886
3.118567943572998
0.8932629227638245
1.3599138259887695
-0.6212774515151978
-0.0577918142080307
-3.047832489013672
-0.02210073545575142
-0.7802521586418152
4.339900970458984
5.272965431213379
-4.5260396003723145
-0.28667712211608887
1.1614410877227783
0.032214611768722534
-3.1744015216827393
1.6843355894088745
-1.2644774913787842
-3.3406822681427
0.20459574460983276
0.07007664442062378
5.631327152252197
3.931542158126831
-1.8228529691696167
-0.25284478068351746
-1.337796688079834
0.21525518596172333
3.8095953464508057
-5.2689690589904785
0.8622681498527527
0.09763751178979874
4.814545631408691
-1.1527403593063354
-0.436981201171875
-0.12491672486066818
4.035128116607666
-4.507369041442871
-0.12746450304985046
0.023309534415602684
-0.0736541822552681
1.524828314781189
-0.17801854014396667
1.1432914733886719
-3.465365409851074
0.3730420172214508
4.4027204513549805
3.9562621116638184
-4.455634117126465
-1.2028104066848755
-1.0525671243667603
3.1806068420410156
-0.14489059150218964
4.463533401489258
0.06059323251247406
-3.618224859237671
-0.6370633244514465
1.7550822496414185
-3.4017341136932373
-3.4710729122161865
4.245258331298828
2.5081522464752197
-3.913875102996826
-0.4323509931564331
-1.3661012649536133
-0.1296052485704422
-0.040403835475444794
3.7835729122161865
5.235631465911865
-4.87966775894165
-1.8350287675857544
5.440286159515381
2.927757501602173
3.0564262866973877
0.7159615159034729
0.9284510612487793
0.4530065059661865
-2.5405685901641846
-1.2203172445297241
4.3554840087890625
0.505656361579895
-0.4052691161632538
3.767662286758423
3.4308178424835205
-5.311784267425537
-0.5688031315803528
-0.20458266139030457
3.1529486179351807
0.2879759669303894
0.2065330594778061
-2.6101901531219482
-1.425624966621399
-0.11719311773777008
-0.5276304483413696
-0.5930920243263245
0.1225847527384758
0.7707259058952332
-0.020930593833327293
0.9753738045692444
-2.4523751735687256
0.05332699418067932
-0.10512542724609375
-2.0476131439208984
1.7598731517791748
-5.7767415046691895
-0.8362787961959839
-2.6480014324188232
1.0291730165481567
-2.895707607269287
2.840806245803833
5.494274139404297
-0.5452823042869568
0.2786596119403839
-2.6599135398864746
1.3657102584838867
3.032413959503174
0.20781148970127106
1.980149269104004
-5.8744893074035645
-0.6574363112449646
-5.533392906188965
-1.3520091772079468
2.431450366973877
4.365583419799805
-0.3211727440357208
4.409189701080322
2.8599627017974854
0.34437295794487
0.20969070494174957
0.8003113865852356
-3.556342840194702
0.315034419298172
0.29626622796058655
-1.059749960899353
0.8515472412109375
2.654651641845703
-0.1850251853466034
3.189610719680786
1.6952266693115234
-0.3980830907821655
-1.5886644124984741
-2.074007987976074
0.7809042930603027
1.6605732440948486
-3.0431957244873047
0.3732459247112274
2.2465877532958984
-1.0470576286315918
0.6095948815345764
2.5879499912261963
0.15603896975517273
-4.770352840423584
0.5261636972427368
-0.9863299131393433
-3.7415733337402344
-1.9209264516830444
-0.8299212455749512
1.3307634592056274
-0.1279802769422531
1.9436969757080078
1.707892656326294
-5.336037635803223
-1.539711594581604
1.9964749813079834
-1.8732987642288208
-1.4621061086654663
0.30599692463874817
0.3538234531879425
4.156307220458984
0.2434074580669403
0.3160277307033539
0.16274379193782806
-0.3711790144443512
-0.5653758645057678
2.4937193393707275
0.8806243538856506
-1.2361029386520386
-0.09929564595222473
-1.4562839269638062
-0.043109141290187836
-3.5405759811401367
2.1834471225738525
5.315032958984375
0.8018090128898621
-0.9959703087806702
2.703867197036743
1.3890098333358765
-0.27361825108528137
-1.9714956283569336
-4.423598766326904
2.837583541870117
-6.983299732208252
-4.1979451179504395
-5.489353656768799
4.502847671508789
4.741721153259277
-2.767122268676758
-1.345417857170105
-3.4767003059387207
5.322065353393555
0.024059094488620758
-4.801361560821533
-5.851253032684326
-2.4013144969940186
-5.231884479522705
-3.9852046966552734
3.5068359375
3.1981520652770996
-0.10968677699565887
0.33414366841316223
1.2885410785675049
1.6579067707061768
-0.1498650461435318
-5.915889263153076
-6.674732685089111
0.6072961688041687
-5.744437217712402
-5.942865371704102
-3.448793888092041
2.400601625442505
2.876136541366577
-1.452150821685791
-6.003707408905029
0.10065817087888718
3.304661989212036
-0.055448248982429504
5.31168794631958
2.4768242835998535
-2.901517391204834
-5.182932376861572
5.585701942443848
-4.281185626983643
-5.944783687591553
5.907979488372803
-3.9965314865112305
0.21944396197795868
1.9742677211761475
-2.1781911849975586
-4.432157039642334
-1.9402886629104614
-1.8938817977905273
-4.589877128601074
0.7612937092781067
3.595074415206909
5.553261756896973
-4.813600540161133
-2.1909828186035156
-4.7097272872924805
-5.230733394622803
2.6584558486938477
2.2783327102661133
3.9076361656188965
-3.932082176208496
1.1823194026947021
0.24803265929222107
0.043755944818258286
0.7620428800582886
0.6428456902503967
2.9037067890167236
3.2444231510162354
4.50581169128418
-1.4641379117965698
-2.0444743633270264
2.954951763153076
1.4652055501937866
-0.004787294194102287
6.260024070739746
5.748783588409424
-4.6777119636535645
-0.08720111846923828
1.0975741147994995
0.12923061847686768
-3.4610135555267334
-1.8100613355636597
-1.2521123886108398
0.6175768971443176
-4.255812644958496
0.041604187339544296
6.361903190612793
-2.249884843826294
-0.08458898216485977
5.475246429443359
-3.4303719997406006
0.2416631281375885
0.9977340698242188
-6.1279706954956055
1.8877537250518799
5.21117639541626
3.7017061710357666
-1.7586537599563599
2.3463492393493652
1.982481598854065
4.990448474884033
-2.572805881500244
-0.23717235028743744
0.8753150105476379
-1.9068591594696045
-0.7848058342933655
-2.625253677368164
-0.08896350115537643
-3.7779717445373535
-0.4855934679508209
3.596569299697876
-5.936123371124268
-3.4583547115325928
-4.733142375946045
-0.4658779203891754
3.1394665241241455
-2.7134547233581543
0.6349482536315918
0.14978072047233582
-0.9395573735237122
-2.180466651916504
5.401496887207031
-1.8401150703430176
-2.2748353481292725
6.89650821685791
-0.29614415764808655
-6.2952446937561035
2.4433090686798096
-2.879983425140381
-0.3337438702583313
1.2446588277816772
1.3860002756118774
5.809215068817139
-5.954349040985107
-2.6899499893188477
1.8877183198928833
0.2376415729522705
-0.47099271416664124
0.5719727873802185
2.6320767402648926
3.4196996688842773
-5.250392436981201
-5.516507625579834
-1.2785627841949463
1.7941981554031372
-3.303577184677124
3.7032575607299805
3.8899405002593994
1.4064202308654785
-0.16744740307331085
-2.4279110431671143
0.2834034860134125
0.3566790521144867
-3.3713390827178955
0.09742549061775208
-0.5950387716293335
0.4174121022224426
-0.17359969019889832
-0.40802207589149475
-2.005740165710449
1.58949613571167
-0.06808293610811234
-0.31035858392715454
0.3272770345211029
0.047666456550359726
-3.809459686279297
-3.124532461166382
2.138956308364868
-5.791388988494873
0.6544103026390076
-5.25111198425293
3.7582361698150635
-5.716958999633789
1.1592469215393066
6.180455684661865
0.5575042963027954
-0.9330474734306335
-2.504737615585327
0.8256932497024536
2.1261889934539795
-0.05722064524888992
1.2199716567993164
-6.169410228729248
0.3778044581413269
-4.001566410064697
-2.4321701526641846
3.520186185836792
3.928755521774292
-4.279201507568359
4.592015266418457
1.278814435005188
0.9519287943840027
0.7006234526634216
0.10103453695774078
-2.4916539192199707
1.3189363479614258
-2.0639381408691406
-0.5810095071792603
1.3633038997650146
2.0921742916107178
2.423830509185791
-0.34805384278297424
-0.13296562433242798
-1.634983777999878
-2.1765220165252686
-3.2652249336242676
-0.525332510471344
2.5673341751098633
-0.3766615688800812
1.3964802026748657
1.1815216541290283
0.9795945286750793
-3.840099334716797
2.6890268325805664
0.48300519585609436
-5.6435227394104
0.12874886393547058
0.01738785207271576
-4.76706075668335
-1.4288239479064941
-0.22961875796318054
2.012709379196167
0.9888395071029663
-1.1256000995635986
3.8155834674835205
-4.647061347961426
-1.662809133529663
-0.6637493371963501
-0.3970317542552948
0.12641139328479767
0.6147120594978333
-0.564007043838501
-0.8969031572341919
1.6184788942337036
2.0550098419189453
1.094130516052246
-1.412866234779358
0.03739391267299652
2.3887264728546143
-5.988480567932129
-0.9580850005149841
-6.333258152008057
-0.014185717329382896
0.27418282628059387
0.5100805759429932
0.43574976921081543
2.483592987060547
2.3486764430999756
-1.55731999874115
0.627795398235321
0.19616654515266418
0.5042378902435303
0.1731833666563034
-2.2122883796691895
1.235775351524353
2.952569007873535
-1.4524273872375488
-1.777652621269226
0.5204461812973022
2.2563037872314453
-0.3148280680179596
-0.25618135929107666
-1.278537631034851
1.8017562627792358
-2.9854462146759033
-4.627569675445557
-4.062688827514648
-1.0123318433761597
-4.252418041229248
-0.9616475701332092
0.4249550402164459
-0.03453276678919792
-0.2638911008834839
0.8599621057510376
0.7651423811912537
3.802372694015503
0.6375434994697571
-6.234512805938721
-5.978150844573975
-0.40803489089012146
-5.273789405822754
-5.086459636688232
-2.577176332473755
4.850955009460449
0.0025338190607726574
0.4200496971607208
-4.410656452178955
0.3020074665546417
-1.1229634284973145
1.2824071645736694
3.7164463996887207
0.9051645994186401
0.8008089065551758
-2.3628830909729004
0.25608283281326294
-3.7056424617767334
-1.6167151927947998
5.4811692237854
-0.9787948131561279
1.5961657762527466
0.4152051508426666
-4.891097068786621
-1.76634681224823
-6.05558443069458
-4.12136697769165
-1.7231131792068481
2.3361918926239014
0.6890033483505249
-5.369575023651123
-4.81785774230957
-0.9222230315208435
-1.9083776473999023
-1.3167195320129395
4.778646945953369
1.279057502746582
-0.0014212839305400848
-2.2487616539001465
-1.260784387588501
0.6429163813591003
-1.962807059288025
1.8906561136245728
2.416591167449951
-2.202455997467041
3.843848466873169
-2.7777459621429443
-1.2798629999160767
-1.5768566131591797
5.629719257354736
-3.793264150619507
-2.510713815689087
5.693737030029297
4.938033103942871
-3.546189785003662
-0.7974684238433838
-0.7883089184761047
-0.13657939434051514
-2.2040202617645264
-5.764449596405029
-1.14886474609375
1.6148419380187988
-0.3024132251739502
3.2518699169158936
5.728464603424072
-1.5053173303604126
-0.532895028591156
4.784693241119385
-2.0565571784973145
0.9403253197669983
0.08990088850259781
-6.364494800567627
-0.8116114735603333
-0.622921347618103
3.4175796508789062
-0.973503828048706
4.777740001678467
2.8508799076080322
3.4706151485443115
-4.031033039093018
-0.12175747752189636
-0.1622113734483719
-3.099090337753296
-4.332436561584473
-2.0628461837768555
-0.543929398059845
-1.3592758178710938
-0.26523441076278687
2.2788846492767334
3.588515281677246
-4.258484363555908
2.531137466430664
3.171741247177124
0.63536536693573
-0.7107295393943787
3.8347887992858887
-0.12471512705087662
-1.233093023300171
-0.779075026512146
5.482012748718262
-0.9450533390045166
2.2366626262664795
5.562386989593506
-2.1929028034210205
-4.7330498695373535
-1.0997718572616577
-0.544121503829956
-0.5166675448417664
4.164443016052246
1.7063307762145996
-0.3127429187297821
-6.073805809020996
-0.4121095836162567
1.5291999578475952
-0.691447377204895
0.15883128345012665
-0.06637893617153168
0.36395037174224854
0.027571359649300575
-1.482283115386963
-2.627472162246704
1.0892465114593506
-0.8525534868240356
0.12674809992313385
3.0254201889038086
1.4129323959350586
3.7602829933166504
-0.19930678606033325
-0.03036036714911461
-1.9148294925689697
-1.1872010231018066
-3.4258229732513428
0.050817303359508514
-0.32170358300209045
0.13836787641048431
0.555117666721344
0.01091676577925682
0.7997884750366211
-0.4137119650840759
1.750861406326294
-2.4969375133514404
-2.8858907222747803
0.7236854434013367
-0.6359218955039978
-2.6336021423339844
0.5848709940910339
-0.16941949725151062
-0.34244635701179504
-3.941115617752075
0.3468717038631439
-5.416528224945068
1.1962321996688843
5.762506008148193
-5.349455833435059
-0.8959260582923889
-1.4570684432983398
-0.14291903376579285
2.103965997695923
-0.10668757557868958
1.851204752922058
-5.610485553741455
3.393866777420044
-0.6147825121879578
-1.9829857349395752
0.6655430793762207
0.6570091843605042
-2.834380626678467
3.7725400924682617
0.23129890859127045
-2.040684700012207
0.2766907215118408
-0.2619946002960205
-1.5135802030563354
2.5257697105407715
-0.6592291593551636
-2.6577041149139404
1.4366194009780884
-0.8485987186431885
-0.2509201765060425
-1.590681552886963
-1.747044563293457
-1.148725152015686
1.2614725828170776
-4.193936347961426
-3.7256011962890625
-4.680123329162598
1.6024404764175415
0.029852714389562607
3.8096346855163574
0.28034770488739014
5.02977180480957
2.7814972400665283
0.4135994613170624
-2.829237461090088
4.5488739013671875
-1.8610215187072754
0.4481259882450104
-0.7119554877281189
0.7979607582092285
-1.329844355583191
3.069735288619995
-1.9227712154388428
0.4564170837402344
0.3850429952144623
-2.2843844890594482
-4.053633689880371
-3.0518569946289062
-0.3261227607727051
0.808530330657959
-0.05277131870388985
-4.228744029998779
0.11168181151151657
3.028806209564209
-0.29189562797546387
-0.10363790392875671
1.205586314201355
0.33248504996299744
1.508680820465088
-1.3773846626281738
-4.975486755371094
-0.806265115737915
-0.3864373564720154
0.4763110280036926
1.331834077835083
2.9161489009857178
-1.8317413330078125
-2.018371343612671
0.45314207673072815
0.6829452514648438
-0.5486125349998474
-0.8193996548652649
-1.327244758605957
0.8064529299736023
2.6916534900665283
-1.6396894454956055
-0.20430304110050201
4.5168681144714355
2.1556313037872314
-4.426374912261963
-0.04164056479930878
0.09689930826425552
4.715932846069336
-1.229617953300476
-0.6478329300880432
-1.2572462558746338
0.1867300271987915
0.07218160480260849
-0.7050844430923462
1.6119468212127686
0.16254378855228424
2.974813461303711
-2.7342209815979004
0.07057822495698929
0.7465128302574158
-1.1218713521957397
0.08112121373414993
-2.298959970474243
0.34516385197639465
-0.00012946411152370274
-2.1876673698425293
-0.8132696151733398
2.95572566986084
2.6255853176116943
2.1487393379211426
-0.30144599080085754
0.9339037537574768
-0.2316138744354248
-2.3038735389709473
-1.5528876781463623
0.9878160953521729
-0.04301360249519348
-5.174561023712158
2.5318641662597656
-0.31773993372917175
-6.180088520050049
2.2567152976989746
-3.2719264030456543
0.17353710532188416
0.4132276773452759
-2.165274143218994
-5.952576637268066
-5.285793304443359
-4.122153282165527
-1.4150491952896118
-0.4662918448448181
0.6113529801368713
-0.17414800822734833
0.1239241287112236
-0.646778404712677
-2.330050230026245
-1.2264807224273682
-1.368754267692566
-0.38278499245643616
0.17988324165344238
-2.1468756198883057
2.1805591583251953
-0.4401475787162781
-0.5137138962745667
1.1249642372131348
-2.4651248455047607
0.816757082939148
-0.0948650985956192
0.2008742243051529
2.9186673164367676
0.12117240577936172
-2.4015133380889893
-0.5129832029342651
-2.618901491165161
0.2805367708206177
4.897470951080322
-0.7205623984336853
-1.5257725715637207
0.3363572061061859
-0.9352333545684814
-3.825910806655884
0.07376327365636826
1.014620065689087
-2.481628656387329
0.2011997103691101
0.060420386493206024
1.4260499477386475
0.81626957654953
0.14064471423625946
0.27793169021606445
-0.1250680536031723
-4.952643871307373
2.49360728263855
-3.300863027572632
0.48105138540267944
0.1966467797756195
4.002020835876465
-4.831648826599121
0.9992116093635559
2.574573040008545
-0.014605899341404438
-1.710799217224121
0.47110238671302795
-2.601595401763916
-3.1326963901519775
0.016248883679509163
0.9504673480987549
3.0822339057922363
-0.9383811950683594
-0.2788024842739105
2.5531728267669678
-0.10517414659261703
-0.7436351180076599
1.234410047531128
-1.9705575704574585
0.29409059882164
-5.4212965965271
-1.5713852643966675
0.5880648493766785
1.7680519819259644
-2.6480355262756348
3.5345866680145264
-2.28987979888916
-1.809485912322998
1.1362886428833008
0.20649398863315582
-5.540968894958496
-0.1377527117729187
-3.8060462474823
0.035618118941783905
0.4859485924243927
0.5375739932060242
3.051713466644287
0.5326868295669556
-1.2623709440231323
0.37050822377204895
0.40937814116477966
1.2678501605987549
-0.8054231405258179
3.334547758102417
-0.0959538072347641
2.65431547164917
0.240201935172081
2.1425838470458984
3.3772261142730713
1.532868504524231
0.824171781539917
2.404226303100586
-0.15207239985466003
-0.39580997824668884
0.10578884184360504
-0.5780803561210632
-0.07324090600013733
-0.054005809128284454
-0.40093573927879333
-0.5091075897216797
0.0512281097471714
-0.09879202395677567
-0.08652768284082413
0.20348873734474182
0.4679461419582367
-0.8221677541732788
-1.723354458808899
-0.32040244340896606
-0.31399089097976685
-3.3492648601531982
-2.4587862491607666
-0.22437942028045654
-0.12302611023187637
2.464507818222046
-1.9139927625656128
-3.281034469604492
-3.8770830631256104
4.616659641265869
4.354541301727295
-1.4710099697113037
-0.1767353117465973
-1.2375692129135132
0.6784136891365051
4.826013088226318
0.11775250732898712
0.07705800980329514
-1.1089421510696411
-4.413855075836182
0.7619103193283081
2.92480731010437
1.5639489889144897
0.17516636848449707
-2.856985092163086
3.642554998397827
0.2139105647802353
-0.05025015398859978
-3.2437498569488525
-1.946448802947998
-0.22210462391376495
0.3790515065193176
-0.30090102553367615
-0.26508378982543945
1.2421306371688843
1.821592926979065
0.4635750949382782
-0.12683023512363434
3.800354480743408
1.8231847286224365
-0.7317551970481873
-0.44311779737472534
2.81439471244812
0.09407752752304077
-1.7485963106155396
3.6915059089660645
-0.010084417648613453
0.5978951454162598
-5.319307327270508
0.8611806035041809
-1.5297667980194092
-2.9809932708740234
3.9933528900146484
2.502033233642578
1.4085712432861328
-4.516678333282471
-0.013992305845022202
0.3606695532798767
2.171567916870117
-0.2374393194913864
0.43917959928512573
-5.111456871032715
-4.415543556213379
3.739365339279175
0.030834343284368515
-2.8350560665130615
2.1039066314697266
1.5712707042694092
-2.364577531814575
-0.17009323835372925
1.0588431358337402
0.5690531134605408
0.6812252402305603
-0.13143812119960785
0.6879392266273499
0.29342949390411377
0.647776186466217
-0.06080379709601402
-1.0036420822143555
1.036232352256775
-0.3282915949821472
1.465316653251648
4.048912525177002
0.4138776659965515
0.18919947743415833
0.2787703573703766
0.023794924840331078
-0.18031756579875946
-1.1014748811721802
-4.169526100158691
2.1494226455688477
-5.866783618927002
-4.250439167022705
-3.0675137042999268
3.1516964435577393
4.82320499420166
2.7634379863739014
-0.6769149303436279
-0.5589808821678162
3.555497884750366
-2.278738498687744
-1.275771141052246
-3.521615982055664
-2.977912187576294
-2.3394887447357178
-2.8128116130828857
2.2363944053649902
2.520960807800293
-2.2547130584716797
0.15287823975086212
-3.0107293128967285
-0.48202818632125854
-0.5677913427352905
-1.926048755645752
-5.446429252624512
0.44453129172325134
0.4816216826438904
-2.657423257827759
-0.08833912014961243
-1.7023643255233765
0.5689960718154907
-0.04114210978150368
-0.1430342197418213
0.22860334813594818
-2.515514373779297
-1.4265997409820557
-1.3275108337402344
-0.3692933917045593
4.504734992980957
-0.4958797097206116
2.5070626735687256
-3.2926442623138428
-5.502518653869629
4.901355743408203
-2.4216644763946533
0.8600596189498901
0.6995934247970581
-4.604912757873535
-4.906125068664551
-4.902942657470703
-1.5288296937942505
-0.1363397240638733
1.51632821559906
3.893538475036621
-4.275796890258789
2.671121597290039
-0.1328054517507553
-1.2321659326553345
-1.480337142944336
0.6161277294158936
1.1331369876861572
1.848921298980713
-2.863910436630249
1.2298277616500854
0.6211678385734558
-0.5749899744987488
2.160372018814087
1.0006461143493652
0.5384737849235535
2.9330317974090576
-0.1980346292257309
0.3092639148235321
-0.49215900897979736
0.35973259806632996
-0.2709936797618866
-3.069387912750244
4.571547031402588
5.972774505615234
-2.408747911453247
0.40060776472091675
1.304938554763794
0.6501728892326355
-2.639209508895874
-1.783341884613037
2.5878078937530518
-2.0118439197540283
0.8574177026748657
1.1069313287734985
5.9123454093933105
-4.48173189163208
0.12750403583049774
4.050549030303955
-1.3852771520614624
-4.783846378326416
-1.6897042989730835
-5.9038872718811035
1.98264741897583
4.909339904785156
1.9802614450454712
-4.308834075927734
2.763646125793457
3.279012441635132
-0.06452219933271408
-1.044049620628357
-1.1282907724380493
0.2881627380847931
0.11440999805927277
-0.2775711417198181
-0.15441147983074188
-0.057723142206668854
-0.8132120370864868
1.3441071510314941
3.6023972034454346
-5.750333786010742
-3.015320062637329
-2.8173651695251465
-4.6058173179626465
0.44605597853660583
-3.307814598083496
-2.762775421142578
0.4095182716846466
-0.3965745270252228
-1.289957880973816
5.362033843994141
-3.700287103652954
0.13119232654571533
4.128584861755371
-0.046571675688028336
-6.122168064117432
1.8651278018951416
-1.1557106971740723
0.24835766851902008
3.6167218685150146
1.2691932916641235
0.7698788046836853
0.5247234106063843
-2.725170850753784
-0.4247177839279175
1.5215625762939453
0.6704770922660828
-3.6463866233825684
0.41685107350349426
3.183309555053711
-0.13980425894260406
-0.18646687269210815
-1.2590436935424805
2.492067813873291
-1.7236253023147583
0.6196437478065491
2.930037021636963
3.7131807804107666
-0.07612496614456177
-0.06785193085670471
-0.20287466049194336
-0.048953283578157425
-1.5403629541397095
-1.9395242929458618
-1.3981399536132812
0.0956546738743782
-0.4828203618526459
-0.3174820840358734
-1.3157318830490112
-0.3352384567260742
-0.050419460982084274
-2.6915149688720703
-1.7347912788391113
0.10242047905921936
-4.7192277908325195
-2.0922183990478516
1.3106962442398071
-5.445843696594238
0.28164708614349365
-3.223116874694824
0.5159720182418823
-3.8154397010803223
1.6875840425491333
5.02304220199585
-1.802156925201416
-1.800568699836731
0.5845637321472168
-2.1044347286224365
4.817286491394043
0.1920773684978485
-2.0310330390930176
-1.0236986875534058
-0.8140385150909424
-4.870518207550049
0.10182921588420868
3.5356712341308594
3.589691400527954
-2.76833438873291
1.2623059749603271
0.2847120761871338
-0.009364672005176544
-2.753413677215576
-0.13217848539352417
1.291394591331482
3.03129243850708
0.07892518490552902
0.5339202880859375
0.5693821907043457
0.05085182562470436
-3.8061466217041016
-0.4077010154724121
1.2623004913330078
-0.22244812548160553
-0.840456485748291
0.005111380945891142
0.4134715497493744
0.7983744740486145
-0.733483076095581
1.9234768152236938
-3.1676323413848877
0.379100501537323
0.5472419857978821
0.30189165472984314
-0.5418715476989746
-2.787254810333252
2.7350313663482666
2.423435926437378
-2.1768901348114014
-4.787862300872803
0.5282275676727295
-1.602638602256775
2.0308213233947754
-5.266736030578613
0.11339198797941208
-5.801896572113037
-5.057030200958252
1.2490832805633545
0.30929043889045715
-1.5493152141571045
0.9546789526939392
1.4961750507354736
0.5575305819511414
-0.10596296191215515
1.597288727760315
0.12895070016384125
-0.5185996294021606
-0.9491977095603943
0.9608523845672607
-6.150062084197998
-3.6171069145202637
-6.175807476043701
-0.9613084197044373
-0.5779296159744263
0.47672200202941895
1.0661875009536743
2.8265810012817383
2.8197059631347656
-0.5279077291488647
-1.3594290018081665
-1.0805799961090088
-1.0128628015518188
-0.5551037788391113
-1.3824939727783203
0.34648236632347107
2.7449827194213867
0.4317875802516937
-2.8464410305023193
2.0564122200012207
1.8628826141357422
2.4536831378936768
0.17576052248477936
-1.6674575805664062
1.6102200746536255
0.15431155264377594
-0.277035653591156
-1.3250422477722168
-4.540502071380615
-2.9668548107147217
-1.1667516231536865
0.6243031024932861
-0.06384013593196869
-3.904331684112549
2.2325265407562256
-2.4359335899353027
3.0038907527923584
-0.6927378177642822
-0.28036630153656006
-4.304442882537842
-1.5092118978500366
-3.918032646179199
-0.8162628412246704
2.6018669605255127
-3.9099597930908203
-0.9851040244102478
0.7841655015945435
0.30649277567863464
1.240504264831543
-4.389970779418945
-0.4318860173225403
-1.9379874467849731
-0.5070590972900391
1.680674433708191
-3.768582820892334
1.065752387046814
-3.4845235347747803
-4.319510459899902
4.353704452514648
0.432777464389801
1.392033338546753
0.3373008966445923
-3.9195399284362793
-5.8025922775268555
-5.413167476654053
-4.681323528289795
1.0645599365234375
1.8830004930496216
-1.4706079959869385
0.6457709074020386
1.0082221031188965
-0.4104706645011902
1.4095169305801392
-2.132168769836426
-0.6598455905914307
3.2233924865722656
1.4812803268432617
-2.115126848220825
-4.197381973266602
0.7949600219726562
-2.4604480266571045
1.6619797945022583
1.1470117568969727
-0.27341175079345703
1.4414724111557007
-5.691867828369141
-0.37536361813545227
-0.3062259554862976
3.5056471824645996
0.49017706513404846
-4.21361780166626
5.109867572784424
4.517176628112793
-0.06793144345283508
-0.3057957887649536
1.0919939279556274
0.39645278453826904
-3.4954893589019775
-5.899905204772949
3.990137815475464
-0.5115168690681458
-0.09790172427892685
1.2856992483139038
3.0738184452056885
-1.8839224576950073
-1.4376071691513062
3.6270687580108643
-0.5742059350013733
-2.582864999771118
-0.8738004565238953
-5.755520343780518
-0.5128918886184692
-0.9419174194335938
-1.339921236038208
-0.9116399884223938
3.933152198791504
1.9224824905395508
5.709828853607178
-1.5560044050216675
-0.3643088638782501
1.5876522064208984
0.5191997289657593
-0.2646482586860657
-4.147193431854248
0.902323305606842
0.23667962849140167
0.683658242225647
4.450969219207764
0.06278059631586075
-1.5554873943328857
1.17680025100708
-2.2072155475616455
0.9352077841758728
-1.5721007585525513
0.4252183735370636
-0.012317207641899586
0.27438467741012573
0.04847471043467522
4.225651264190674
-0.9244027137756348
2.0636398792266846
4.910721778869629
-3.1164183616638184
-6.1999688148498535
-1.2871801853179932
-2.3803348541259766
-1.384878158569336
4.364315032958984
2.0556137561798096
1.1229703426361084
0.5664942860603333
-2.0934948921203613
-2.0379638671875
0.5417490601539612
0.526558518409729
-4.32063627243042
-0.41122910380363464
2.3034942150115967
0.46023088693618774
0.3164398670196533
-0.1914137452840805
3.7227137088775635
-1.580877423286438
-0.8483531475067139
-0.5118728280067444
0.7947695255279541
-0.49588122963905334
-0.2103109508752823
-2.087156057357788
0.21128426492214203
-0.3870496153831482
0.3668665885925293
-2.0303685665130615
0.16133081912994385
0.45890018343925476
0.4499102234840393
0.059157442301511765
-2.8336758613586426
1.6349495649337769
-1.1075656414031982
-1.1635221242904663
-0.06140853092074394
-3.065762758255005
-1.6533902883529663
-0.7177082300186157
-5.228969097137451
-0.7858831286430359
-4.06089448928833
0.7128009796142578
-4.599425315856934
0.6702482104301453
0.5921272039413452
-4.0490570068359375
-0.008706311695277691
0.571621298789978
-1.7659928798675537
0.47688859701156616
-4.357771396636963
-1.6154162883758545
-0.2844740152359009
-0.1994428187608719
-0.7896041870117188
0.02446793019771576
0.9820572137832642
3.3161919116973877
-1.5132246017456055
0.21809890866279602
-2.066237688064575
-0.7851486802101135
-2.099679470062256
0.24102967977523804
2.286316156387329
1.8225189447402954
-3.727918863296509
0.059627749025821686
-0.5595192313194275
-1.6003401279449463
2.423947811126709
0.18994642794132233
-4.047457218170166
-3.0714521408081055
-0.1183047741651535
-0.012788335792720318
1.0756251811981201
-4.401147842407227
-0.12888920307159424
1.1599324941635132
0.21525028347969055
-0.19816532731056213
1.8746485710144043
-0.34502947330474854
0.7299124598503113
1.0971556901931763
1.3637679815292358
0.7619282603263855
-0.4063195586204529
-3.2888734340667725
-0.1103302463889122
-2.4419102668762207
0.27774232625961304
2.4811935424804688
-1.1708478927612305
-0.32126155495643616
-5.046217918395996
-0.9894574880599976
-5.661693096160889
-0.8836663365364075
-0.004732015077024698
0.28581568598747253
3.4935853481292725
0.3576136529445648
2.69533109664917
-0.707240104675293
-0.32857996225357056
-0.11575128883123398
0.8511899709701538
2.190441608428955
-4.546976089477539
-4.007246017456055
-0.5885415077209473
2.2588307857513428
0.26919370889663696
