-0.43461641669273376
0.02377438172698021
2.793123245239258
-0.9049693942070007
-0.5891478657722473
-3.611001968383789
1.0424712896347046
-0.4594554007053375
-2.9419734477996826
1.0165387392044067
-0.05484841391444206
1.3693736791610718
-3.820054292678833
-0.3950646221637726
-1.5678815841674805
1.2870728969573975
4.319048881530762
0.4065268337726593
4.288134574890137
1.285888910293579
-0.16108639538288116
-5.506490230560303
0.6227290630340576
-1.1622216701507568
-3.1820390224456787
-0.7033799886703491
0.10676418244838715
5.452820777893066
-3.500122547149658
0.6941527724266052
-3.146467447280884
5.416115760803223
0.5745161771774292
1.3372703790664673
0.11865580081939697
-5.6929426193237305
2.246067523956299
-4.649369239807129
5.336830139160156
0.49662476778030396
-2.678178548812866
-3.1375958919525146
-1.0472140312194824
5.228327751159668
1.1693497896194458
-4.492839813232422
0.6582078337669373
2.7241921424865723
-1.7327152490615845
-0.328931599855423
1.0192439556121826
1.3764982223510742
0.8418206572532654
5.286186218261719
-4.976250171661377
-4.921186923980713
-0.14808471500873566
2.898622512817383
-4.057081699371338
2.6027767658233643
2.7004873752593994
-2.4870495796203613
0.9845307469367981
-3.008530378341675
-2.2911715507507324
1.4784048795700073
0.805718183517456
-0.5170021653175354
0.7731872797012329
1.945546269416809
0.3074137568473816
0.09960644692182541
-1.5918306112289429
-0.4205966889858246
-0.7864532470703125
-3.3388612270355225
2.6759495735168457
2.7811336517333984
0.263590008020401
0.32471126317977905
-0.26847732067108154
0.7279089093208313
1.3204280138015747
0.6937188506126404
2.0529093742370605
-0.7527709603309631
4.9340057373046875
0.6628946661949158
-1.9502798318862915
-0.706707775592804
-1.2185747623443604
0.47028669714927673
0.15058588981628418
-6.654290676116943
0.9668903350830078
-0.4298847019672394
-0.58362877368927
0.07993120700120926
1.1164956092834473
-1.6815168857574463
5.407148361206055
0.6201808452606201
2.477900266647339
0.4099322259426117
0.1870577484369278
1.2726898193359375
0.010538509115576744
-0.4872841238975525
1.450600504875183
-0.07899096608161926
4.35305118560791
0.20386603474617004
-3.5793654918670654
0.028046168386936188
-3.344102144241333
-2.7860801219940186
1.816746711730957
2.857776403427124
5.301607131958008
-0.15030300617218018
1.4571648836135864
0.2633014917373657
0.494480162858963
0.28590458631515503
-0.6156811118125916
-3.4472615718841553
5.329682350158691
1.4243974685668945
0.29930752515792847
0.8807356357574463
-1.9248868227005005
-0.1453637033700943
-1.329317569732666
-0.032783571630716324
1.5672502517700195
-0.08310391008853912
0.331500381231308
0.13639868795871735
-4.186515808105469
-0.41771399974823
-1.9155313968658447
3.4209907054901123
2.422276496887207
-3.0823984146118164
3.4047861099243164
-3.5137550830841064
2.646197557449341
-3.5495450496673584
-0.12802651524543762
-0.22395533323287964
0.5189496278762817
-6.460903644561768
4.094822883605957
2.6664376258850098
1.413477897644043
-1.3931385278701782
5.869716644287109
-1.0840455293655396
0.16786649823188782
-0.2176288664340973
-0.4017370045185089
0.23453955352306366
-1.390425205230713
-0.5265364646911621
3.193673610687256
-4.785044193267822
2.922262191772461
-0.1297096461057663
2.8130781650543213
1.860151767730713
4.24363374710083
0.8339901566505432
0.5029048323631287
-0.03670787066221237
0.7375399470329285
-1.0906411409378052
1.70378577709198
-0.19356709718704224
0.5966535210609436
-0.10091368108987808
0.06262899935245514
0.4648333787918091
0.0698968693614006
0.24037370085716248
4.001330852508545
-0.2347305566072464
-0.11610344052314758
0.023028945550322533
0.3211904764175415
-0.4672943651676178
0.3168450891971588
-0.10327811539173126
0.1846497505903244
0.13835398852825165
-0.4983947277069092
0.42260122299194336
0.9223758578300476
3.059791326522827
1.9339017868041992
-0.19084487855434418
-0.7683877944946289
2.836629629135132
-1.6115195751190186
-4.46646785736084
3.064971923828125
0.5292381048202515
3.836439847946167
-2.5099196434020996
3.067892551422119
1.5535377264022827
-2.5653367042541504
-0.007325055543333292
-4.1332244873046875
-1.0367698669433594
-2.6389284133911133
-0.02899966947734356
4.183668613433838
0.9182750582695007
0.20962686836719513
-0.36671820282936096
-0.687970757484436
5.238631248474121
2.146678924560547
-1.4255905151367188
-1.602281928062439
4.230159282684326
-1.1181402206420898
0.06675256043672562
-0.013926787301898003
-0.1306663602590561
2.809145212173462
0.7790175080299377
-0.7956485748291016
0.8389396071434021
0.9958909749984741
-0.22069546580314636
-1.897021770477295
0.32540228962898254
2.251291036605835
1.7132431268692017
6.132669448852539
0.14207211136817932
1.2342854738235474
-4.883578300476074
-2.309812307357788
0.3993481397628784
1.087668538093567
-0.2633684277534485
3.213596820831299
-0.11977777630090714
-0.4298112690448761
2.987818717956543
-2.690605878829956
-0.031610798090696335
0.6748098731040955
0.0056077647022902966
-1.239492416381836
-0.049800626933574677
-0.6262313723564148
2.9535343647003174
0.18980996310710907
-2.6704347133636475
-3.0887718200683594
-1.858725666999817
-5.08065938949585
1.6992594003677368
-1.3274720907211304
-1.5579032897949219
-6.240666389465332
-0.2148882895708084
-0.2700546681880951
2.476271867752075
5.2368364334106445
2.9057905673980713
3.4681107997894287
1.8958922624588013
1.9612045288085938
-0.6001234650611877
-0.4403664469718933
0.20509038865566254
-2.507300615310669
1.8641438484191895
-0.18373876810073853
4.919781684875488
-1.7068403959274292
-0.9083003401756287
3.1676032543182373
2.7193613052368164
-4.407312393188477
1.4698811769485474
-0.22424116730690002
-5.667191028594971
-1.3461787700653076
-0.4375011920928955
4.004950046539307
1.202677845954895
-2.899515151977539
-2.6697933673858643
0.15268750488758087
1.2506985664367676
-0.11638311296701431
-3.5334584712982178
-3.1196086406707764
3.616945266723633
-0.43273478746414185
0.42712220549583435
2.789660930633545
0.5115670561790466
2.9775679111480713
-2.2398948669433594
-1.8263486623764038
-5.895071983337402
-0.17968446016311646
4.055838108062744
1.3466640710830688
5.284211158752441
4.421902656555176
-0.3839072287082672
-1.3685194253921509
-0.25385722517967224
-5.936788082122803
2.795760154724121
-0.13624513149261475
-0.917532205581665
2.882768392562866
0.3624418377876282
-0.009723803028464317
-0.015257316641509533
-3.4535434246063232
-1.3717496395111084
-0.6272019147872925
-3.8405745029449463
2.5605361461639404
2.501518964767456
-0.07081690430641174
1.859717607498169
0.37950754165649414
1.2858940362930298
0.0631214827299118
-0.16377320885658264
-2.8379054069519043
-2.578707218170166
3.612340211868286
0.4504552185535431
-0.13368982076644897
0.044887516647577286
0.6162508726119995
1.6229333877563477
-2.467961311340332
-5.818387985229492
-1.673084020614624
-0.8577814102172852
-3.6617319583892822
0.6539055705070496
1.1644481420516968
0.1423436850309372
4.982799053192139
-1.5084547996520996
4.824090957641602
0.25756239891052246
-2.3652491569519043
0.4985872209072113
4.136714458465576
-1.3824489116668701
1.543229579925537
-0.6537761092185974
-0.8276013731956482
-0.43023738265037537
-2.1205570697784424
-0.689509928226471
0.14300201833248138
0.10955646634101868
0.4999394714832306
5.013354301452637
5.407946586608887
-0.728411078453064
2.6848385334014893
3.4632880687713623
-0.1839074343442917
0.9182736873626709
-1.8613920211791992
-0.07930300384759903
6.333575248718262
-0.3020607531070709
-0.16121865808963776
0.8203088641166687
-4.986541748046875
-2.4849374294281006
1.384078025817871
-0.082951620221138
3.6628828048706055
0.2265431433916092
0.626674234867096
-0.6282994747161865
-3.427286386489868
0.5097732543945312
-0.19945278763771057
0.9797355532646179
0.40108609199523926
0.265150785446167
0.05761250853538513
-5.313057899475098
2.4259073734283447
-5.054830551147461
-0.17191126942634583
-1.399137020111084
0.51776123046875
-6.292020797729492
5.225498199462891
5.321590423583984
-0.45073583722114563
1.495283842086792
5.212856769561768
-2.723719835281372
1.4652647972106934
0.5603422522544861
-1.3979936838150024
-0.09964067488908768
-0.9684688448905945
0.19039487838745117
0.6848852634429932
-3.670867443084717
4.918001651763916
-0.5763871073722839
-0.35825222730636597
5.141122341156006
-0.13170453906059265
1.2793681621551514
-0.6113942861557007
1.863339900970459
-4.405336856842041
0.8057963848114014
1.935618281364441
0.46831014752388
1.2983479499816895
0.16322575509548187
0.13737410306930542
-0.10877624899148941
0.8443608283996582
0.08695252239704132
5.799761772155762
-0.1003606915473938
-0.3504626750946045
1.159367561340332
1.1956515312194824
0.2744408845901489
2.103698968887329
-3.5713350772857666
0.38365089893341064
2.756174325942993
0.47152528166770935
-2.4637908935546875
0.24200047552585602
0.1501762866973877
1.668812870979309
-0.5734622478485107
-0.4388936460018158
-0.011187760159373283
0.06949742883443832
-0.6135422587394714
3.8408899307250977
0.6537386775016785
2.494577646255493
0.48943763971328735
-0.47455263137817383
3.476069688796997
-3.1949987411499023
0.213088721036911
-5.404189109802246
-2.9620378017425537
-0.1449466049671173
0.15808871388435364
4.613988876342773
-0.561680257320404
-0.15652696788311005
1.511587381362915
0.09747333079576492
4.50626277923584
-3.62957501411438
-0.9343909621238708
-0.13251015543937683
6.261588096618652
-0.4231336712837219
-0.25743016600608826
2.190004825592041
-0.6103429794311523
1.5398674011230469
0.8335545659065247
-0.1993783563375473
1.1639010906219482
-4.606508731842041
-1.1665089130401611
-0.09664848446846008
0.7589091062545776
5.899326324462891
-5.495142936706543
6.341317176818848
1.5317145586013794
1.0372416973114014
-3.9664807319641113
0.8353018760681152
-1.1228591203689575
0.14841175079345703
-0.17003899812698364
2.23994779586792
-0.21911510825157166
-0.9186229705810547
1.1317139863967896
2.773426055908203
-1.466483235359192
-0.08288251608610153
-3.965546131134033
4.83192253112793
0.2850082814693451
-5.480364799499512
-4.056979656219482
-0.04088211432099342
0.0052258893847465515
-3.009323835372925
-0.07003166526556015
-1.3070796728134155
-1.2282930612564087
-2.4938063621520996
0.616418182849884
-3.5235893726348877
0.07353734225034714
3.6322638988494873
0.032365065068006516
2.506448745727539
3.6677374839782715
3.0265917778015137
-0.10966721177101135
0.22480370104312897
4.93408727645874
-2.454514503479004
-0.10616083443164825
-1.2021721601486206
-2.142806053161621
0.6511906385421753
-1.7818750143051147
-2.4333677291870117
-2.1615068912506104
0.19662241637706757
-0.012824103236198425
-3.8083879947662354
0.07121499627828598
-2.5860183238983154
-1.3685860633850098
1.0991665124893188
0.024814127013087273
1.134199619293213
0.7731184363365173
-0.5133979916572571
0.41331979632377625
-0.2560722231864929
-0.3583734333515167
0.28029805421829224
0.39302653074264526
-0.032947733998298645
3.8313918113708496
-0.9621385931968689
-0.7092849016189575
1.7645552158355713
2.3327667713165283
0.008706457912921906
-2.4391207695007324
0.10081595927476883
-5.956850528717041
-2.7529687881469727
3.686062812805176
-0.9386740922927856
5.647666931152344
5.0053277015686035
3.673360824584961
-6.014172554016113
0.7102339267730713
-1.923048496246338
2.0565080642700195
-1.2617725133895874
-1.602943778038025
3.685014247894287
-0.31534942984580994
3.0731234550476074
-0.3382429778575897
-1.5126873254776
-2.3067643642425537
-4.600354194641113
-1.9524651765823364
2.790700674057007
0.7379254102706909
-0.39472103118896484
-0.7001938819885254
0.30321305990219116
2.4064347743988037
1.2739431858062744
0.12854908406734467
-2.8255138397216797
-2.874343156814575
3.588853120803833
-0.6597849130630493
-0.12593798339366913
1.1693716049194336
0.509465217590332
2.4524776935577393
0.19387756288051605
-6.089810848236084
-2.6692757606506348
-0.21637706458568573
-0.17891943454742432
-0.07933209836483002
-2.7277228832244873
-0.0025224003475159407
2.363119602203369
-3.168550491333008
4.027541637420654
1.3816375732421875
-3.0370211601257324
0.15020021796226501
-0.047523725777864456
-1.3341567516326904
0.31678542494773865
-0.5297187566757202
-1.488421082496643
2.9294633865356445
-0.476405531167984
-0.006579904351383448
3.274543285369873
0.1156090497970581
-2.133939027786255
3.4313035011291504
3.12031888961792
-0.20210051536560059
2.0538856983184814
-0.2603185176849365
0.5689763426780701
-0.8072720766067505
-3.675065279006958
1.3077806234359741
5.027214527130127
-0.8700609803199768
-1.6460554599761963
-2.1136269569396973
-5.45302152633667
2.2084944248199463
0.8471387028694153
0.03428173437714577
-0.25807011127471924
0.295221745967865
-2.533961534500122
-2.726315498352051
-2.4870765209198
-4.122828483581543
0.19687363505363464
-0.28914570808410645
0.022234123200178146
0.8658806085586548
-1.2593297958374023
-5.345339775085449
0.36702224612236023
1.9328111410140991
0.22264201939105988
-1.2511625289916992
-0.5264284014701843
-6.381704807281494
4.315014362335205
5.5298171043396
-2.369486093521118
3.5662357807159424
0.07337117940187454
-1.0970139503479004
-0.026574354618787766
0.4862228035926819
0.016646210104227066
0.33565935492515564
-3.059739589691162
-0.877972424030304
0.5431459546089172
-1.9223575592041016
4.259821891784668
1.3034145832061768
-0.055174123495817184
5.514220714569092
-4.0171356201171875
4.432021141052246
-0.5016158223152161
0.3261602818965912
-0.42740318179130554
-0.005208441521972418
0.6713835000991821
1.0208275318145752
0.01960429549217224
-0.027324719354510307
0.5141229629516602
-1.0642038583755493
0.6524167656898499
-1.8592445850372314
3.720715045928955
0.05557463318109512
0.45803192257881165
0.061498403549194336
0.1370595544576645
-0.24699003994464874
0.1757124662399292
-0.21623864769935608
0.06069998815655708
-0.8781917095184326
-0.6393029689788818
0.2619783580303192
-0.41881632804870605
-1.9980146884918213
0.28444191813468933
-1.6869783401489258
0.2710164487361908
0.3831515908241272
2.32378888130188
-1.9923620223999023
0.13076284527778625
-0.1772955060005188
-0.45024722814559937
0.0718812346458435
0.25655826926231384
0.8975556492805481
-1.6183464527130127
-0.12852834165096283
-4.8095316886901855
-0.6659905910491943
-0.16627393662929535
2.1431756019592285
3.1928396224975586
0.008972736075520515
-0.7067825198173523
-1.6012260913848877
1.1574360132217407
4.4655985832214355
-0.2666094899177551
0.3683648109436035
0.7489185929298401
2.167527198791504
-0.5623688697814941
-2.339008331298828
2.245190143585205
-0.3281518220901489
2.2121524810791016
0.47068721055984497
-0.15950368344783783
-1.5915985107421875
1.65603506565094
-1.793763518333435
-0.1936793476343155
0.15872518718242645
3.9660537242889404
-1.3329507112503052
5.088045120239258
0.19305844604969025
-0.9861502051353455
-1.7027565240859985
1.4874513149261475
-0.987520158290863
-3.9683969020843506
-0.05090650916099548
-0.2780362665653229
-0.6266630291938782
-4.8050856590271
-0.9314250946044922
0.2570146918296814
-1.7971733808517456
-0.8263888359069824
-2.537458896636963
-0.1724439263343811
3.938959836959839
2.5609068870544434
-4.829318523406982
1.0786936283111572
-0.2110411673784256
-2.725485324859619
-1.1845887899398804
-0.6004121899604797
3.5781092643737793
-2.2141659259796143
0.5274423956871033
-5.933237552642822
-1.4297274351119995
-2.5265040397644043
4.3071489334106445
5.490204334259033
2.314413547515869
2.5779950618743896
0.5185860991477966
0.22139981389045715
-5.577881336212158
-3.3067662715911865
-0.7108342051506042
-4.799134254455566
0.22156870365142822
1.7987695932388306
5.282503128051758
-0.8079591989517212
2.1746835708618164
0.09867240488529205
3.9648032188415527
-0.7717205286026001
0.5034534931182861
-0.002090005436912179
-6.111868858337402
1.673327088356018
-5.026315212249756
3.8923180103302
2.328659772872925
-1.853346586227417
-1.6518819332122803
-3.260927438735962
2.1242284774780273
-0.9478880167007446
-4.169251441955566
0.88898104429245
5.407542705535889
-0.10188561677932739
-0.4496803879737854
4.601746082305908
4.730648994445801
0.04208597540855408
6.2457427978515625
0.401993066072464
-5.595000267028809
-1.0172191858291626
2.321208953857422
-3.050276041030884
-1.871119499206543
4.08706521987915
-2.3722352981567383
0.5553337931632996
-2.2760250568389893
-5.631039619445801
2.193894624710083
1.0136257410049438
-0.8880863189697266
3.3325815200805664
3.341472864151001
0.7263991236686707
0.0360199399292469
-2.843987464904785
1.0443530082702637
-2.0564827919006348
-3.9459922313690186
-0.00633249431848526
2.2268011569976807
0.3503924310207367
4.006423473358154
0.5027632117271423
-0.1921287328004837
1.7632404565811157
0.20939640700817108
0.014334187842905521
2.3234429359436035
4.901937961578369
-1.0655393600463867
-0.3541792035102844
0.19099313020706177
-0.29105350375175476
-1.5925546884536743
1.3025089502334595
-7.048664093017578
-2.017936944961548
0.45077967643737793
-1.9171198606491089
0.5661378502845764
-2.077446699142456
-0.5999674797058105
4.762584209442139
-2.088364839553833
1.1835315227508545
0.24931782484054565
2.726518392562866
0.9352051615715027
-3.7818267345428467
0.1975729912519455
0.09935508668422699
-0.17093752324581146
2.966388463973999
4.887292385101318
-1.3243682384490967
-0.02537507750093937
-0.03456726670265198
-0.02637246996164322
-0.7355469465255737
-3.458950996398926
1.8047959804534912
-0.8107993006706238
-3.1294667720794678
-0.11229298263788223
-0.34497421979904175
1.0284404754638672
-3.043764591217041
-1.7606312036514282
6.222721099853516
-0.1314862221479416
-0.19680607318878174
0.18944764137268066
-4.797217845916748
1.9666850566864014
0.20930340886116028
0.06725026667118073
-0.2268465757369995
-2.1843814849853516
-1.8742855787277222
-3.5570223331451416
-3.1595406532287598
0.1265411227941513
0.5102226734161377
0.979472815990448
0.7461376190185547
1.8453729152679443
-0.0677516832947731
-5.511049270629883
4.564628601074219
-0.5997210144996643
-0.4415253698825836
-0.22832460701465607
1.84751558303833
-6.666408538818359
-0.6536934971809387
4.003018379211426
0.1476205438375473
-3.962390184402466
1.709308385848999
-0.361471027135849
1.223435401916504
0.21329666674137115
1.00119149684906
0.5409254431724548
1.0485643148422241
-2.551539897918701
1.1518956422805786
-3.6839935779571533
-3.0000786781311035
-0.5058119893074036
-0.004177248105406761
1.242961049079895
1.0549664497375488
0.49283966422080994
-0.13063177466392517
1.775949239730835
-1.5086933374404907
-0.7364364862442017
0.47191372513771057
-0.022447077557444572
4.000184059143066
2.3585071563720703
-2.5607845783233643
0.2895469665527344
0.19976939260959625
-0.03638317435979843
-2.673462152481079
-3.1621391773223877
-0.2700430452823639
-4.209009647369385
-0.010786991566419601
0.8004598021507263
-0.8495513200759888
-5.44766902923584
3.0057687759399414
2.2220287322998047
2.4120829105377197
4.56525993347168
0.8638376593589783
2.959249258041382
0.09756753593683243
-0.4351106286048889
-3.9105825424194336
1.7713350057601929
-2.7926971912384033
-5.336904048919678
5.700618267059326
0.7809394001960754
1.0974583625793457
-3.618929386138916
-1.667805552482605
-0.8000437021255493
-1.805848479270935
1.9129385948181152
-5.777823448181152
-4.461314678192139
-2.7687149047851562
1.9275833368301392
-1.778481364250183
-0.6024507284164429
-0.014365419745445251
-2.284886360168457
-0.2823047339916229
4.275488376617432
0.0022917629685252905
-2.903862953186035
0.026091737672686577
6.024810314178467
0.9367920160293579
0.2507055401802063
1.4439756870269775
-2.1036579608917236
0.25511884689331055
-0.1344037503004074
-5.589834690093994
0.05819585919380188
3.9403178691864014
-0.749930739402771
-0.9208521842956543
0.23830819129943848
2.698667287826538
-4.208019733428955
5.359961032867432
-0.22181865572929382
0.3632946014404297
-2.3123867511749268
-2.1116445064544678
-0.19855546951293945
2.9758598804473877
-1.5615992546081543
-2.0480241775512695
-4.428372859954834
-2.8110597133636475
1.808762550354004
-0.4996984899044037
2.561741352081299
0.11977807432413101
-4.905625343322754
0.4151283800601959
5.01731014251709
2.662524461746216
0.12220382690429688
5.400073051452637
-0.812122642993927
0.4256364703178406
-3.5632271766662598
-2.4296116828918457
5.818511486053467
3.317586898803711
-1.301011085510254
-6.0052642822265625
-0.010489669628441334
0.08342662453651428
-1.0412253141403198
2.8949735164642334
5.695251941680908
1.2817280292510986
-0.45470136404037476
2.425859212875366
1.0874289274215698
1.5780260562896729
-1.5245153903961182
-5.515496730804443
-0.404995858669281
-3.206085443496704
2.5264272689819336
0.30888405442237854
2.1273157596588135
-0.9255495667457581
-0.3956887125968933
-3.4662725925445557
1.6281999349594116
0.8687906861305237
-5.784486770629883
2.1476552486419678
-2.24143385887146
1.3032701015472412
1.5524424314498901
-0.8477964401245117
2.2245421409606934
5.209856033325195
-1.2601386308670044
-0.19654487073421478
0.2466449737548828
0.3636499047279358
4.891849994659424
-0.6003822088241577
1.8214762210845947
5.09100866317749
0.030089348554611206
2.569164276123047
0.5908923745155334
-0.42558518052101135
-5.944942951202393
-3.687223196029663
3.0994009971618652
-0.9447795152664185
4.193872451782227
4.858819484710693
-0.4302371144294739
-0.9504156708717346
-0.8236860632896423
-6.028099060058594
4.817854404449463
3.0198922157287598
-0.09521674364805222
6.2055864334106445
-0.032655954360961914
2.4373981952667236
-2.709016799926758
-2.4492087364196777
4.984660625457764
3.0356109142303467
-1.794325828552246
-2.487759828567505
2.4828226566314697
0.7120277285575867
2.439277410507202
-0.47193819284439087
-0.12748199701309204
-0.8473543524742126
-0.5202611088752747
-3.9874331951141357
-0.051177170127630234
0.8873264193534851
0.02235017903149128
-0.6079064011573792
-0.26475271582603455
-0.7379245758056641
0.14224432408809662
0.15842989087104797
-6.1199774742126465
-1.015572428703308
-1.4249018430709839
-3.01422381401062
3.17267107963562
0.032821331173181534
-0.19245167076587677
5.250675678253174
-2.326841115951538
4.935853004455566
0.6988138556480408
1.537475824356079
2.8364975452423096
5.591197967529297
1.5555013418197632
-0.6025801301002502
-0.12768450379371643
1.343168020248413
3.7607016563415527
-2.573437213897705
0.3344108760356903
0.6234803199768066
-3.495055913925171
-2.975386619567871
-1.5401147603988647
4.326309680938721
-0.6183505058288574
-1.6932307481765747
-1.4121851921081543
-1.1119275093078613
-0.3190908133983612
-1.7020498514175415
0.8176450729370117
6.686704635620117
-3.0673000812530518
-0.7396121025085449
1.2637484073638916
-6.138454914093018
0.3964135944843292
4.944354057312012
0.44018495082855225
0.2878707945346832
-1.701648235321045
-0.6892198920249939
-2.3275485038757324
-3.724757671356201
-0.5732476115226746
1.0249524116516113
-0.7286949157714844
-1.6718649864196777
3.9160988330841064
-0.14327500760555267
-6.011475563049316
4.823367595672607
-5.6319708824157715
-0.421203076839447
-0.681097686290741
1.6989456415176392
-7.964379787445068
1.108358383178711
5.5262908935546875
-3.340602159500122
-3.777480125427246
4.23615837097168
-0.2518901824951172
0.6809309720993042
0.585543155670166
-0.22634804248809814
2.956559896469116
0.032130736857652664
-1.413793683052063
0.6512650847434998
-4.7060160636901855
-2.6564393043518066
-1.7024760246276855
-0.6480115652084351
4.980827808380127
1.2315479516983032
0.5287335515022278
-1.6881014108657837
3.349618434906006
-1.7713690996170044
-0.8599104285240173
0.1471480429172516
0.007274249568581581
-0.7727392911911011
-0.3049606680870056
-4.444209575653076
0.17519375681877136
-0.5232285261154175
0.13836514949798584
-0.7905361652374268
-3.7639150619506836
-0.8332715630531311
-0.8699313998222351
0.3812590539455414
0.67674720287323
0.09770040214061737
1.0326766967773438
4.136582374572754
4.119278430938721
-1.3925938606262207
-1.1039625406265259
0.5097596049308777
-0.16718648374080658
0.17817974090576172
-1.7272999286651611
-1.5026987791061401
0.4388466477394104
-1.5985256433486938
-2.5344958305358887
5.789632797241211
0.6688209176063538
2.498777389526367
4.890961647033691
-3.711854934692383
-1.0413317680358887
-5.684828281402588
1.7781990766525269
-6.230043888092041
-5.287906169891357
-0.21356475353240967
1.7497618198394775
-2.7363526821136475
-2.665651321411133
-0.4155469238758087
0.7887951731681824
-0.7503113150596619
2.147207021713257
-1.9461393356323242
0.6373338103294373
0.2833443880081177
6.298485279083252
-3.677408218383789
-0.7938650250434875
3.930931568145752
-0.498412549495697
0.1373831033706665
0.09723024815320969
-5.727076530456543
-0.7285116314888
-7.097207546234131
-5.661223411560059
-4.158959865570068
0.0024159816093742847
5.586983680725098
-1.910964846611023
5.642886638641357
-0.752271831035614
-3.209557056427002
-5.916531085968018
0.19531534612178802
1.370190143585205
3.028684616088867
-0.9556159973144531
0.1758538782596588
-5.311532974243164
-0.9937689304351807
-0.35896146297454834
-0.09772459417581558
1.2699873447418213
-0.06410222500562668
-0.09577011317014694
1.0192807912826538
0.6128853559494019
-0.04444316029548645
1.0613083839416504
1.6350568532943726
2.014514923095703
-0.38179710507392883
-1.3778965473175049
-4.055994510650635
1.3152986764907837
-4.912196636199951
-3.9631972312927246
-6.159869194030762
0.3877844512462616
-0.15536807477474213
-5.413646221160889
0.09139391034841537
3.2003748416900635
-0.8667489290237427
-1.9153521060943604
2.7610933780670166
6.278087139129639
4.231690406799316
-0.4169676601886749
-4.341916561126709
-4.174890995025635
0.16246946156024933
-4.726873874664307
-1.6138644218444824
-0.6042940616607666
0.5736297965049744
3.7016050815582275
-2.238602876663208
-0.0032180980779230595
-1.2404099702835083
-1.9372164011001587
1.5062988996505737
1.057295560836792
-0.9366713166236877
0.38382425904273987
0.3133494555950165
3.3999392986297607
-4.8559651374816895
-4.918785572052002
0.5241535305976868
4.119447231292725
-0.457296758890152
-2.952637195587158
-1.0436640977859497
3.2033510208129883
2.9450926780700684
0.3615652024745941
0.4319908916950226
-4.159862518310547
-1.5624492168426514
-6.269761085510254
-4.3579511642456055
2.289646863937378
-0.050619594752788544
5.879362106323242
1.8073978424072266
-0.40255001187324524
-4.780270576477051
-0.5301254987716675
-4.0322771072387695
0.8945962190628052
-0.5930923223495483
1.1669933795928955
5.890987396240234
-2.263885498046875
0.8902177214622498
-2.9098222255706787
-5.736239433288574
-0.09055379033088684
-5.719507217407227
-0.8905158638954163
-1.7543983459472656
0.08746305853128433
2.4298458099365234
-3.536005735397339
-0.19086048007011414
1.7625547647476196
-1.3274778127670288
-0.1725604385137558
-4.0622406005859375
-0.7411800026893616
0.5748036503791809
-0.31721770763397217
-2.3086163997650146
-0.6988885998725891
-0.6188068985939026
2.564112424850464
0.11134402453899384
-6.205572128295898
-2.6521553993225098
0.3368838131427765
-2.381868362426758
1.546019196510315
-1.481230616569519
3.761451244354248
4.53186559677124
-2.9572360515594482
3.3728067874908447
0.2608725130558014
0.0717700868844986
0.7923322319984436
-0.710113525390625
-0.7333257794380188
0.24550838768482208
-1.561642050743103
-0.36388275027275085
2.2661774158477783
-3.5147907733917236
-0.924538254737854
0.5002936124801636
-0.7945887446403503
-4.121889591217041
1.2328931093215942
2.136030435562134
-1.6298549175262451
0.09491188079118729
0.25817593932151794
-0.21827135980129242
-3.4069721698760986
0.2860468327999115
3.159041166305542
6.28452730178833
-2.2007975578308105
-1.6496111154556274
0.13584966957569122
-6.0922746658325195
0.05470767617225647
4.534721374511719
1.0727922916412354
1.263418197631836
-0.5148440003395081
0.8292370438575745
-1.1252150535583496
1.6508960723876953
0.5068831443786621
-0.3129535913467407
-0.9611157774925232
0.11912531405687332
1.9357644319534302
-0.5790566802024841
-5.1287150382995605
5.481612205505371
-5.99385404586792
-0.9040899872779846
-2.5071794986724854
0.45967063307762146
-6.597655773162842
2.0659115314483643
4.16841983795166
1.6115139722824097
0.5587933659553528
0.8671951293945312
-1.7076131105422974
0.468993604183197
-0.8319861888885498
1.0742700099945068
1.0464534759521484
-1.2449880838394165
3.73710298538208
-2.1482231616973877
-2.3722245693206787
-1.990134358406067
-2.368621587753296
-1.7111397981643677
5.470749378204346
-4.963998794555664
4.335286617279053
-0.3390510678291321
1.9271140098571777
-0.9207907319068909
-3.541642189025879
-0.1809396594762802
-0.0108365872874856
-3.5348739624023438
0.032832659780979156
-0.4635668396949768
-0.6076786518096924
-0.1553087830543518
-0.7880198359489441
1.5011018514633179
-0.10843345522880554
0.7380837202072144
1.314010500907898
0.2178075760602951
1.3380943536758423
0.2707749605178833
4.664419174194336
0.1700771152973175
1.4585081338882446
-2.3024580478668213
-0.3573038876056671
0.17833665013313293
0.5595638155937195
0.7251609563827515
-0.8221994638442993
0.7512520551681519
0.36514538526535034
3.959766149520874
-1.3295817375183105
0.9716611504554749
0.24721969664096832
0.234756201505661
4.761595249176025
1.7111430168151855
-0.05404403805732727
-4.631758689880371
1.6812195777893066
-5.970407009124756
-3.1070544719696045
0.8998124599456787
0.13911452889442444
0.8100783824920654
0.0325811430811882
1.203048586845398
0.25143513083457947
2.110403299331665
0.2787787914276123
-0.7554218173027039
2.0617518424987793
-0.1387881338596344
5.8334221839904785
-2.9085254669189453
-0.8193271160125732
2.9967684745788574
1.7535779476165771
0.4058583080768585
-0.1015402153134346
-2.852914810180664
-0.44434699416160583
2.919766664505005
-4.121415138244629
1.3505232334136963
-0.10579380393028259
5.426126956939697
3.828355073928833
1.3653284311294556
-0.27720174193382263
-1.2406818866729736
-0.5992037057876587
1.3554569482803345
1.7327982187271118
0.7985129952430725
-1.8394874334335327
-0.6320157051086426
-2.9057328701019287
-1.4107849597930908
-1.0545458793640137
0.7209334373474121
-0.30087777972221375
0.5316669940948486
-0.7462758421897888
0.9994188547134399
0.25623878836631775
3.023615598678589
2.1089158058166504
0.23622995615005493
0.3668900430202484
-0.14796440303325653
-1.0481057167053223
0.503913164138794
1.5018888711929321
-2.9158737659454346
-0.34612980484962463
-5.565328121185303
0.06631683558225632
1.3150705099105835
0.6225319504737854
2.632103443145752
0.24659889936447144
0.5005548596382141
1.6678160429000854
0.3650003671646118
-3.728210687637329
-3.7673089504241943
-0.3187754154205322
-5.399260997772217
-1.156507134437561
-0.16566677391529083
2.5329391956329346
-3.7670559883117676
-0.012628250755369663
0.5775170922279358
0.7903462648391724
-3.4170048236846924
0.35362085700035095
-0.12702330946922302
-6.0318121910095215
-0.18505190312862396
-0.5175783038139343
-0.6930184960365295
-0.0773763582110405
1.4070245027542114
-1.8560978174209595
-2.6953701972961426
-0.6536365151405334
-0.011126975528895855
-1.3148647546768188
-0.7283110618591309
1.5297973155975342
-0.5721224546432495
0.3575574457645416
2.5298681259155273
0.7578937411308289
0.09014605730772018
6.0590081214904785
4.939999103546143
-2.031862258911133
-0.4521067440509796
-1.0117782354354858
-0.18299132585525513
-0.5390242338180542
3.267172336578369
-0.3802087903022766
-3.267878293991089
-0.31929391622543335
-2.1959335803985596
2.8208134174346924
3.3929219245910645
0.794832706451416
1.7302159070968628
1.2394397258758545
0.22023893892765045
-1.0799963474273682
0.1194152981042862
-0.5842370986938477
-0.9101930856704712
-1.0964577198028564
0.24202124774456024
2.7085628509521484
0.4709804058074951
0.4826219379901886
-0.5518102645874023
-1.3383082151412964
-0.36496701836586
-2.411750078201294
2.5668587684631348
4.0518293380737305
4.778921127319336
-2.516401529312134
0.974113404750824
0.37039104104042053
0.6381723284721375
0.9035578966140747
-0.8670733571052551
-8.594650268554688
0.2995859682559967
-0.44046130776405334
1.1660374402999878
2.2633299827575684
0.13593386113643646
0.21333461999893188
0.7460504174232483
-2.7826108932495117
3.3303050994873047
-0.15289406478405
0.6654074192047119
-0.05550706014037132
-4.494280815124512
0.5518414378166199
2.429574728012085
1.2651382684707642
0.14738889038562775
3.096369743347168
-0.6803926229476929
0.6990540027618408
0.23730723559856415
0.09967649728059769
-1.604769229888916
-5.228428840637207
0.26588326692581177
0.13245461881160736
-1.8726388216018677
1.041155219078064
3.209334373474121
5.166644096374512
-0.643936812877655
-2.569749593734741
3.2307863235473633
-0.9169132113456726
-0.9136795997619629
-0.09819954633712769
-5.934785842895508
0.4502750635147095
0.7394441962242126
-0.0992094874382019
-2.502687692642212
0.5079077482223511
-0.1390337496995926
-3.9994800090789795
-4.921014308929443
0.6941686272621155
-0.7662367224693298
-0.6694328188896179
-0.15719462931156158
1.286666989326477
-0.37961286306381226
-1.7971765995025635
0.29599857330322266
-6.0465216636657715
1.889192819595337
1.626434564590454
-0.12505607306957245
-2.824420928955078
0.4650844931602478
4.190253734588623
2.2164134979248047
-1.5617586374282837
-0.2518080174922943
0.22080186009407043
0.12163294106721878
1.0573947429656982
2.5509793758392334
0.07726449519395828
0.948383629322052
-0.36226406693458557
0.43298909068107605
-0.10093258321285248
-4.708401679992676
0.026441974565386772
-3.5077760219573975
5.136595726013184
-0.3640487790107727
-0.6753597855567932
-0.9211342334747314
3.0210766792297363
-0.2553645670413971
-0.12531986832618713
1.1056888103485107
0.6026292443275452
3.097419023513794
0.12138324230909348
-0.3856855034828186
0.32434386014938354
1.2897415161132812
-0.034905798733234406
-2.4263157844543457
-0.8383774161338806
0.0032172943465411663
-0.36354315280914307
0.5657339692115784
-0.9836698174476624
1.2983077764511108
-0.25232648849487305
0.5051946640014648
1.6250079870224
2.035304546356201
0.09813587367534637
-0.3261698782444
-0.749973475933075
0.6309812664985657
-0.004706999287009239
-3.217256546020508
-0.4733465313911438
-0.7983337044715881
-3.9651551246643066
5.204693794250488
3.9008853435516357
0.7774574160575867
0.04750341549515724
-1.158288836479187
-0.9315108060836792
-4.335411071777344
-0.15663839876651764
-3.833178758621216
-1.7134791612625122
-3.0746049880981445
2.509221315383911
1.1683316230773926
0.050394829362630844
1.1387550830841064
-2.8777084350585938
-0.6693658232688904
4.115447044372559
-0.10105922073125839
-0.6555420756340027
-0.5062589049339294
5.382215976715088
-0.3136204183101654
-1.1107982397079468
0.44609639048576355
-1.9517314434051514
0.8820849061012268
-0.7561546564102173
-2.206660032272339
-1.1469753980636597
2.6430513858795166
0.14525946974754333
0.03596482425928116
0.9507948756217957
3.8322536945343018
-0.1576373279094696
5.255893230438232
-0.18929478526115417
-3.6047046184539795
-0.5424330830574036
0.06575775891542435
-0.26814979314804077
-0.5666306614875793
-0.27324530482292175
1.231423020362854
1.5709840059280396
-1.8955628871917725
1.684755563735962
-0.5258710980415344
0.21516546607017517
2.054079294204712
-0.14082542061805725
-0.09247463941574097
5.541693210601807
0.594264030456543
-4.322899341583252
1.7435798645019531
0.36912527680397034
0.3048241138458252
-5.1653618812561035
0.24736535549163818
0.8999539613723755
2.547562599182129
-2.2379722595214844
-6.269092559814453
0.38722896575927734
-1.2046328783035278
-1.7967309951782227
3.3968746662139893
0.3763115704059601
-0.3359830379486084
2.7833871841430664
2.0247879028320312
2.6300065517425537
2.6435604095458984
-2.204103708267212
-5.563075542449951
-1.8237847089767456
-2.8148090839385986
1.0860347747802734
-0.9311991333961487
-0.6773008704185486
0.3880222737789154
5.665067195892334
-5.2056074142456055
3.0669119358062744
-0.0005976594402454793
-5.972110271453857
1.886257290840149
-0.3384859561920166
-4.617715835571289
0.44529107213020325
-0.22597075998783112
-0.8167410492897034
4.367917060852051
-2.632779359817505
-3.2731773853302
4.35914421081543
-1.4361790418624878
-0.631242036819458
-0.4851444363594055
-0.24985170364379883
3.8870508670806885
0.29490891098976135
0.3439810276031494
2.1808228492736816
2.8698339462280273
-5.148250579833984
-4.676676273345947
4.4049906730651855
0.10864906013011932
3.5742926597595215
5.429114818572998
-1.1225533485412598
-0.17230580747127533
-0.3891800045967102
-4.267620086669922
5.523600101470947
-0.3673035204410553
-2.3334543704986572
5.495287895202637
0.7666860818862915
0.9676887392997742
-4.648928165435791
-0.6356791853904724
0.29548394680023193
0.4331364929676056
0.3173735439777374
-2.7696659564971924
0.7159310579299927
-0.037239544093608856
-2.3190062046051025
-0.2623821496963501
-1.8918490409851074
-0.018789909780025482
0.11412103474140167
0.5470480918884277
2.9664807319641113
2.9985191822052
-0.163999542593956
-0.7209303975105286
0.719997227191925
0.5050010681152344
1.2760862112045288
-0.08585226535797119
-6.472225666046143
-0.9908145666122437
-1.4170812368392944
-3.5874860286712646
4.998960494995117
-0.4788021147251129
-0.13891850411891937
0.5612552165985107
-2.508516311645508
1.3885434865951538
-0.20556099712848663
1.302433967590332
-0.055846188217401505
3.071063995361328
1.3949483633041382
-0.2743428945541382
0.5611139535903931
-1.9975934028625488
-0.39336469769477844
0.5041186213493347
-1.178378701210022
-0.8438054323196411
-0.6590365767478943
-0.5438265204429626
-5.570960998535156
-0.4042549133300781
-0.09887581318616867
-1.4737485647201538
1.4607081413269043
-1.2807351350784302
1.880016803741455
0.4080606997013092
-0.33344191312789917
5.539253234863281
-0.1634117215871811
-0.4569512903690338
0.16735611855983734
-3.768333673477173
4.5975446701049805
4.928753852844238
0.26796793937683105
-1.616736888885498
-0.6915616989135742
-1.4239476919174194
-1.1085540056228638
-4.3478779792785645
0.5577090382575989
0.3458428978919983
-3.008131742477417
-0.31492289900779724
0.5536321997642517
0.9780042171478271
-5.449634075164795
3.1159725189208984
-1.3804540634155273
1.5103209018707275
-1.4733471870422363
0.2929303050041199
-5.96083927154541
1.0768818855285645
6.044778823852539
-1.9938615560531616
-2.1063356399536133
0.9208564162254333
0.23192685842514038
2.376915693283081
0.7493194341659546
-0.9440746307373047
2.6522881984710693
-3.7377846240997314
-2.0889811515808105
-0.33505362272262573
-1.3949700593948364
-6.032116889953613
-0.6786098480224609
-2.944729804992676
4.190423011779785
-1.4021075963974
-1.2077215909957886
-0.7809721827507019
3.628887891769409
-1.4971754550933838
-2.4810802936553955
0.755781888961792
-1.441269040107727
-0.12242811918258667
3.122628688812256
-0.3947494626045227
-0.14044377207756042
0.0097027737647295
0.9325765371322632
-0.7768821716308594
0.3995053172111511
-1.3079146146774292
-1.3253422975540161
1.507091760635376
-0.42175570130348206
1.143526554107666
2.67600417137146
4.247309684753418
1.251902461051941
0.22309865057468414
2.502983331680298
0.8105891346931458
-2.6386585235595703
-0.30322960019111633
-1.9212112426757812
-2.4123222827911377
0.34886592626571655
-1.1665889024734497
0.0145785016939044
6.122379302978516
2.1088273525238037
1.4003890752792358
3.9786877632141113
-1.3387900590896606
-4.497115135192871
-4.878856658935547
3.0632495880126953
-4.438255310058594
-1.48760187625885
-2.789182424545288
4.6293044090271
-0.46716469526290894
3.2018697261810303
-1.8820397853851318
-0.288816899061203
0.4895365238189697
1.4529715776443481
0.7596824765205383
1.9255266189575195
0.1635444462299347
3.861755609512329
-1.6176226139068604
0.8554137945175171
4.023472785949707
0.2866608202457428
1.8834069967269897
0.1831125020980835
-4.807720184326172
4.043059349060059
-6.278971195220947
-5.17484712600708
0.21638336777687073
0.8015052080154419
4.322230339050293
0.6262324452400208
5.007097244262695
-0.6944016814231873
-4.403816223144531
-0.844683051109314
1.2867496013641357
1.8626329898834229
1.381777286529541
-0.6501408815383911
0.7413963675498962
2.060183048248291
-0.09337551891803741
-0.4585992991924286
0.16110987961292267
1.186582088470459
3.786707639694214
2.9675538539886475
0.2050158828496933
-0.4155448079109192
-0.05364254117012024
1.2160202264785767
0.6028450727462769
0.4424402415752411
3.755979299545288
-1.3356437683105469
0.6453216671943665
0.3880841135978699
-3.348863124847412
-3.6154685020446777
-5.609562873840332
-0.006459834985435009
1.390751600265503
-0.8971900939941406
1.1251730918884277
0.2269817292690277
-1.1254608631134033
-1.4487463235855103
4.173583030700684
6.256655216217041
5.656489372253418
-2.5671730041503906
-3.028898000717163
-3.832044839859009
3.3797855377197266
-3.9775660037994385
0.14258451759815216
-0.5319234132766724
-0.5929368734359741
5.365081787109375
0.41535329818725586
-0.30387258529663086
-3.0699098110198975
-0.6765852570533752
0.39739978313446045
0.9949657320976257
-3.868074417114258
0.676760733127594
-0.8398346304893494
3.5899994373321533
-2.6077468395233154
-4.698854446411133
-0.4859311878681183
6.03789758682251
4.370429515838623
1.886168122291565
-0.06746815145015717
2.39521861076355
-0.2383253574371338
0.2609560787677765
0.20289815962314606
-1.9494388103485107
-4.08646821975708
-5.41870641708374
-5.574666976928711
1.7212846279144287
-0.4405328333377838
5.199001789093018
0.6202757954597473
-1.9616833925247192
0.0474097914993763
-0.681299090385437
-2.2031962871551514
-0.17566421627998352
-0.7092987298965454
0.1467166692018509
4.259487152099609
-0.9222486615180969
-0.5596561431884766
-4.00094747543335
-4.1853179931640625
-0.17799003422260284
-5.110026836395264
-0.05480385944247246
1.3009822368621826
-1.9940613508224487
4.892244815826416
-0.8163802623748779
-0.11180082708597183
-0.04056517779827118
1.7900015115737915
1.7472583055496216
-0.7357186079025269
1.342930555343628
2.1364643573760986
1.9781537055969238
-2.7960402965545654
-0.2194344699382782
0.9305968880653381
4.073911666870117
0.678500235080719
-6.43359899520874
-2.8415164947509766
0.2439420074224472
1.8045666217803955
0.9461196064949036
-0.7467875480651855
1.4378330707550049
0.2771393060684204
-1.5843628644943237
-0.368921160697937
0.09639161825180054
0.5945039987564087
-1.3294757604599
-1.5187673568725586
0.32679834961891174
-2.1831002235412598
-1.0320242643356323
1.392032504081726
-0.15663215517997742
-1.725039005279541
-1.0174083709716797
-3.198202610015869
-2.7222063541412354
-2.1488687992095947
-1.246324062347412
0.714231550693512
-0.9681472182273865
-0.12459099292755127
2.3201651573181152
0.2373814582824707
0.34067726135253906
0.11261068284511566
-0.10046491771936417
2.862658739089966
0.16548530757427216
0.3105483949184418
2.144308090209961
-1.1174918413162231
0.10570283234119415
5.209036350250244
1.1598849296569824
0.022327935323119164
-1.3161683082580566
-0.16154775023460388
-2.236351251602173
-3.198575973510742
1.6034680604934692
-0.05040796101093292
-2.3851325511932373
0.608110249042511
-3.2571542263031006
1.886483907699585
-5.571494102478027
1.4141333103179932
-3.9779927730560303
-0.6383906602859497
-2.5937132835388184
-0.3849306106567383
-5.859087944030762
-0.09457594156265259
4.829459190368652
-0.15813125669956207
-1.4707542657852173
1.40470290184021
-0.19115714728832245
2.745095729827881
1.5505685806274414
1.0517287254333496
-0.48859500885009766
-0.534762978553772
0.5533252954483032
-2.4076004028320312
-1.0008177757263184
-5.619596004486084
-3.0915284156799316
-4.663348197937012
3.5376362800598145
-5.232779026031494
2.080770254135132
-1.8756461143493652
2.3240764141082764
-1.7872731685638428
-3.9622890949249268
-0.25944140553474426
-0.46382832527160645
-2.983621120452881
-0.36049631237983704
-0.1050378754734993
-0.08958834409713745
-0.9320724606513977
0.29927539825439453
0.505711555480957
-0.41739362478256226
1.2698681354522705
0.2991810441017151
0.9075504541397095
0.45056310296058655
0.12129393965005875
0.2120741456747055
0.4079655408859253
3.889368772506714
-0.8160396814346313
-0.22735950350761414
0.591208279132843
-1.3376820087432861
-0.013430486433207989
-0.09006935358047485
-0.12897859513759613
1.6424952745437622
-0.16615082323551178
-0.1239195391535759
-0.19462183117866516
0.7517112493515015
0.6358497738838196
0.5419077277183533
1.007800817489624
-1.2822240591049194
-1.4021071195602417
2.4873058795928955
-2.3381497859954834
0.23950980603694916
-0.9237657785415649
-0.003987153992056847
0.12752756476402283
-1.233953595161438
-0.3326979875564575
-2.750842809677124
-0.3620988726615906
-2.5621187686920166
-3.9524970054626465
2.1357181072235107
-0.9598757028579712
5.741014003753662
-0.3868749141693115
-4.0669026374816895
2.3926479816436768
0.3013675808906555
0.8341218829154968
0.8996716737747192
-0.06116839125752449
-0.6218608617782593
1.5479875802993774
-3.642509698867798
-0.10486022382974625
-1.2078889608383179
-0.2158363312482834
1.1100462675094604
-0.35550153255462646
-0.4383174180984497
-1.897803783416748
-0.8799749612808228
0.486612468957901
1.5540157556533813
0.5695787072181702
0.46027886867523193
0.11876695603132248
0.5708154439926147
-2.0926666259765625
-0.7825663685798645
-1.3612377643585205
0.09997241944074631
-0.08884531259536743
-0.8418444395065308
