0.10950671881437302
0.13302496075630188
0.1332641839981079
0.1014946848154068
0.14442181587219238
0.11786409467458725
0.12213170528411865
0.12677599489688873
0.0885978415608406
0.1223144382238388
0.10098910331726074
0.1574908196926117
0.12902654707431793
0.11723501980304718
0.11224092543125153
0.08970090001821518
0.11104892939329147
0.13202184438705444
0.10040222108364105
0.09968734532594681
0.11385025829076767
0.09549078345298767
0.08669794350862503
0.12469713389873505
0.12085875868797302
0.09969576448202133
0.10491254180669785
0.1013195738196373
0.09665073454380035
0.13321571052074432
0.10459576547145844
0.1111869066953659
