-18.61037254333496
-9.98904800415039
-17.65143585205078
-9.177461624145508
-16.334598541259766
-13.114359855651855
-17.26456642150879
-22.691980361938477
-6.4272685050964355
-12.145092964172363
-23.514371871948242
-15.739631652832031
-11.129283905029297
-25.047494888305664
-19.9379825592041
-12.98436164855957
-14.350202560424805
-19.265071868896484
-21.107622146606445
-20.461811065673828
-11.425119400024414
-15.607457160949707
-8.99511432647705
-10.71060848236084
-12.924795150756836
-16.29762840270996
-12.996798515319824
-17.36800765991211
-15.364514350891113
-21.630292892456055
-9.871346473693848
-24.978008270263672
-22.42310905456543
-15.83138656616211
-14.418277740478516
-23.143177032470703
-17.778514862060547
-15.376309394836426
-11.839112281799316
-12.8394775390625
-20.796415328979492
-14.827472686767578
-22.582605361938477
-12.966964721679688
-16.27594757080078
-17.3007869720459
-11.088211059570312
-13.391408920288086
-25.16799545288086
-16.903213500976562
-12.618332862854004
-18.856630325317383
-9.279351234436035
-16.104778289794922
-14.616578102111816
-16.783004760742188
-7.5878825187683105
-12.549671173095703
-17.83553695678711
-11.741558074951172
-25.03323745727539
-24.21674346923828
-11.948432922363281
-16.848148345947266
