375.7569580078125
360.7837219238281
477.387451171875
404.97314453125
404.36602783203125
443.15911865234375
653.3753051757812
328.4149169921875
532.452880859375
817.3375854492188
347.58355712890625
387.3382263183594
352.39361572265625
330.99200439453125
346.4857177734375
424.5189208984375
517.0923461914062
436.61456298828125
543.3458251953125
348.0899963378906
379.10552978515625
405.0710754394531
313.75067138671875
379.7646789550781
373.3354187011719
460.1521301269531
341.23675537109375
438.39373779296875
355.81927490234375
458.7931823730469
416.7582092285156
388.94598388671875
