-3.6516635417938232
8.564431190490723
-2.784990072250366
1.2586555480957031
-2.6209938526153564
-0.6849715709686279
2.8941402435302734
2.536726713180542
3.459196090698242
3.5140933990478516
1.7515801191329956
2.8837616443634033
2.812962532043457
-2.0440399646759033
1.0809345245361328
1.8990074396133423
-3.016000747680664
2.0991859436035156
4.770690441131592
-0.8746982216835022
-3.5714428424835205
-1.7995396852493286
-3.29201602935791
-1.5903555154800415
-1.7740488052368164
-4.1842546463012695
-5.8442463874816895
5.406447410583496
-3.2695698738098145
3.093183755874634
2.164952278137207
-5.274696350097656
