1.4497263431549072
3.7417571544647217
1.7327415943145752
2.3724288940429688
1.2428499460220337
3.753854751586914
1.860077142715454
1.2055225372314453
1.2010700702667236
0.7196261286735535
2.0039987564086914
3.1100375652313232
2.5681371688842773
2.0514907836914062
1.842944622039795
1.3773466348648071
1.2535104751586914
4.558339595794678
0.6394971013069153
1.154890775680542
1.6225941181182861
2.825455665588379
1.7904049158096313
4.243232250213623
1.2888505458831787
1.2428162097930908
0.9488369822502136
2.664564847946167
0.7135609984397888
0.6833156943321228
4.259093284606934
5.015561580657959
