-0.25686609745025635
-0.4012306332588196
-0.4382059872150421
0.13872767984867096
-2.3082730770111084
-0.7610787153244019
-1.9759800434112549
-0.565632700920105
-1.8497165441513062
-2.184271812438965
-1.5881023406982422
-0.12486448884010315
-1.138391137123108
0.5915963053703308
-0.11324222385883331
-0.9230853915214539
-0.0798417329788208
-2.527308940887451
-2.406195878982544
-0.3779858648777008
-1.0127898454666138
-1.3441710472106934
0.9831953644752502
0.012672736309468746
-1.284808874130249
-2.310636520385742
1.7210443019866943
-0.9130774140357971
1.116583228111267
0.8257774114608765
-2.978663206100464
-2.898989677429199
