-2.3990578651428223
-0.9171597957611084
-2.885471820831299
-1.526794672012329
0.6131480932235718
-0.06111927703022957
0.04412087798118591
0.11915228515863419
-1.190033197402954
-1.2536355257034302
-2.0673248767852783
-2.039074659347534
-1.1493909358978271
-2.4699783325195312
-2.0109167098999023
-2.2545759677886963
-4.222282409667969
0.12413197755813599
-0.19430819153785706
-2.375500440597534
-1.132289171218872
-1.9069479703903198
-2.5310447216033936
0.07610950618982315
-1.9740597009658813
-1.4696245193481445
-1.8500723838806152
-2.511878252029419
-2.495668411254883
0.09827787429094315
-1.0106865167617798
-2.493741035461426
