2.445462465286255
1.0396625995635986
0.9655726552009583
2.2517364025115967
0.23016425967216492
2.3743953704833984
1.1489810943603516
0.7671538591384888
2.0699498653411865
1.9434728622436523
1.6797339916229248
2.088846445083618
2.3964297771453857
2.280937433242798
2.095392942428589
2.116297960281372
1.0902701616287231
0.40091434121131897
1.4342621564865112
2.03525972366333
1.6039304733276367
1.2233922481536865
2.8860044479370117
1.232582688331604
1.7895008325576782
2.2036373615264893
1.3503812551498413
0.4498728811740875
2.3650741577148438
2.086214542388916
2.1516757011413574
2.190370559692383
2.5080745220184326
2.1946113109588623
1.5811631679534912
1.5091568231582642
1.9416701793670654
1.8209937810897827
1.8767907619476318
2.287102460861206
0.9728156328201294
2.26218318939209
1.755785584449768
1.7659344673156738
1.1342493295669556
1.948365569114685
2.3941538333892822
1.8603719472885132
2.3017821311950684
2.4318792819976807
2.2154805660247803
2.0060176849365234
2.4813780784606934
2.086540699005127
1.1867603063583374
2.123784303665161
0.390991747379303
2.3982279300689697
2.207494020462036
1.8481590747833252
1.177836537361145
2.3385491371154785
0.2716926038265228
2.422067403793335
