-5.90132474899292
-23.840543746948242
-25.780620574951172
-1.4052518606185913
-14.875126838684082
11.219298362731934
43.181861877441406
10.909528732299805
-0.7928721904754639
3.220923900604248
27.457199096679688
-17.781307220458984
-8.598447799682617
-4.2687087059021
-29.517114639282227
-15.505263328552246
-29.50482177734375
17.9332218170166
-7.887590408325195
13.250946998596191
-23.04145050048828
-12.762138366699219
-1.3486241102218628
20.289825439453125
16.932537078857422
-33.95869445800781
-38.537532806396484
17.462825775146484
21.301069259643555
-27.55516815185547
-1.3003826141357422
-27.855817794799805
