2.9281704425811768
0.08076771348714828
-0.2534027695655823
-0.4278890788555145
5.385735034942627
2.7678165435791016
1.5358681678771973
1.457685112953186
-1.0018985271453857
0.005730149801820517
0.48509499430656433
-0.13863630592823029
0.5646395087242126
3.3526530265808105
4.831608295440674
-1.4478790760040283
-0.052905064076185226
5.900817394256592
0.5219744443893433
-1.169823169708252
-0.5538691282272339
0.7232924103736877
0.2896976172924042
3.3827147483825684
3.107813835144043
1.0326285362243652
0.5006400346755981
2.27364182472229
1.5315124988555908
2.1980416774749756
0.2635229527950287
0.15236441791057587
0.9250289797782898
1.250353455543518
1.1452045440673828
5.347255706787109
-0.4076378643512726
-1.9456909894943237
0.08664063364267349
1.6290297508239746
2.768465280532837
-0.25826433300971985
3.0090460777282715
1.463347315788269
1.0593928098678589
1.0257775783538818
-0.4095712900161743
1.2821351289749146
3.8470635414123535
-0.21591219305992126
-0.3268723487854004
-0.03394575044512749
0.5124351978302002
0.5650116205215454
4.816439628601074
4.079533100128174
1.8770956993103027
-2.637068271636963
2.4083125591278076
4.686763286590576
1.5451040267944336
2.3093466758728027
0.6783510446548462
0.48102518916130066
-0.7694849967956543
3.2044711112976074
-3.2848832607269287
0.719025194644928
-0.6922987103462219
-2.395005226135254
-0.8519915342330933
-0.2473096251487732
1.1675680875778198
-0.3822163939476013
-1.4845703840255737
-1.293756127357483
-1.3170751333236694
-5.546578884124756
0.16698209941387177
-0.5249853134155273
0.47767505049705505
1.2240978479385376
-2.0516884326934814
-2.4397292137145996
1.9825323820114136
-3.833665609359741
-3.476682662963867
4.34362268447876
-1.3779343366622925
-2.6365182399749756
0.13022078573703766
-2.4574708938598633
-1.278404712677002
-2.737943649291992
2.2287065982818604
-2.1027607917785645
-4.029625415802002
-0.9419932961463928
-0.11045704782009125
-1.6644668579101562
-2.2223129272460938
-0.5534631013870239
0.49368518590927124
-3.458383798599243
-0.8536264300346375
-1.556240200996399
-1.2699785232543945
-3.51839017868042
1.7362959384918213
-1.8610949516296387
-2.696294069290161
-0.6038296222686768
-6.213210582733154
-1.4696024656295776
-4.614447116851807
-2.528413772583008
0.5079495906829834
-3.9580609798431396
-1.8279039859771729
-2.432932138442993
-1.113645315170288
0.9956358075141907
-3.186969757080078
0.8965106010437012
-1.4060895442962646
-6.183673858642578
-3.0288515090942383
-0.7752251625061035
0.4990203082561493
0.1333276480436325
1.7037535905838013
0.5172349214553833
1.597321629524231
0.1890227496623993
0.6085473895072937
1.3700085878372192
-1.8325247764587402
-0.5803353786468506
0.37725773453712463
-0.013879043981432915
-1.814097285270691
0.18166783452033997
4.6342854499816895
0.7775235772132874
0.45935583114624023
3.747931718826294
1.6953102350234985
3.5724010467529297
2.915233612060547
2.4747331142425537
2.5504274368286133
5.3812432289123535
-4.667181968688965
-0.8024253249168396
-0.3901759088039398
-0.3481653332710266
-0.41901201009750366
-0.03927290439605713
0.3450522720813751
0.6896001100540161
5.338497638702393
0.5842477083206177
0.31749019026756287
0.3241364657878876
3.734349489212036
0.6384846568107605
-1.900256872177124
2.9851233959198
0.2866400182247162
5.42376708984375
5.326718807220459
-0.4488146901130676
5.355057239532471
-0.02744915522634983
3.1268904209136963
-0.03293365240097046
0.42856907844543457
0.06374764442443848
0.2530747056007385
0.6499689817428589
0.7144594788551331
0.13268476724624634
0.9271243214607239
0.21098607778549194
-0.34063977003097534
0.6353587508201599
-1.0186669826507568
1.1617039442062378
-0.14346927404403687
4.6560258865356445
-0.2659943699836731
1.0516189336776733
-1.3390089273452759
0.9120345711708069
0.18626250326633453
-0.37153685092926025
-1.2427070140838623
-4.616711139678955
0.0019703104626387358
0.8811916708946228
-0.9573561549186707
0.9987962245941162
1.4019511938095093
-0.6973400115966797
3.7334911823272705
-4.862556457519531
5.667339324951172
4.671409606933594
0.38034215569496155
2.546210765838623
-0.22771969437599182
-0.22613047063350677
0.8669251799583435
-0.322167307138443
-1.744170069694519
4.068687915802002
-0.6573341488838196
-1.2143914699554443
0.48266246914863586
-2.267866611480713
0.2602478265762329
2.3624110221862793
0.7802327871322632
-2.499635934829712
-4.559813022613525
1.200731873512268
0.4301660358905792
-0.4504217505455017
1.4741020202636719
-0.42944249510765076
-0.3094389736652374
-2.5190482139587402
-2.275397539138794
1.8748319149017334
-0.7693411707878113
1.580072283744812
-1.0766658782958984
5.546375751495361
0.586483359336853
3.9581544399261475
-0.5912037491798401
-0.8680399060249329
0.1447133719921112
-0.7410135865211487
-1.440070629119873
-0.1816922426223755
-1.9711087942123413
-0.11253893375396729
0.7246854305267334
3.876660108566284
-0.8833440542221069
0.3836434781551361
-1.3688338994979858
-3.3195080757141113
-0.40426841378211975
1.2193502187728882
0.5454660654067993
0.6325176358222961
0.5232024192810059
1.104230523109436
1.4605125188827515
0.002294294536113739
1.3190823793411255
-1.1562148332595825
1.4874048233032227
0.478929340839386
1.1936211585998535
1.7883023023605347
0.5734901428222656
3.661712408065796
-2.5288939476013184
-0.21188457310199738
1.9703375101089478
0.40503764152526855
2.2841992378234863
3.73103404045105
0.690003514289856
-0.4433140456676483
1.2806806564331055
-2.240262985229492
1.400498628616333
-0.14756949245929718
0.5515691041946411
2.5550436973571777
4.437407493591309
0.38229620456695557
-0.23281247913837433
5.743423938751221
1.1310594081878662
1.858375906944275
2.3149824142456055
-0.4524305760860443
0.14976869523525238
4.889492511749268
2.116420030593872
2.692650556564331
2.4766218662261963
0.06273476034402847
2.4229397773742676
0.3056181073188782
1.6648534536361694
1.6511822938919067
-0.7590861916542053
-0.8545510768890381
0.04089108854532242
0.8448461294174194
-0.9319061636924744
0.8140045404434204
0.6169817447662354
3.0064706802368164
1.171100378036499
0.349711149930954
0.011175473220646381
1.380039930343628
-0.024629021063447
0.674344539642334
0.28684306144714355
-0.5271596312522888
0.5176026225090027
1.1023513078689575
1.309997797012329
1.4018115997314453
-1.8781695365905762
-2.3385555744171143
5.874171733856201
0.33644968271255493
-1.451965093612671
2.052605390548706
-0.3010269105434418
0.4747931659221649
-0.2647281587123871
0.8351473808288574
1.2375389337539673
-1.7459235191345215
-2.032254934310913
-1.1350218057632446
0.9895243048667908
0.46531766653060913
0.16001763939857483
0.25476181507110596
1.78162682056427
0.8924419283866882
1.3558259010314941
-0.24060745537281036
4.606523036956787
-3.764910936355591
0.6369139552116394
0.557214081287384
2.9187817573547363
0.0056732892990112305
5.567776679992676
3.370577335357666
0.4688894748687744
-0.24643655121326447
0.3504731059074402
6.269197940826416
1.569546103477478
0.006869517266750336
0.07317127287387848
-2.019075632095337
5.362245559692383
-1.210990071296692
-0.9580566883087158
-0.8519760370254517
1.4396827220916748
1.1705492734909058
-3.5381534099578857
4.995789051055908
0.20318259298801422
3.9064202308654785
-2.5545997619628906
0.8911154866218567
-2.333216905593872
-4.80322265625
-0.18520508706569672
1.0174146890640259
-1.2722785472869873
0.9663218855857849
3.8479466438293457
-1.1641137599945068
5.488947868347168
1.7895539999008179
-0.5951740741729736
0.013555191457271576
-4.461940765380859
-2.337707996368408
-2.849036455154419
0.31302177906036377
-1.4685932397842407
0.22359904646873474
-0.9876955151557922
-0.09317701309919357
1.7485496997833252
0.35116150975227356
-1.118160367012024
0.06745757907629013
0.8905959129333496
0.05144401639699936
0.10270948708057404
1.660297155380249
0.06801673024892807
-3.350916624069214
-0.04626467078924179
-3.6275312900543213
0.1497952789068222
-2.523300886154175
-0.9942485094070435
-1.8751037120819092
-2.57818341255188
0.8502634763717651
-0.5187047123908997
-3.0058553218841553
-1.4161945581436157
-2.602034330368042
-2.036992073059082
-1.9403910636901855
-3.2843997478485107
-1.1785377264022827
0.3993372321128845
-0.6875616312026978
-2.0980288982391357
0.41012057662010193
0.07933515310287476
-2.4956815242767334
-2.917712926864624
-0.6025151610374451
-4.488719463348389
-0.40905341506004333
-4.957121849060059
-3.916198492050171
-1.9346765279769897
-1.9011338949203491
-4.469903469085693
-0.54929518699646
1.4902091026306152
-1.1654871702194214
-0.7611542344093323
-0.3184068500995636
-2.017151117324829
-1.6544502973556519
1.2871856689453125
0.6473877429962158
0.008892955258488655
-1.227065920829773
-2.726783037185669
-1.2641252279281616
-0.7172898650169373
-2.0303401947021484
0.9968607425689697
1.4098109006881714
-0.7711039781570435
-1.1562975645065308
-3.446742057800293
-1.957118272781372
0.7842506766319275
-2.1766867637634277
0.1910981833934784
-0.32928144931793213
-0.3540674149990082
0.36032602190971375
0.7376475930213928
-0.32106897234916687
-2.1343836784362793
-4.007656097412109
1.1946754455566406
-3.7341861724853516
-5.080615520477295
0.9014264345169067
-4.829248428344727
-3.9573190212249756
-0.39995402097702026
-0.08064758777618408
0.5180215835571289
0.053838927298784256
-0.39731794595718384
-0.5460269451141357
0.001993143232539296
0.11424894630908966
0.1507091522216797
-1.8487287759780884
-0.1728290617465973
-0.8608255386352539
-0.6272598505020142
-2.5189778804779053
-2.811514139175415
-5.9501872062683105
1.2918224334716797
0.8813658356666565
0.3615309000015259
-3.0820534229278564
-4.789199352264404
0.08332142978906631
-0.5769063234329224
-0.012450868263840675
-1.7668675184249878
-0.9600386023521423
-2.415600538253784
-1.7158294916152954
-0.725566029548645
0.10671819001436234
-3.1968064308166504
1.31197988986969
4.271174430847168
-1.784610629081726
0.4205625653266907
-4.084462642669678
-0.5411064624786377
-0.9007694125175476
-2.671745538711548
-1.846929907798767
-0.5117765069007874
1.3789916038513184
-4.494691371917725
-0.3843899369239807
-1.5287306308746338
1.4232360124588013
-2.858189582824707
-0.7425352334976196
-2.3712193965911865
-0.9714510440826416
-0.36462023854255676
-0.3010599911212921
-2.546430826187134
0.025097668170928955
1.5662122964859009
-0.18504442274570465
-3.539238214492798
1.7342770099639893
-1.7063469886779785
-2.410653829574585
-0.39521345496177673
-2.5551180839538574
2.9237253665924072
-2.7898409366607666
0.6152195930480957
-2.8665034770965576
-0.9329350590705872
-0.5131655335426331
-0.3197110891342163
-5.5673041343688965
-1.7020198106765747
0.27667036652565
-1.259010672569275
-3.8959224224090576
-3.9555718898773193
0.4729969799518585
1.2886511087417603
-0.7562513947486877
0.8626475930213928
3.570568323135376
-2.0161221027374268
-3.904353141784668
0.13408413529396057
-0.1782560497522354
-4.014697074890137
-3.9256789684295654
-2.967355489730835
-0.3886320888996124
0.12081028521060944
-0.26232343912124634
-3.297879457473755
-2.8875460624694824
-2.259171724319458
-3.9599719047546387
-1.0990533828735352
-5.779536247253418
-6.564972400665283
-1.0578277111053467
0.5922706127166748
0.13366052508354187
-0.24677856266498566
-1.6677608489990234
-3.0901243686676025
-1.7672617435455322
0.11733707785606384
-1.5324050188064575
2.6490468978881836
-1.2117782831192017
-0.1193256750702858
-0.7066064476966858
-0.4096713662147522
0.8079352378845215
0.010264183394610882
-4.667018413543701
-0.46350228786468506
0.4217415153980255
-0.743476152420044
-0.4255144000053406
-5.484006404876709
-0.4276673495769501
-0.958897054195404
-5.145708084106445
-5.689035415649414
-2.716465950012207
-0.3450959324836731
-2.9077560901641846
-3.6404669284820557
-0.5722252130508423
0.5539646744728088
-1.7083138227462769
-4.821246147155762
0.19598273932933807
-1.366750955581665
-0.7641101479530334
-1.157188057899475
-3.251556634902954
-0.2927184998989105
-1.5441874265670776
2.065288782119751
-1.6963406801223755
-2.2725324630737305
-1.9206818342208862
-3.6311557292938232
-0.5205345153808594
-2.083632469177246
1.0725064277648926
-0.5103317499160767
-0.7298575043678284
0.456990510225296
0.6322487592697144
-0.4874408543109894
-5.263830661773682
0.6087377071380615
-4.346146583557129
-3.2179229259490967
-0.5330756306648254
-0.07655953615903854
-0.1314469575881958
0.4831339716911316
0.3125143349170685
-0.613649308681488
0.07554694265127182
-0.7654821872711182
-5.6407670974731445
-4.825727939605713
-0.14515547454357147
-3.574859142303467
-0.7300498485565186
-1.4084877967834473
-3.288442373275757
2.1167967319488525
5.42942476272583
-0.33033111691474915
0.6491439938545227
0.1308813840150833
-0.8025171160697937
-3.176271438598633
1.4171581268310547
-5.456366062164307
3.576852798461914
-2.0164589881896973
0.38092464208602905
4.025115966796875
-0.35484445095062256
1.5789169073104858
-1.8588364124298096
0.9647624492645264
0.681515634059906
3.399218797683716
-4.298070907592773
0.5110281705856323
-1.3681073188781738
-1.4852864742279053
-0.21008849143981934
0.2792510688304901
0.61749666929245
-2.0562422275543213
-0.6093742251396179
2.749474287033081
-1.405626654624939
4.274238586425781
3.9647486209869385
-0.26722168922424316
-3.40228271484375
-0.5994405746459961
-0.8068365454673767
0.2867961525917053
-0.6169948577880859
-2.129119396209717
1.3043524026870728
4.009843826293945
-0.1547122299671173
-0.24380484223365784
-3.5069944858551025
1.4007641077041626
0.04838660731911659
-1.8524166345596313
3.173175811767578
-0.12325827777385712
1.7035826444625854
0.35661956667900085
-0.14744268357753754
-0.2673919200897217
-0.4746835231781006
-0.4351094663143158
0.131204754114151
-2.524606704711914
0.3138999342918396
-0.40591561794281006
-0.2626384496688843
-2.154362916946411
0.398298442363739
6.132410526275635
-0.8624240159988403
-1.0095574855804443
-1.1792151927947998
-4.885244846343994
-0.3264214098453522
0.8836348652839661
-2.104987621307373
-1.4595295190811157
-3.026052713394165
-2.2779321670532227
-4.091191291809082
-1.4045765399932861
0.9451863765716553
-0.12428105622529984
-0.5908763408660889
-2.6129324436187744
-3.0093507766723633
-0.3746437728404999
-0.4154887795448303
1.5028445720672607
0.44007670879364014
-2.174898386001587
-1.4409350156784058
-0.15571147203445435
-0.11424774676561356
0.4115526080131531
-5.589578151702881
0.4694043695926666
-0.6079084277153015
-0.3039588928222656
-0.7702314257621765
0.15068642795085907
-0.06734868884086609
0.790956974029541
0.2442876100540161
-0.3879716992378235
-2.5281639099121094
-0.9970430731773376
-1.3523683547973633
-0.8189266920089722
0.26243841648101807
-4.5074591636657715
-1.3976510763168335
-0.8834561705589294
0.19416627287864685
0.4311475157737732
1.270287036895752
-1.6640138626098633
-0.5548185706138611
-1.5657888650894165
-2.226565361022949
-6.2088398933410645
-0.5886459350585938
-0.14219285547733307
-0.873150110244751
-0.4737907350063324
-0.06648040562868118
-0.27645277976989746
-4.2712297439575195
-1.1914352178573608
-0.4516536593437195
0.4694845974445343
-0.9101667404174805
-0.18067382276058197
2.261965751647949
-0.4949053227901459
-0.9875773787498474
-0.5118955373764038
1.1862658262252808
2.069978952407837
-0.7726296186447144
0.6551129221916199
0.6324296593666077
-2.2993898391723633
3.927899122238159
-3.1585474014282227
3.3008530139923096
0.08205325901508331
0.36384424567222595
-4.290133953094482
-0.1092972457408905
-0.33725085854530334
-1.2441397905349731
-0.941412627696991
-5.399416923522949
0.9219396710395813
2.9373209476470947
-1.9052776098251343
0.7230817079544067
0.24793225526809692
-0.4320310354232788
-4.577342987060547
-2.032719135284424
-0.5540780425071716
0.11750897020101547
-3.188109874725342
-6.194129943847656
-5.3117547035217285
1.6175345182418823
1.7774803638458252
2.9249465465545654
-0.1576501727104187
-1.1063573360443115
-0.7110356688499451
-4.187049388885498
-2.207890510559082
-0.3623201251029968
-5.935582637786865
-0.10202214121818542
-1.664473295211792
-0.27128785848617554
-0.7055999040603638
0.6348684430122375
0.46173667907714844
-5.984559059143066
-2.632251739501953
-6.3717427253723145
2.205423593521118
-2.541114091873169
0.01928219199180603
-5.836947441101074
1.046767234802246
-4.313084602355957
0.988000214099884
-3.2090201377868652
0.34129849076271057
1.9171127080917358
-1.8360331058502197
0.15643781423568726
2.3164288997650146
1.0352429151535034
-4.847837448120117
0.748824417591095
5.057549953460693
0.31892064213752747
0.07441512495279312
0.12812863290309906
-4.045859336853027
-0.07423591613769531
3.2824881076812744
0.33586376905441284
-2.3106257915496826
-0.7666549682617188
0.4397813081741333
0.961182713508606
1.1867014169692993
1.1843348741531372
2.9772777557373047
-0.8680119514465332
1.5439616441726685
1.8777908086776733
1.2177436351776123
-0.16424724459648132
0.9647117257118225
-4.30689811706543
4.618593215942383
0.03735538199543953
-0.11029478907585144
0.20967203378677368
0.8446637988090515
1.4163265228271484
2.448111057281494
3.1146504878997803
1.4405314922332764
3.7798502445220947
1.0834624767303467
1.4089936017990112
-2.142958164215088
-3.8656551837921143
4.828375816345215
0.6901387572288513
1.1095631122589111
0.19634388387203217
0.8404030203819275
6.016226768493652
0.021596267819404602
-0.2780224084854126
4.362298965454102
1.5302938222885132
-5.178438663482666
-3.0004093647003174
2.927462577819824
-2.7331526279449463
-0.6299677491188049
1.5390279293060303
-2.2911453247070312
1.2173259258270264
-0.5104134678840637
-0.2854887545108795
5.460535526275635
4.980543613433838
0.5104806423187256
5.512618064880371
-0.5884568691253662
-0.7481873631477356
1.7084606885910034
-0.11595850437879562
-0.6102621555328369
1.0971242189407349
-1.0664269924163818
-1.5802969932556152
-0.19327154755592346
0.12531214952468872
-0.9139043092727661
-4.272459983825684
-0.3649848997592926
-2.6843090057373047
-0.10610167682170868
-0.5170825719833374
-0.48443734645843506
1.2954174280166626
-2.877953290939331
-0.16706539690494537
-0.14956480264663696
-0.1410098820924759
-0.7489244937896729
0.5283913016319275
-0.646062433719635
-1.0109306573867798
0.3540751338005066
-1.3021399974822998
-0.48674917221069336
-0.539254367351532
-1.4840542078018188
-2.5745623111724854
-0.4672156572341919
-1.1166115999221802
0.13632246851921082
-1.1486316919326782
0.15049207210540771
0.22302277386188507
-0.07312328368425369
0.26807141304016113
-1.858767032623291
-0.15050731599330902
0.1154186874628067
0.2194068878889084
0.3426785171031952
1.3329358100891113
-0.29194003343582153
-1.9820884466171265
-0.3173731863498688
-3.0573272705078125
-0.996300458908081
-0.7814365029335022
-1.7472435235977173
-0.6615769863128662
-1.5616899728775024
0.014422737993299961
0.1823728084564209
-0.2305075079202652
-0.36212295293807983
-0.2854885756969452
-0.9095589518547058
-0.9525344967842102
0.20158641040325165
0.012243038974702358
0.1751154661178589
-1.2758122682571411
3.7463343143463135
-1.3098021745681763
0.03070160746574402
-4.08154296875
-0.9851480722427368
-2.5884995460510254
2.9826087951660156
-1.599617838859558
-0.9514429569244385
-1.6558679342269897
-0.09987478703260422
-2.8158388137817383
-2.1424944400787354
-0.29639631509780884
3.9252421855926514
-1.4017691612243652
-3.361304759979248
-0.9551358819007874
-0.4913228154182434
2.2588143348693848
-3.6554439067840576
0.27448156476020813
-1.5780636072158813
0.5332345366477966
0.0854349210858345
0.457974910736084
-0.007178077939897776
0.09673312306404114
-0.21638189256191254
-3.8006200790405273
-2.800396680831909
-4.479587078094482
-4.609161853790283
-0.44197216629981995
-1.1265454292297363
-1.6770215034484863
0.39422357082366943
-0.08818875998258591
0.8570069074630737
0.7990025281906128
-0.3819372057914734
-1.4316178560256958
-1.5997912883758545
-0.4319842457771301
-0.2438511699438095
2.6586050987243652
0.01363910362124443
2.6089634895324707
5.063623905181885
3.2284791469573975
-3.2973549365997314
-1.254478931427002
2.1261236667633057
2.100393295288086
0.7961252331733704
0.3872905373573303
-2.2636635303497314
-0.29625368118286133
0.6132957935333252
-4.602936744689941
-7.095804691314697
-0.7706248164176941
-0.7613292336463928
1.133699655532837
0.8291642069816589
2.5523695945739746
-2.173903465270996
0.5073803663253784
1.275824785232544
0.595499575138092
0.7103180885314941
-1.7599986791610718
0.29923099279403687
0.9179913401603699
5.71531867980957
5.8082404136657715
0.4759604036808014
4.465408802032471
3.288573741912842
-0.5434267520904541
4.311108112335205
3.0650599002838135
-0.4465081989765167
-2.510150909423828
3.1153724193573
0.23253510892391205
-3.7705233097076416
2.981682300567627
0.2028971016407013
-1.0119143724441528
0.8651809096336365
4.682464122772217
0.3873288631439209
2.739802360534668
4.039957046508789
-0.4894464910030365
0.4834645688533783
4.647162437438965
-0.5685309171676636
5.689927577972412
0.40513303875923157
2.7543282508850098
1.6938594579696655
3.3038387298583984
-0.13793329894542694
-0.725087583065033
-0.6002157926559448
3.293674945831299
-0.20367462933063507
0.7041533589363098
1.6434142589569092
1.160906434059143
1.966018795967102
0.7744840383529663
-1.798079013824463
4.0992913246154785
-3.0790340900421143
-0.48593294620513916
1.8174822330474854
0.16475407779216766
2.8403615951538086
0.7968353629112244
-1.3053816556930542
5.638519763946533
3.806809902191162
0.26957467198371887
0.09069632738828659
2.935641288757324
-2.342120885848999
5.651095867156982
-3.8791816234588623
2.8250064849853516
-0.06432802975177765
-2.2103464603424072
-0.07673539221286774
2.8477256298065186
3.1030070781707764
4.067381381988525
0.5521423816680908
-4.278304576873779
0.2102605253458023
0.08589502424001694
-0.37958934903144836
-5.9363627433776855
0.39362990856170654
0.7086425423622131
-4.0158281326293945
0.24207311868667603
-0.11326784640550613
-2.2072417736053467
-1.969079613685608
0.2753976285457611
-0.798340916633606
-2.085827589035034
5.640408039093018
3.6277384757995605
0.9700945615768433
0.302635133266449
-4.9207353591918945
0.9040560126304626
-1.7004212141036987
-6.282567501068115
1.1276469230651855
0.0714087039232254
-0.3840498924255371
-0.9541676044464111
0.577555775642395
0.8810731172561646
-0.7491271495819092
1.838366150856018
-0.8773159980773926
1.7427526712417603
0.339074045419693
-0.26599738001823425
-1.9591208696365356
-0.7246865630149841
0.013442518189549446
-1.0777530670166016
2.4626243114471436
-0.5347247123718262
-0.90211421251297
-6.259054183959961
-0.11842626333236694
-0.7459335327148438
-2.1567835807800293
-2.1336867809295654
3.087949514389038
2.828604221343994
-0.4748566448688507
0.9424521923065186
-3.322019100189209
-0.8385624289512634
-1.431149959564209
-1.0202598571777344
-1.895141363143921
-3.986999034881592
-1.5484269857406616
-2.6486544609069824
-0.2691396474838257
-2.583235025405884
-2.6193478107452393
-3.1667048931121826
-0.3131498098373413
-3.069991111755371
-3.9073774814605713
0.40597400069236755
0.23194216191768646
-4.661947250366211
-2.030543327331543
-1.0225341320037842
-0.44842371344566345
0.22050841152668
0.16969889402389526
-0.8669189810752869
-1.4943022727966309
-3.0601508617401123
-2.4296092987060547
-3.780240058898926
-1.6401208639144897
-3.828188419342041
0.5389739274978638
-0.4117750823497772
-4.368765830993652
-2.1615567207336426
-2.027336359024048
-1.370639443397522
-1.1304261684417725
0.045303866267204285
-1.9551016092300415
-0.5926481485366821
-4.587440013885498
-1.0069717168807983
-4.297842979431152
-1.3861404657363892
-2.2066454887390137
-1.3373264074325562
-1.2973653078079224
1.4775131940841675
-1.5995631217956543
-1.7721600532531738
0.019027844071388245
-1.1303119659423828
0.5223517417907715
-4.046796798706055
0.09320030361413956
-1.9835470914840698
0.28800052404403687
-0.016358772292733192
0.3955584466457367
-5.255533218383789
-2.4358813762664795
-3.902102470397949
3.622197151184082
-1.174696445465088
0.06581895798444748
-0.3954867124557495
-0.041856005787849426
0.24432697892189026
-5.498132228851318
-0.3475760519504547
-0.9674277901649475
-0.12845760583877563
0.874809741973877
3.0916857719421387
1.0929239988327026
-0.07494249194860458
-0.923857569694519
1.5809955596923828
-1.842699646949768
-0.35474473237991333
-0.5968096852302551
-0.14129610359668732
-0.24793249368667603
-5.537044048309326
0.27137020230293274
2.8266942501068115
1.345379114151001
-1.0801923274993896
0.11476624757051468
0.4813428819179535
1.3839668035507202
-3.9950082302093506
-0.9632781744003296
-0.9531506299972534
1.2769020795822144
0.25925958156585693
-3.78416109085083
0.9270291924476624
-0.2961465120315552
1.079942226409912
0.46226122975349426
4.266929626464844
0.14234982430934906
0.02611578442156315
4.868845462799072
1.2435730695724487
4.296165466308594
-0.7847815752029419
0.2853001654148102
-0.410959929227829
0.45201539993286133
-1.3450413942337036
0.18322288990020752
2.4389536380767822
3.8866775035858154
0.07180526107549667
0.2760540544986725
-1.8828548192977905
4.363229274749756
0.7009811997413635
0.07319602370262146
0.6938296556472778
1.0090934038162231
-0.567568838596344
1.152329921722412
-4.269655227661133
1.2247273921966553
-0.13745816051959991
-3.2538864612579346
-0.8246071934700012
1.150368332862854
-1.7915395498275757
2.4542148113250732
-0.7545515298843384
-2.118476629257202
0.4721537232398987
1.120116949081421
-0.5006393790245056
0.18996256589889526
-1.6220684051513672
-5.46613883972168
1.337985634803772
3.8253173828125
0.13456271588802338
-0.6071500182151794
0.07084602862596512
2.31378436088562
-0.9464484453201294
-0.23429667949676514
0.5259124040603638
1.9441369771957397
1.7111583948135376
0.34505128860473633
-0.6271886825561523
6.320524215698242
-0.15678496658802032
4.436494827270508
-2.901162624359131
0.8174480199813843
0.6439341306686401
-0.6918900012969971
1.193735122680664
-2.404013156890869
-1.1232160329818726
0.11646807193756104
-0.027346650138497353
1.7293866872787476
1.424209713935852
0.9524927139282227
0.8083416223526001
4.9722208976745605
1.4925167560577393
0.3285418152809143
6.133991718292236
2.764035224914551
0.030848560854792595
5.903101444244385
0.1765632927417755
0.17139539122581482
4.8223347663879395
-0.26369819045066833
0.1897743195295334
0.5087683200836182
1.0640019178390503
0.13892337679862976
2.594693899154663
4.505431652069092
1.3757219314575195
3.093179225921631
-2.728515386581421
1.1960867643356323
5.154937744140625
-0.1057039424777031
0.08584833145141602
2.800187110900879
6.331748008728027
-0.38672947883605957
0.8138183355331421
-0.587230384349823
2.5235393047332764
0.3337744176387787
-2.184518337249756
4.904177665710449
0.37881264090538025
-2.743454694747925
-0.8980437517166138
3.988236427307129
2.183323383331299
-3.6381301879882812
4.53535270690918
0.4147551953792572
0.3669116497039795
2.088811159133911
3.08626651763916
-3.0619466304779053
0.016413593664765358
6.598329544067383
-0.9389619827270508
5.171807765960693
-0.8515823483467102
2.951533317565918
0.8428816795349121
2.4597082138061523
-2.5191733837127686
-0.31015223264694214
3.276689291000366
-1.4079270362854004
1.415733814239502
4.240091323852539
0.24275700747966766
0.503568708896637
-0.3019185960292816
-0.6695597171783447
1.727948784828186
5.872847080230713
3.1336474418640137
2.6943094730377197
0.7727907299995422
-0.0574834942817688
-1.3612122535705566
-0.09663493931293488
1.2770425081253052
0.5465489625930786
0.8436187505722046
-0.5252759456634521
-0.4460846781730652
1.4743670225143433
0.2947026193141937
-0.5987097024917603
4.503036022186279
-0.290178120136261
-0.6216135025024414
5.398465633392334
1.0042459964752197
0.03794033080339432
0.2026226818561554
3.6435394287109375
0.5025427341461182
-2.9772017002105713
-1.0329718589782715
1.4670851230621338
-5.858713626861572
2.3786330223083496
0.6278838515281677
-0.32103464007377625
0.12143167108297348
4.506108283996582
-0.8732346892356873
0.3118995726108551
-0.16143342852592468
0.287395715713501
-0.505674421787262
4.664065361022949
0.45392680168151855
3.4063193798065186
0.08220366388559341
1.20798659324646
-0.08328887820243835
1.5345823764801025
1.2404766082763672
1.2262248992919922
0.4553360044956207
0.1949945092201233
2.2906627655029297
0.5028375387191772
3.5530025959014893
1.1341136693954468
2.7545359134674072
3.301720380783081
1.3744832277297974
5.117386817932129
3.4130096435546875
-0.7886664867401123
-1.54896879196167
0.08915530890226364
-0.2759726941585541
2.388939619064331
-2.899204969406128
1.5197702646255493
-0.752991795539856
2.6468000411987305
-1.2333824634552002
-0.5155479311943054
0.5276154279708862
3.9616663455963135
3.666480302810669
-0.5893455147743225
-0.2108299732208252
3.0125272274017334
-0.9053997993469238
2.2075581550598145
1.606682538986206
1.3769683837890625
0.19961491227149963
1.314536452293396
4.955401420593262
1.9597511291503906
0.3118351101875305
-0.3199359178543091
-0.7600728273391724
3.5905725955963135
-0.8254194855690002
6.3117876052856445
6.353515625
1.0301713943481445
-0.1713326871395111
0.5559418201446533
0.24566027522087097
6.61809778213501
0.8970643877983093
0.1411794126033783
-0.12861715257167816
-0.06602411717176437
4.831669807434082
1.1229987144470215
2.1517395973205566
0.809686541557312
2.2527379989624023
-0.9653043746948242
-1.084357500076294
0.6906111836433411
-0.23554295301437378
-0.8403103351593018
-1.5007685422897339
5.352376937866211
6.304043769836426
-4.327112197875977
-1.0452048778533936
2.0867056846618652
2.2575321197509766
0.3192841112613678
0.7576707005500793
-0.09089889377355576
-0.4025425314903259
-0.20010225474834442
0.09309989213943481
0.4026758074760437
0.21424905955791473
1.5578995943069458
6.400110721588135
-3.8558666706085205
-0.7161253690719604
4.093700408935547
1.7743476629257202
0.6135061383247375
-1.5738662481307983
-2.4176623821258545
0.6994728446006775
-0.13195796310901642
-0.03159860149025917
6.192994594573975
-2.6555023193359375
0.5747324824333191
3.2404398918151855
-0.9016031622886658
-0.3091283440589905
0.5045390725135803
0.7060599327087402
-0.07243912667036057
1.727917194366455
0.21899332106113434
-2.201230049133301
-0.0012926196213811636
-5.862726211547852
5.431614398956299
0.8604345321655273
-0.6985833644866943
2.926257610321045
4.618041038513184
2.5469024181365967
4.613672256469727
0.9309720396995544
3.3676412105560303
2.037747859954834
0.5466409921646118
1.596681833267212
1.172234058380127
0.7850801348686218
-0.19780056178569794
1.132227897644043
-3.243544101715088
-1.3434282541275024
0.4539392292499542
0.881040632724762
0.33505845069885254
3.2375099658966064
-0.6423173546791077
1.6044152975082397
1.5863572359085083
1.9331691265106201
0.15885530412197113
-2.2972524166107178
0.18149670958518982
2.8949291706085205
0.2611037492752075
3.051384925842285
5.123980522155762
3.1485772132873535
3.091052293777466
6.040411949157715
1.746175765991211
5.517448425292969
-1.6715013980865479
3.955859422683716
3.2391345500946045
-4.044792175292969
0.8386815786361694
4.355481147766113
0.43854790925979614
2.369593858718872
0.1416584551334381
3.549222946166992
1.3193556070327759
2.8920657634735107
-1.038283109664917
-0.9942347407341003
1.0611481666564941
-2.227372884750366
1.2497954368591309
0.3915915787220001
-0.3055786192417145
-0.6676415205001831
-0.07797129452228546
1.0800440311431885
5.300904273986816
-1.8260959386825562
-4.108874320983887
-0.4712691009044647
2.271817684173584
0.9441816210746765
1.305433750152588
3.4939582347869873
1.1534373760223389
-0.14030051231384277
0.9897978901863098
1.5985486507415771
-0.4946145713329315
2.0292587280273438
1.1944046020507812
1.1949158906936646
4.416366100311279
2.8225810527801514
0.19975021481513977
1.0622702836990356
3.907414197921753
-0.6557486057281494
-0.24127864837646484
0.39917516708374023
0.8554914593696594
2.292368173599243
1.2144160270690918
-0.17301425337791443
1.2652463912963867
1.8513282537460327
-0.9379714727401733
2.9791419506073
1.676777720451355
2.273439884185791
0.4157339036464691
1.1000418663024902
-0.05691494047641754
-0.4776851534843445
2.3153181076049805
2.261019229888916
2.1883864402770996
1.1146481037139893
0.17297124862670898
0.8835355639457703
2.6586527824401855
0.2334725260734558
0.7983419299125671
-0.10569623112678528
-0.5601595640182495
1.0927000045776367
-0.49063459038734436
2.2765932083129883
3.5786218643188477
1.504282832145691
2.9592397212982178
1.434574842453003
-0.4497680366039276
-0.1540360003709793
-1.0736784934997559
0.61086106300354
1.132481336593628
1.3136634826660156
3.8215491771698
-0.13099664449691772
1.2915055751800537
4.308399677276611
0.17035388946533203
0.9340241551399231
0.6300293207168579
0.19691027700901031
0.9886023998260498
1.0436750650405884
0.3712313771247864
0.9609093070030212
1.4190133810043335
2.216921329498291
2.16690731048584
-0.4034253656864166
2.187692642211914
0.7698069214820862
1.4215905666351318
3.1666412353515625
3.000073194503784
3.6542041301727295
1.42399263381958
1.926214575767517
3.2725062370300293
2.4564924240112305
1.1539363861083984
1.1112568378448486
-0.48756253719329834
0.8298238515853882
0.262746125459671
0.5131085515022278
1.1632946729660034
1.0553141832351685
0.1854940950870514
2.058666706085205
-0.4918977618217468
3.5195493698120117
3.0572962760925293
1.7581123113632202
0.8038102388381958
1.4708404541015625
4.024234294891357
0.8374406695365906
0.4121108055114746
-0.2617546021938324
0.06592900305986404
0.6538990139961243
1.4659702777862549
1.2577284574508667
1.1570491790771484
0.8660368323326111
0.48285889625549316
1.7161294221878052
3.010075569152832
2.2161827087402344
0.6708176732063293
1.595745325088501
3.705010175704956
0.6032437682151794
0.4406188130378723
0.9692939519882202
-0.887144923210144
5.040526866912842
0.14592568576335907
0.09401131421327591
1.2032572031021118
2.158311128616333
2.627418041229248
1.2336612939834595
-2.377098560333252
-5.036280632019043
-1.18130624294281
-3.313300848007202
-5.013294696807861
3.1029539108276367
0.3103896379470825
-1.2615246772766113
0.785368025302887
-2.076931953430176
-1.5979684591293335
-0.7329977750778198
-2.057516574859619
-3.7287380695343018
-0.8899191617965698
1.86408269405365
-5.031816005706787
-1.6105984449386597
-0.7879709601402283
-0.33934539556503296
-0.4601588547229767
-0.13658465445041656
-1.6038559675216675
1.0660935640335083
1.1779119968414307
-0.2518469989299774
-0.8098661303520203
-1.1681709289550781
-4.15055513381958
-2.2761425971984863
-3.027040719985962
-5.76181173324585
-2.795367479324341
0.531589925289154
-0.057181764394044876
0.09105100482702255
1.4618414640426636
-0.5727069973945618
0.5845934748649597
-0.7771101593971252
-3.5428717136383057
-3.022085428237915
-1.1398226022720337
-0.9989439249038696
-1.035987377166748
-2.9395251274108887
-1.4835805892944336
0.2219265252351761
0.2726774215698242
0.7292026281356812
-1.3568470478057861
-3.8286759853363037
5.166001319885254
-0.5922434329986572
0.6648138165473938
0.7942478656768799
0.376589834690094
3.0168094635009766
-0.36227720975875854
-0.6066200733184814
-0.3857078552246094
-0.6338222026824951
4.8144850730896
-1.3584914207458496
4.343996047973633
1.6712684631347656
0.08882107585668564
-0.36395108699798584
-0.15143093466758728
1.5080069303512573
2.4088969230651855
2.3321316242218018
1.690852403640747
2.6229398250579834
2.4673211574554443
1.7161544561386108
1.2568098306655884
0.8203682899475098
1.7400951385498047
0.5164903998374939
1.5373015403747559
0.7164967656135559
1.3006969690322876
2.0538458824157715
-0.04836432635784149
0.9847898483276367
0.07777522504329681
1.2119388580322266
0.3524087369441986
0.37880587577819824
0.670742392539978
0.763329267501831
0.1033397987484932
2.7116081714630127
-0.20647872984409332
0.9927050471305847
1.7279858589172363
0.2953476309776306
0.7065163254737854
2.6587347984313965
-0.1222287192940712
0.00018746618297882378
0.7151345014572144
-1.2101387977600098
4.989412784576416
0.05729164555668831
-0.9803236126899719
1.1638774871826172
-1.1360044479370117
2.716486930847168
0.2506866753101349
1.7073191404342651
1.9551678895950317
1.6499863862991333
0.6018906235694885
3.267077922821045
1.8713510036468506
0.7965120673179626
0.3246486485004425
0.5517748594284058
-1.7454946041107178
1.1085822582244873
1.3992148637771606
-0.6192301511764526
3.3804025650024414
4.288395881652832
0.012539536692202091
1.4953272342681885
0.8521712422370911
-1.6775906085968018
0.025743139907717705
-1.3436845541000366
-0.17298035323619843
0.72770094871521
-0.2547193467617035
-0.9972892999649048
0.042360227555036545
0.24485746026039124
-3.0467684268951416
-0.5159479975700378
-0.48104268312454224
-1.747562050819397
-2.982865810394287
-0.3404351472854614
-1.417166829109192
-2.920973539352417
0.23420508205890656
-0.8416327834129333
-1.0906089544296265
-0.30037203431129456
0.6577009558677673
-0.8009803891181946
-1.2704155445098877
-1.0084658861160278
-0.28347161412239075
-0.4479590058326721
-1.1127691268920898
-0.949260413646698
-1.4579542875289917
-2.6200802326202393
3.3189125061035156
-0.33953404426574707
-0.6370237469673157
-3.266956090927124
-2.710205554962158
-2.079686164855957
-1.6361571550369263
-0.9956079721450806
-1.3638169765472412
-2.216616630554199
-0.5403890013694763
0.8453760147094727
-1.4040231704711914
-0.58945631980896
0.42154186964035034
-1.0148746967315674
-1.1097474098205566
-1.1265779733657837
-0.3095861077308655
0.9621679186820984
0.6000819802284241
-0.10350684076547623
-2.7163169384002686
0.6767297387123108
-1.5713167190551758
-0.5123901963233948
-2.092219114303589
-0.31974494457244873
-2.2958383560180664
-3.1469531059265137
-0.1239851713180542
-0.8615111708641052
1.9480468034744263
0.15746431052684784
-1.070237636566162
0.8287714123725891
-2.102611541748047
-0.28948041796684265
-0.6363630890846252
-2.3485946655273438
-6.478269577026367
1.0554351806640625
5.528339385986328
-1.2356059551239014
2.492018699645996
-0.5388173460960388
-1.1524652242660522
0.06469470262527466
0.2514435052871704
-0.24895818531513214
-0.6529207229614258
0.8448573350906372
-4.40018892288208
0.8326679468154907
-1.5516705513000488
-3.8567569255828857
1.1738629341125488
-0.8459140658378601
-0.5843484997749329
4.098499774932861
1.9530218839645386
5.619744777679443
3.4425408840179443
-0.3046220541000366
-3.1671652793884277
-1.4680978059768677
0.27676084637641907
-5.414267539978027
-0.39520853757858276
-1.3111937046051025
-0.8409713506698608
-0.12060621380805969
3.54194974899292
-2.1097967624664307
0.06730695068836212
2.1361286640167236
-0.7608166337013245
-0.05232466757297516
-2.88596248626709
0.04712558165192604
-1.5872513055801392
1.257118582725525
2.9154295921325684
0.3627977669239044
-4.488375186920166
-1.1163710355758667
0.9674452543258667
-0.09407927840948105
3.8109679222106934
-0.8051100373268127
-1.0666728019714355
0.1871957629919052
-4.379655361175537
0.832561194896698
3.230454921722412
0.20784983038902283
1.0008341073989868
1.1149705648422241
1.217552900314331
-2.125856399536133
-0.9616743326187134
1.219724416732788
4.6660237312316895
5.1546478271484375
0.2359844595193863
2.5715160369873047
0.7363561391830444
1.2710741758346558
2.639685869216919
1.0587739944458008
2.283651113510132
1.1907979249954224
0.7345581650733948
3.3185536861419678
-0.20505495369434357
6.808788776397705
-0.97207111120224
-3.192378044128418
0.8639867901802063
0.2656669318675995
0.33364710211753845
0.9485476016998291
-0.2147957980632782
-0.9679977297782898
-2.1915056705474854
3.947968006134033
0.14641471207141876
0.4049990475177765
0.6828664541244507
0.1775551587343216
-0.9601584076881409
5.790493488311768
-0.22826015949249268
0.17185431718826294
6.00136137008667
-4.924251079559326
1.0082557201385498
-0.2811816930770874
-0.8689095973968506
0.15408878028392792
-0.2950664758682251
-0.470975399017334
0.6927919983863831
0.06120859831571579
0.3929033577442169
-6.220663547515869
-0.3098395764827728
2.6266071796417236
-5.933778285980225
1.5405305624008179
0.13052363693714142
0.2811301350593567
0.5191193222999573
0.5504607558250427
6.058776378631592
-2.497084379196167
1.8088035583496094
0.3033912777900696
0.13057366013526917
0.03366152197122574
