18.205930709838867
21.899538040161133
10.360198020935059
20.992156982421875
18.033546447753906
33.70643615722656
17.83888816833496
15.407881736755371
9.755146026611328
27.09695816040039
20.778345108032227
16.019969940185547
27.66612434387207
17.120445251464844
9.735122680664062
15.125904083251953
15.208337783813477
44.23311233520508
13.548567771911621
13.153119087219238
14.641398429870605
25.800748825073242
15.319604873657227
36.627471923828125
12.170050621032715
14.99755573272705
13.654623985290527
28.987089157104492
19.465084075927734
25.710845947265625
66.32547760009766
36.98415756225586
