6.495682239532471
5.836474418640137
6.569949150085449
5.999807834625244
8.226808547973633
7.0499653816223145
6.809373378753662
7.9746294021606445
4.5587897300720215
7.162136077880859
7.914425373077393
8.495847702026367
6.699544429779053
7.098391532897949
8.640195846557617
6.480948448181152
7.0104780197143555
7.231175422668457
8.247980117797852
7.436078071594238
5.461414813995361
6.994941234588623
6.845669269561768
5.857542991638184
6.934704303741455
9.778461456298828
6.631521224975586
6.753908157348633
6.772862911224365
8.277877807617188
7.301927089691162
7.757985591888428
6.856400966644287
7.233894348144531
9.335572242736816
6.467129230499268
8.955795288085938
8.298730850219727
5.075806617736816
5.237304210662842
5.588938236236572
8.150086402893066
8.059585571289062
6.203005313873291
7.06782341003418
7.224727153778076
6.132527828216553
6.699079513549805
7.608783721923828
6.809502601623535
6.237138748168945
6.953242301940918
6.601656913757324
6.037240982055664
7.326614856719971
7.430663108825684
6.855803489685059
5.583006381988525
7.682857513427734
5.9117431640625
8.434314727783203
8.680658340454102
7.1712141036987305
7.59266996383667
