0.001871932065114379
0.0022339043207466602
0.0028173914179205894
0.002014896832406521
0.0026514858473092318
0.002032474847510457
0.0022129931021481752
0.0029577219393104315
0.002352932235226035
0.002731023356318474
0.0020307295490056276
0.0023951400071382523
0.00257879844866693
0.0019085240783169866
0.0019026310183107853
0.0022309015039354563
0.002254161983728409
0.0019499097252264619
0.0026090177707374096
0.0029528748709708452
0.0021183164790272713
0.0022802280727773905
0.0024168724194169044
0.0027724001556634903
0.0027561497408896685
0.002373495139181614
0.0019562323577702045
0.002298026578500867
0.0016244907164946198
0.0020826049149036407
0.0019380940357223153
0.002343568718060851
0.0025789812207221985
0.0029647296760231256
0.002249037381261587
0.00197863788343966
0.0023246926721185446
0.0013990047154948115
0.002558866050094366
0.003178661223500967
0.002006005961447954
0.0023293267004191875
0.0020450023002922535
0.0017929699970409274
0.001997001701965928
0.0018661417998373508
0.002250740770250559
0.0031841914169490337
0.0020226798951625824
0.0020663959439843893
0.0028020604513585567
0.002241235924884677
0.002048563677817583
0.0026661076117306948
0.0022250900510698557
0.0013957259943708777
0.002578897401690483
0.00212970026768744
0.003657597117125988
0.0019041787600144744
0.0026427500415593386
0.002214462496340275
0.003047118429094553
0.0017135468078777194
