1.4033823013305664
0.6060460209846497
0.644919753074646
0.7692314982414246
1.0779852867126465
0.5910187363624573
0.7369074821472168
1.6005911827087402
0.22672487795352936
0.33670562505722046
0.8587351441383362
0.1752774566411972
0.3530101180076599
1.313650131225586
1.389694333076477
0.59912109375
0.5030845999717712
0.48275697231292725
0.238091841340065
0.24227464199066162
0.8824547529220581
0.5137909650802612
2.044365406036377
0.4500563144683838
0.5329719185829163
0.3006947636604309
1.9608548879623413
0.8958863615989685
1.6198650598526
1.7957614660263062
0.85420823097229
0.8060106635093689
