2.3969788551330566
1.6366950273513794
-0.5107302069664001
0.46367454528808594
0.7966015934944153
-0.6990780234336853
-1.792896032333374
1.8472353219985962
0.970625638961792
-4.732188701629639
-2.7349088191986084
-1.594915509223938
-1.813248872756958
-0.33385464549064636
1.3633310794830322
-1.262973427772522
-2.60471248626709
-0.7305327653884888
-0.31545037031173706
-0.8563066720962524
-0.8847656846046448
-5.8486456871032715
1.3132292032241821
-0.1497972160577774
1.4592089653015137
4.17542028427124
-0.0365598164498806
-4.020183563232422
1.14984929561615
-2.1703243255615234
-1.3592019081115723
-0.3755132555961609
-0.29165342450141907
-1.8999474048614502
-1.4646412134170532
-2.8470113277435303
-0.5630003809928894
-4.466220378875732
1.8275527954101562
-2.5358052253723145
-0.3783126771450043
-2.1049437522888184
-0.3154582977294922
-1.232003927230835
-1.8258658647537231
-4.119729995727539
-2.63315486907959
1.2824277877807617
3.0996904373168945
0.8963673114776611
1.790570855140686
-0.025719638913869858
0.3794141411781311
-0.15367937088012695
0.2632220983505249
0.4664042592048645
-0.08643895387649536
1.995287299156189
-1.6221497058868408
-1.1821092367172241
-5.53127908706665
2.764234781265259
-1.1745725870132446
4.128713607788086
0.5632201433181763
-0.11029582470655441
2.5469231605529785
-0.38724708557128906
-1.3532721996307373
3.0726702213287354
-4.539042949676514
0.8933970928192139
2.02685284614563
-3.982989549636841
-0.30024540424346924
-0.10248652845621109
-1.2746626138687134
4.273105621337891
0.8214019536972046
1.7761225700378418
0.3462183177471161
-0.0027617081068456173
0.9000933766365051
0.19222058355808258
-1.2613564729690552
0.039949968457221985
2.0783891677856445
0.16734157502651215
0.7593700885772705
0.31785476207733154
0.48460984230041504
-0.3956819772720337
0.12872028350830078
-3.571429491043091
0.45865505933761597
-0.029850373044610023
1.6295835971832275
5.4541425704956055
-5.23991060256958
-5.993707180023193
-3.807670831680298
-3.6213138103485107
-5.105415344238281
-2.71838641166687
5.4337921142578125
-1.0875540971755981
-1.9679216146469116
-0.45779284834861755
-0.11548507213592529
-0.6602823734283447
1.6574606895446777
3.214444398880005
5.220993518829346
0.8105653524398804
0.2733197510242462
-0.3181416392326355
0.45508429408073425
0.7965008020401001
-2.4311625957489014
-0.11975372582674026
-4.303243637084961
2.5167148113250732
0.16287927329540253
-3.354257106781006
-5.535304546356201
-2.0688161849975586
-3.1474127769470215
0.8144599199295044
1.2275341749191284
-1.7250211238861084
3.8346705436706543
1.364994764328003
-2.6952857971191406
4.686611652374268
-0.673646867275238
2.071168899536133
3.1382880210876465
-1.0462830066680908
1.2481087446212769
-2.1875531673431396
3.3297321796417236
-5.944241523742676
1.7811707258224487
1.4447989463806152
2.2865805625915527
-1.1172146797180176
1.225019097328186
-3.369598865509033
1.2172108888626099
-1.1147195100784302
0.9935108423233032
-0.4867844879627228
-2.7214086055755615
-2.308032512664795
1.167502760887146
0.3274204432964325
-0.4011727273464203
-3.1813652515411377
-0.673156201839447
1.2724889516830444
-4.1525373458862305
1.4603383541107178
-0.8825828433036804
1.199819803237915
-5.746971130371094
-1.7115898132324219
-3.2156128883361816
2.938275098800659
4.562770366668701
-1.741666555404663
-0.9953448176383972
5.499172687530518
3.430539131164551
-0.020852847024798393
4.9632391929626465
1.6546344757080078
0.8589376211166382
-1.0764964818954468
-1.7110031843185425
5.3078413009643555
-4.326727867126465
4.35699462890625
0.2079988569021225
4.450080394744873
1.3575180768966675
1.8569411039352417
1.4938573837280273
1.5400806665420532
2.8646090030670166
-0.5831595063209534
-0.39877650141716003
-2.2146520614624023
0.34471482038497925
-0.23386764526367188
-1.9389108419418335
-6.113069534301758
-3.846823215484619
1.2052265405654907
3.8993897438049316
5.827128887176514
-1.0378563404083252
-3.1224770545959473
1.3782014846801758
0.06721964478492737
-0.41430580615997314
1.9804240465164185
3.1973283290863037
0.16071856021881104
2.8180506229400635
0.26598361134529114
5.997984409332275
0.11068004369735718
-3.5304930210113525
5.5786027908325195
-4.075595378875732
-0.5318741798400879
-1.5524173974990845
1.0234639644622803
-0.7931832075119019
0.04550695791840553
-0.1087367832660675
-6.129047393798828
-0.7782005071640015
-0.04818227142095566
-0.6893877387046814
-1.5765814781188965
-2.099608898162842
0.1952812671661377
0.18074175715446472
-1.5778663158416748
0.024702539667487144
-1.1308192014694214
-0.7068479657173157
-0.12237019091844559
4.132446765899658
-0.1285727322101593
0.6498550176620483
-0.9574376940727234
0.2942289710044861
-0.7546309232711792
5.3010573387146
0.37642768025398254
0.25945380330085754
0.5152181386947632
2.188535690307617
0.6907963752746582
-0.499607115983963
0.5960848331451416
-2.9354636669158936
-4.145692825317383
-1.16313898563385
-2.624249219894409
-3.2706964015960693
-2.6405742168426514
-0.5113251209259033
-1.4117497205734253
-3.1409380435943604
-6.434744358062744
-4.299986839294434
2.3961496353149414
1.1268998384475708
0.006960772909224033
0.35287418961524963
0.7855172753334045
0.9674742817878723
-0.2751423418521881
-0.10525095462799072
0.4135265648365021
-0.03286760672926903
3.0049564838409424
-0.13956975936889648
0.5851489901542664
1.7376329898834229
0.24409538507461548
0.34352099895477295
0.943506121635437
0.023848731070756912
-4.186154365539551
-0.7380626797676086
-0.46061038970947266
-4.074923038482666
-1.7308932542800903
-1.3864271640777588
-5.920402526855469
-1.2407140731811523
-4.194876670837402
-0.15531568229198456
-1.5287582874298096
0.3371722996234894
-1.8179113864898682
0.32740575075149536
-0.28718045353889465
4.422323703765869
-4.673166275024414
-0.3046287000179291
-2.0925652980804443
-2.221489667892456
2.180100679397583
1.2135108709335327
-3.0277457237243652
-1.8302593231201172
1.2176748514175415
-0.49580156803131104
0.27583014965057373
-6.0352911949157715
2.467662811279297
0.7873318791389465
0.2563467025756836
-5.910675525665283
-0.20298925042152405
-4.359020233154297
4.182351112365723
3.9792110919952393
5.343945503234863
0.40086057782173157
1.725108027458191
2.9201033115386963
4.337436199188232
4.462249279022217
5.884742736816406
-0.09122137725353241
-3.5103259086608887
-0.6875379085540771
-1.244767189025879
-1.423048973083496
2.2804996967315674
-3.2792201042175293
-1.8533490896224976
-1.324579119682312
-1.5668213367462158
-3.516103506088257
-2.1768798828125
-1.9271429777145386
4.992626190185547
0.005816458258777857
1.3468939065933228
-0.4802877902984619
0.5766254663467407
0.5181431174278259
0.08522699028253555
0.02263137698173523
-0.9278856515884399
-0.4975007176399231
-1.5357235670089722
-0.19881296157836914
0.04568849503993988
-0.4550236761569977
0.3618989586830139
-0.9206567406654358
-3.2258572578430176
-1.0780593156814575
0.12419740855693817
-1.7902594804763794
-1.7660828828811646
-4.904232978820801
-0.12122248858213425
-0.1069716140627861
0.9749040603637695
-2.939761161804199
-2.258998394012451
2.0323615074157715
1.8099138736724854
-5.359380722045898
-0.24284520745277405
0.44796398282051086
-0.14038318395614624
-0.9020121097564697
1.9148939847946167
0.4047028124332428
-0.8796840310096741
-0.7168475389480591
2.624573230743408
1.3080384731292725
0.4851367473602295
-5.623303413391113
1.7947514057159424
-2.6814286708831787
2.0626797676086426
-0.913843035697937
2.4620702266693115
1.09739351272583
3.864246129989624
4.129181385040283
-0.011727340519428253
-0.9423202276229858
-0.8800478577613831
1.3756349086761475
-0.7556223273277283
1.7305413484573364
1.0446436405181885
-0.25390225648880005
-2.1037211418151855
-2.6377763748168945
-4.868356227874756
-0.30731073021888733
-3.792344331741333
0.47860535979270935
-5.1306352615356445
-0.9770368933677673
-1.0195335149765015
-3.521061420440674
5.4236273765563965
-5.378361225128174
-6.017813682556152
-5.526623725891113
-2.5204362869262695
-4.423739910125732
0.6563093066215515
3.72835111618042
2.5719375610351562
-3.2441446781158447
5.505791664123535
2.9398791790008545
1.581180214881897
5.656495094299316
6.091629505157471
3.506181478500366
1.2834280729293823
3.0527889728546143
-1.0055490732192993
1.1697741746902466
-2.878412961959839
3.1284396648406982
-1.4955081939697266
1.7068333625793457
-5.242677211761475
2.283691644668579
-4.903224468231201
-0.10122256726026535
-0.07189928740262985
-2.640214204788208
1.9041540622711182
-0.40155094861984253
-1.943245768547058
-2.5114359855651855
0.4971529543399811
-4.15757942199707
3.2897768020629883
3.4142258167266846
3.9388341903686523
-1.3569525480270386
-1.2955162525177002
0.5279539823532104
-0.23245935142040253
0.01964142546057701
3.6800930500030518
1.1549893617630005
1.3656224012374878
4.37472677230835
4.322084903717041
3.6672818660736084
-8.9248046875
0.4063006043434143
-2.0206527709960938
-0.292869508266449
1.1024281978607178
-0.136892169713974
-1.158473253250122
-0.18572872877120972
-1.2006324529647827
-4.974329948425293
-1.0649853944778442
-1.6681472063064575
4.314514636993408
-1.2096799612045288
-1.790847659111023
3.9774367809295654
-1.3732744455337524
-2.004220962524414
2.7089297771453857
-3.2436952590942383
-2.0770606994628906
0.6971387267112732
1.2820570468902588
1.8816616535186768
-0.3621414303779602
0.12583784759044647
-5.772152900695801
-0.5916197896003723
0.16436609625816345
-2.9860105514526367
-1.2635166645050049
-0.18121440708637238
1.1169284582138062
-2.3735995292663574
-2.1731951236724854
1.4920389652252197
-4.854612350463867
0.5100519061088562
1.1731524467468262
5.117086410522461
-0.8270834684371948
-2.508260488510132
0.07815530896186829
-3.676089286804199
0.9853388071060181
-3.6617674827575684
-0.37416738271713257
-5.282242774963379
2.5595967769622803
-5.104148864746094
2.3936917781829834
-3.2261359691619873
-0.5549353361129761
-0.9695060849189758
-0.6635996103286743
0.7703367471694946
0.16089192032814026
1.444348931312561
3.092052698135376
4.667436599731445
2.8928146362304688
-5.1838860511779785
-6.121769905090332
2.0426511764526367
-3.18503999710083
1.0935277938842773
-0.10401884466409683
2.0560953617095947
4.898180961608887
2.700397253036499
2.26326322555542
0.2835322916507721
4.263974189758301
-1.1156895160675049
-0.3488354980945587
-1.1054668426513672
-3.1355159282684326
-0.23674841225147247
0.4598890244960785
-0.8834704756736755
0.11795277893543243
0.16422580182552338
-2.084843873977661
1.6031900644302368
-0.45808786153793335
-5.617400646209717
-4.053605079650879
-0.5650201439857483
-5.734385013580322
1.1261615753173828
-3.641772985458374
0.2284366488456726
0.14828373491764069
-2.2974693775177
-0.7946357131004333
-0.26634034514427185
-1.0451411008834839
-1.10126793384552
-3.4606006145477295
-2.7804057598114014
2.666015386581421
-4.456003189086914
0.6367565393447876
1.6798794269561768
-1.2430930137634277
1.2407304048538208
-1.7807867527008057
2.8587534427642822
-0.9996280074119568
3.1151978969573975
-2.049839973449707
6.358176231384277
-1.3224468231201172
0.9517342448234558
-2.8813931941986084
2.8162877559661865
0.6481944918632507
-3.283188819885254
0.08665050566196442
3.4391329288482666
-3.9361178874969482
-0.5483003258705139
-0.9442231059074402
-3.80355167388916
0.7708684802055359
0.051793839782476425
-4.480224609375
-0.8885365724563599
0.5017093420028687
-0.4992917776107788
-2.2079169750213623
-3.667224884033203
0.5977405905723572
1.6049412488937378
1.1076924800872803
-4.253112316131592
0.5748893022537231
-2.3950772285461426
4.404064655303955
-0.4174695312976837
0.5467681288719177
-1.7040399312973022
-0.07088681310415268
0.2338198721408844
0.3863634765148163
0.32083237171173096
0.9365513920783997
0.3644791543483734
-1.6302804946899414
-0.5785939693450928
-0.10190344601869583
0.9318968653678894
0.16706806421279907
0.2104630172252655
-2.800915479660034
-0.3242895305156708
0.5014490485191345
1.7603046894073486
-5.082261085510254
0.8094297647476196
5.675398826599121
3.7702901363372803
5.593227386474609
0.5828890204429626
-1.3720066547393799
-2.7172787189483643
-3.076566696166992
-4.885068893432617
0.13439197838306427
-2.09672474861145
-2.34987473487854
-0.5549533367156982
-3.5970447063446045
-0.26019445061683655
0.5537630319595337
0.3391379714012146
-0.9556640386581421
-0.35560935735702515
-1.630197286605835
-0.42382651567459106
0.5287348031997681
-1.1497293710708618
-0.6975112557411194
1.6815541982650757
2.1274898052215576
2.4391653537750244
-0.4278349280357361
-1.4509819746017456
-0.6944540739059448
-3.7972917556762695
-0.27010631561279297
1.1846994161605835
-0.23472441732883453
4.0168585777282715
0.813859224319458
-0.06025740131735802
-1.793573260307312
-4.169177532196045
0.018286172300577164
-1.0349065065383911
-2.46247935295105
-0.1670880764722824
-5.465821743011475
-1.0565530061721802
0.01513733621686697
-0.13352130353450775
2.7950785160064697
-0.8053202033042908
-0.7439662218093872
0.10429384559392929
0.14354723691940308
1.3161942958831787
0.9961252212524414
3.832751989364624
2.368910312652588
-5.522851467132568
0.16847650706768036
-0.5123751759529114
0.29646384716033936
-0.1995863914489746
6.074629306793213
-0.6362130045890808
-1.9028165340423584
-2.074932813644409
-1.8146923780441284
0.3657341003417969
-0.590253472328186
-1.6907284259796143
0.9317126870155334
0.8136135339736938
-2.9688966274261475
0.11344458907842636
-1.6688826084136963
-5.603888034820557
0.2596583068370819
-3.8002524375915527
0.3978169858455658
0.421648770570755
3.6709465980529785
0.954397439956665
-4.887348651885986
-1.4700506925582886
0.554053783416748
3.3640201091766357
2.7067439556121826
0.4841115474700928
0.06026173010468483
-3.9886674880981445
-1.7221944332122803
0.22700761258602142
0.9559711217880249
-0.8103923201560974
1.1476296186447144
4.814723014831543
2.7570314407348633
-0.26205435395240784
-1.8387508392333984
-0.5976418256759644
-1.054970383644104
-5.266735553741455
-0.25222650170326233
-0.4571303427219391
3.0781004428863525
-5.760727882385254
-0.4165765643119812
-2.8822340965270996
0.694767951965332
2.024178981781006
-0.21291087567806244
3.5742433071136475
0.03593584895133972
-0.5647278428077698
2.7555246353149414
4.688039302825928
-0.1461775153875351
4.065624237060547
-2.1163077354431152
3.2437825202941895
3.0803871154785156
1.238630771636963
-0.9627107977867126
0.4961163401603699
-6.707098484039307
0.14328230917453766
2.161461591720581
-0.4008227586746216
2.7806472778320312
1.5420269966125488
-0.6644240617752075
-0.3765670359134674
0.032311514019966125
-0.6961895823478699
0.9434084892272949
0.6901639699935913
0.313905268907547
0.8281974196434021
-0.0322156623005867
-0.17368528246879578
0.13812045753002167
-0.8372313380241394
-2.6062302589416504
-1.7193852663040161
-5.0452704429626465
1.379876732826233
0.03087605908513069
-2.0918028354644775
0.53899085521698
2.075108289718628
2.139544725418091
-1.898520588874817
-0.8772308826446533
3.462855100631714
2.9564871788024902
2.9780561923980713
1.8979873657226562
-0.5962465405464172
3.2210004329681396
-5.225427627563477
-2.7994213104248047
-1.9421855211257935
3.0986921787261963
-4.664737224578857
-2.5417861938476562
-2.423870325088501
3.3566510677337646
4.624933242797852
2.6442275047302246
-3.114245891571045
0.2824176847934723
3.7753853797912598
0.20562998950481415
4.77495813369751
-3.0520381927490234
0.5170592069625854
0.7865742444992065
-0.44299405813217163
0.46567294001579285
0.049561209976673126
-3.9669861793518066
-0.03622223809361458
2.5315158367156982
-2.2154972553253174
3.659259796142578
-0.7109580636024475
0.3981887996196747
0.001771691837348044
2.0276341438293457
-2.4479804039001465
1.5981026887893677
1.2637176513671875
-0.4876098036766052
-0.2561952471733093
0.7775940299034119
2.207062244415283
-3.5957181453704834
4.204124450683594
-0.7170155048370361
-4.076740741729736
-4.1979289054870605
-1.1994102001190186
0.03084397315979004
-0.5337361693382263
-5.025562286376953
-3.127136707305908
-0.291152685880661
2.6335091590881348
0.6410943865776062
3.950761318206787
-1.1856826543807983
2.5741162300109863
2.2879257202148438
2.220691204071045
1.5899609327316284
-3.6706414222717285
-6.453396797180176
0.3128543794155121
-5.42717981338501
-4.969545364379883
0.5498561859130859
0.22803716361522675
0.9504600167274475
0.4925130307674408
0.29060596227645874
0.10022453963756561
-0.016151148825883865
-5.459192752838135
-0.04428466036915779
1.0413200855255127
-0.06612955033779144
3.9653429985046387
-0.23661257326602936
-4.308221340179443
-1.8402975797653198
2.704284906387329
2.3291873931884766
0.8471028804779053
1.1865485906600952
0.5327481031417847
0.399209201335907
0.2906365394592285
-0.09874144941568375
-0.6741690039634705
-1.0972974300384521
0.5263935327529907
-0.12225926667451859
0.9347094297409058
0.021921230480074883
-0.2892553210258484
-0.1497257798910141
-1.2529330253601074
-2.7779808044433594
-0.4045349359512329
0.5281475186347961
0.7058896422386169
1.789363980293274
-2.90934681892395
-5.457304000854492
-3.2321791648864746
-5.52699089050293
0.03386491537094116
5.392238140106201
2.8346848487854004
-3.8464090824127197
4.785391330718994
-1.382736325263977
2.0768346786499023
1.0923945903778076
-0.1375301629304886
-2.6741349697113037
4.963967800140381
1.8022090196609497
0.44000568985939026
1.6330159902572632
2.821385622024536
1.9429467916488647
-1.1122997999191284
-0.10157094150781631
-5.873321056365967
-2.6662237644195557
-0.449859619140625
-5.781982421875
-5.51526403427124
-6.03760290145874
-3.9799067974090576
-1.6108492612838745
-0.382927805185318
0.1848931461572647
3.2068464756011963
-0.6415010690689087
-2.5384554862976074
5.262048244476318
-2.1208136081695557
3.612542152404785
1.9541376829147339
0.7244738340377808
3.3547494411468506
1.970786690711975
2.2422211170196533
-3.1746535301208496
1.8379510641098022
0.15826015174388885
-1.683250904083252
-0.3039218783378601
-1.3807939291000366
-1.5847162008285522
-0.7924436330795288
-1.3006082773208618
1.0299535989761353
0.06393562257289886
-0.3286895751953125
-1.5018260478973389
2.12581729888916
0.10452524572610855
-0.10851605236530304
0.5433533787727356
0.6863188743591309
0.5366012454032898
-5.261269569396973
2.3107595443725586
-0.09334985911846161
1.087525486946106
-5.333693504333496
0.18079690635204315
-3.3097362518310547
-0.3732081949710846
5.683528423309326
3.8898887634277344
-0.3167637884616852
5.3281989097595215
3.469332218170166
1.7086955308914185
4.986708641052246
2.630206346511841
-2.9039106369018555
-4.462892055511475
-2.7364537715911865
4.741116046905518
-2.8663504123687744
3.4927217960357666
1.8329474925994873
-0.0941699892282486
2.7852911949157715
2.9949405193328857
1.6211048364639282
4.316150188446045
3.221567392349243
-0.0067716725170612335
2.1560330390930176
1.533272385597229
0.42805615067481995
1.0414445400238037
3.066662549972534
-4.78322172164917
-4.064484119415283
3.349294424057007
3.5772602558135986
5.04329776763916
1.6809943914413452
-1.6907132863998413
2.458698272705078
-0.4327066242694855
1.26816725730896
-0.3044453561306
3.479280471801758
-1.3382997512817383
-1.3441320657730103
-2.539597988128662
4.125291347503662
1.4203904867172241
-4.117535591125488
5.095712661743164
-3.172746419906616
3.2867536544799805
-0.4069152772426605
-2.5180580615997314
-0.980924665927887
0.07757464796304703
1.0206894874572754
-5.651342868804932
0.6640114188194275
0.3415623903274536
-2.8273122310638428
0.10470733791589737
-3.3026812076568604
-0.37511155009269714
-2.994818925857544
1.5717772245407104
-0.5686874389648438
-3.3528494834899902
3.0403120517730713
-0.07907380908727646
0.7534753084182739
1.1844991445541382
4.033542633056641
2.3181614875793457
2.6275975704193115
3.9507131576538086
-4.299419403076172
1.9429725408554077
-5.9931135177612305
1.025216817855835
-5.62851619720459
0.49546605348587036
-2.4887053966522217
3.1127841472625732
3.7189016342163086
2.2566733360290527
-2.660261392593384
5.589237689971924
3.7052931785583496
0.10882721096277237
5.893596172332764
5.950608253479004
2.5504026412963867
-8.655308723449707
5.944422245025635
3.076754331588745
6.667847156524658
-2.763148307800293
4.408529281616211
1.2942434549331665
-1.7760530710220337
-6.376002311706543
1.3411434888839722
-6.328856468200684
-5.079000473022461
0.18775872886180878
-6.278203010559082
-6.379116535186768
-0.29155832529067993
0.3906885087490082
0.33429664373397827
0.8430514335632324
0.1053464412689209
0.01941419392824173
-1.8236995935440063
3.0488216876983643
-2.5765950679779053
1.1818983554840088
0.3209092915058136
0.7778171896934509
-0.3707974851131439
-0.706512451171875
0.35008475184440613
3.777963161468506
1.5741376876831055
0.15596584975719452
-0.4884708523750305
-1.1088663339614868
4.792291164398193
-3.05993914604187
2.572497844696045
-2.398094892501831
-5.803018093109131
-2.266582489013672
1.6223537921905518
-3.4452760219573975
-0.8978371024131775
1.1938432455062866
3.350098133087158
-0.24561987817287445
0.0029224101454019547
-0.3728630244731903
5.380244731903076
-0.3588394224643707
-0.19102250039577484
2.290004014968872
-2.3793675899505615
-2.432441234588623
-2.3262743949890137
0.053879860788583755
1.249050259590149
-1.5213375091552734
-1.7708854675292969
-0.6124035716056824
-0.5409448742866516
-0.5887717604637146
4.09528923034668
-2.2457735538482666
-0.07752364873886108
-2.0196471214294434
-0.4857417345046997
-0.9717250466346741
3.8030753135681152
-3.558032751083374
0.2589683532714844
-2.5243191719055176
-5.732221603393555
-4.584685325622559
-1.7158739566802979
2.6892881393432617
-4.853081703186035
-3.798435926437378
0.8447811007499695
-0.24661970138549805
-0.3886948227882385
-0.23320432007312775
-0.05341993272304535
-0.12917686998844147
-0.6172963976860046
0.04226306825876236
0.24298200011253357
-0.03071708232164383
-0.25322598218917847
0.2952651381492615
-0.03708653524518013
-2.081453561782837
0.015474913641810417
-1.0790972709655762
-0.9177722334861755
-2.723212242126465
1.680787205696106
-3.2854785919189453
2.7404956817626953
-4.790848255157471
4.972483158111572
5.827267169952393
-0.10513272881507874
-0.17918643355369568
1.8442341089248657
-0.365667462348938
-0.20195642113685608
2.267526626586914
-1.555477261543274
-1.5827181339263916
1.2673355340957642
-0.4285150468349457
-1.3703372478485107
2.9823062419891357
4.006209850311279
1.9042540788650513
-4.434635639190674
0.4363565444946289
-5.327575206756592
0.10113918036222458
0.38558894395828247
-1.4630576372146606
-0.8045658469200134
-0.44237852096557617
4.425759792327881
-2.796700954437256
0.835867702960968
0.1972685009241104
-1.2409738302230835
-1.3626893758773804
-1.2425616979599
3.589662551879883
-2.297283411026001
2.191884994506836
-2.924283504486084
-2.665086030960083
2.4584035873413086
-0.12493470311164856
-0.09374000877141953
-0.28210246562957764
0.3307797610759735
-1.4577585458755493
2.4756383895874023
4.954607963562012
1.1348971128463745
-6.000638484954834
-3.741445779800415
-2.0989036560058594
-1.189324975013733
-3.0850629806518555
2.1450603008270264
-3.933685541152954
-1.6062700748443604
-5.2293314933776855
0.30152496695518494
0.28137409687042236
0.2430010437965393
-2.0927984714508057
3.688061475753784
1.3890376091003418
4.3186354637146
1.2437347173690796
2.3769237995147705
-1.7121150493621826
3.998194694519043
0.9689393043518066
4.986081123352051
0.660149335861206
2.2961010932922363
-3.3875679969787598
0.5060701966285706
-0.1377849280834198
-2.6925299167633057
2.4592185020446777
2.6203768253326416
-0.7128860354423523
1.85384202003479
1.6815773248672485
1.3944755792617798
2.9150962829589844
4.920901298522949
-0.9609699249267578
-0.3496052026748657
-1.3676835298538208
1.7908532619476318
-0.5627177953720093
-1.240436315536499
3.705557107925415
-3.8737659454345703
-1.1301006078720093
5.905418872833252
6.068119525909424
3.9601893424987793
-11.678757667541504
2.124734401702881
-1.0686781406402588
-1.7247973680496216
2.1096699237823486
1.5682501792907715
-4.898728847503662
1.6954526901245117
-2.9705417156219482
-5.810152053833008
-1.3249396085739136
-3.984654188156128
-0.4048018157482147
-3.139770746231079
-1.8451168537139893
0.0974513590335846
-0.40926608443260193
-0.59843909740448
1.600387692451477
0.6009511947631836
1.4639991521835327
-1.4644439220428467
-1.3100355863571167
2.0806775093078613
1.33122980594635
-0.27047914266586304
-5.351533889770508
-2.5355896949768066
-3.081313133239746
5.049439430236816
-1.9985872507095337
3.4867517948150635
0.921548068523407
5.3874640464782715
1.4672931432724
2.6780874729156494
-10.164667129516602
-0.0848270058631897
-2.261462688446045
2.87273907661438
-4.940946578979492
-5.420274257659912
1.3951696157455444
-6.157968521118164
-0.043147630989551544
0.5500743389129639
-6.1526198387146
1.5217031240463257
3.97471284866333
2.689840793609619
0.6600406765937805
3.7199134826660156
-2.7820565700531006
0.2714616060256958
-4.7115607261657715
1.8892667293548584
-0.47702115774154663
-2.4448678493499756
0.11254847049713135
-2.151282548904419
0.06302618235349655
-3.0488715171813965
-4.101054668426514
2.3538084030151367
0.11801732331514359
0.5547643303871155
2.0162856578826904
-0.9098629355430603
2.896744728088379
-0.30163127183914185
-2.5653481483459473
0.20384839177131653
-5.587902545928955
-5.377498626708984
-1.2901036739349365
0.9968067407608032
-6.7980546951293945
-0.31486034393310547
-2.0728707313537598
0.021185826510190964
0.6940730810165405
-0.8672450184822083
1.8647615909576416
0.16961243748664856
3.1068625450134277
-0.2077832669019699
-3.4803860187530518
-0.07781249284744263
2.3185107707977295
-0.589187502861023
1.8766624927520752
0.36920687556266785
3.5588696002960205
-2.4264755249023438
1.0036319494247437
0.07535258680582047
0.2603575885295868
-3.445054531097412
-0.8519513010978699
-3.0665812492370605
1.431875228881836
-3.485433340072632
2.9565179347991943
2.947119951248169
3.051886796951294
4.41054630279541
-1.672345757484436
3.2107884883880615
0.5283911228179932
-4.054435729980469
1.4042683839797974
4.165171146392822
0.06521011143922806
-1.0050559043884277
1.5003706216812134
-2.508577585220337
5.616843223571777
0.06193463131785393
5.868288516998291
-0.5470128655433655
3.142082691192627
5.815947532653809
-0.40640580654144287
0.2881626486778259
3.4380321502685547
2.5061357021331787
0.1923067420721054
-1.0706580877304077
0.6032558679580688
0.21076641976833344
-2.857725143432617
-0.6699219942092896
-2.706329345703125
-3.1400840282440186
2.784287929534912
-6.202383518218994
-3.6230947971343994
-0.36611664295196533
0.16103725135326385
-0.26879647374153137
-3.7241432666778564
0.28878459334373474
0.3173990249633789
-0.2571626901626587
0.4300193786621094
0.30007532238960266
-1.0892401933670044
0.06798442453145981
-0.8354902267456055
0.25979748368263245
-0.17837755382061005
-0.05028987675905228
0.01691606268286705
-0.4729643166065216
-2.573155403137207
0.6663768291473389
-0.11404801905155182
-1.2625364065170288
-2.4146342277526855
1.641992449760437
5.5014519691467285
-0.1486327201128006
2.2356534004211426
1.3152498006820679
5.907293796539307
-3.097140073776245
0.4586489796638489
-2.625577926635742
2.490601062774658
0.10242744535207748
0.99106365442276
4.149415016174316
-0.5863174200057983
-2.574634552001953
0.13829074800014496
1.5965423583984375
2.7370378971099854
-0.0893939658999443
0.7452863454818726
0.007958287373185158
-0.8640913367271423
-1.0617176294326782
2.038546085357666
0.29477447271347046
0.7508580088615417
4.022016525268555
-1.7337249517440796
-1.8099749088287354
-1.0610809326171875
1.13538658618927
1.7443137168884277
-2.7660367488861084
0.40873247385025024
2.732285976409912
3.474564790725708
-1.1620463132858276
-1.4112573862075806
-2.2932257652282715
-4.917402744293213
2.4652462005615234
-0.0030676110181957483
-0.38115110993385315
-0.06553875654935837
0.22511562705039978
-0.14334581792354584
0.23408612608909607
2.654278039932251
2.2168893814086914
-1.4915355443954468
2.661088705062866
1.095752239227295
0.10795675218105316
-0.2552337646484375
3.417623996734619
0.9653019905090332
-5.8664727210998535
-6.217623710632324
-1.4953022003173828
-1.1541686058044434
-4.951467037200928
-2.1814732551574707
1.8755700588226318
-1.380824327468872
-0.594573974609375
0.27123838663101196
2.0107264518737793
-2.1937694549560547
0.9507337808609009
-1.6219738721847534
3.8975977897644043
-2.779371738433838
0.36341190338134766
-4.39999532699585
-6.150243282318115
-2.789614677429199
-3.43938946723938
1.4101313352584839
2.114511489868164
5.434350967407227
2.052428960800171
-4.309719562530518
2.0918495655059814
0.9378083348274231
2.842022180557251
0.3738073408603668
-2.522045850753784
-3.6408066749572754
-2.9825732707977295
-0.7791124582290649
-2.087125539779663
1.7424514293670654
0.45075723528862
-1.7267588376998901
3.201756238937378
3.531484842300415
-4.598169803619385
-5.986655235290527
-3.774625301361084
-0.3183523714542389
-5.989402770996094
0.6373498439788818
0.6551980376243591
-0.4525950253009796
-5.541475772857666
0.36723554134368896
-0.829158365726471
1.5434151887893677
5.220189571380615
0.09266723692417145
0.0986165925860405
3.9585540294647217
-5.0263872146606445
-0.2074936032295227
3.4115376472473145
-0.677845299243927
3.5990254878997803
0.4070347845554352
2.519369602203369
1.3952784538269043
-0.6752881407737732
0.02632562443614006
0.09084759652614594
-5.621917247772217
1.330426812171936
-1.015203595161438
-0.3814980089664459
3.1869757175445557
-0.03676137328147888
2.377213478088379
0.1793522834777832
4.1646599769592285
-3.5866644382476807
-4.405163764953613
0.2352793961763382
0.4671792685985565
0.07745685428380966
0.2670687437057495
-4.082143306732178
3.424912929534912
0.7077892422676086
-3.4475154876708984
2.2234716415405273
-2.552344799041748
1.597954511642456
1.629493236541748
1.747144103050232
-0.046045854687690735
0.06771127879619598
-1.9042143821716309
0.5725037455558777
-4.18687629699707
2.742502212524414
-3.9858505725860596
-5.9177141189575195
-0.21818843483924866
-4.291387557983398
-5.404119968414307
-4.307043075561523
-4.200458526611328
2.973898410797119
1.0152385234832764
3.8062186241149902
1.0294607877731323
2.7008607387542725
-0.5632070899009705
4.818314552307129
2.8340611457824707
-0.7839572429656982
-1.6981699466705322
0.5324896574020386
0.3335033357143402
-0.6426700353622437
-5.155157089233398
0.04632674530148506
0.5893758535385132
-0.05566298961639404
0.18464387953281403
0.18886011838912964
-3.0037283897399902
-2.3574020862579346
0.19467642903327942
-5.052766799926758
-0.04077526554465294
-3.362675189971924
-0.2863551080226898
-1.836601972579956
0.31491705775260925
-0.4434012770652771
-2.3138508796691895
2.082930564880371
0.5023191571235657
-0.42281925678253174
1.5814331769943237
0.8902803063392639
-2.473600149154663
3.6737465858459473
2.139413595199585
-5.188113212585449
0.18820185959339142
-2.049492835998535
1.042765736579895
-2.2478902339935303
-4.03508186340332
-1.0750517845153809
0.15061381459236145
-4.713386535644531
-0.5866701602935791
0.2414105385541916
1.255487084388733
-5.08927583694458
1.7506824731826782
0.33170193433761597
5.002459526062012
0.4531632959842682
0.020841145887970924
-2.0224251747131348
0.9734547734260559
3.610346555709839
-0.31006425619125366
3.2723915576934814
5.2702555656433105
-2.7697737216949463
-0.7625420093536377
-0.411391943693161
1.0990536212921143
-3.316577911376953
-3.9036972522735596
1.1766051054000854
1.5106199979782104
4.222105979919434
4.6444220542907715
0.9963181018829346
2.8783044815063477
4.433976650238037
1.6749603748321533
-0.43669116497039795
-1.2282439470291138
0.09921906888484955
0.7136607766151428
0.6355834007263184
-0.6942917108535767
-0.4439857602119446
-0.8212005496025085
1.616434931755066
0.32613036036491394
-0.2581925392150879
-0.16306136548519135
1.3999967575073242
0.5603684186935425
0.42951348423957825
-1.0161495208740234
-0.20815256237983704
-0.10624147951602936
-3.2549281120300293
-2.9995923042297363
0.5817936658859253
0.2805105447769165
-1.6581059694290161
-3.416839838027954
0.02677973359823227
-1.8334219455718994
-1.1289634704589844
0.7271295785903931
6.279677867889404
-0.9754296541213989
3.2380530834198
3.7060704231262207
-0.383796364068985
-4.386062145233154
2.075052261352539
2.184622287750244
0.842692494392395
-0.32928597927093506
-1.7852436304092407
2.303727626800537
-0.9883275032043457
0.9040599465370178
-0.41250646114349365
2.853853940963745
-0.26743823289871216
-0.9375400543212891
-2.2787318229675293
-5.1284637451171875
-1.6693260669708252
2.065946102142334
3.4883852005004883
-0.10125686228275299
-0.3847571313381195
1.4461889266967773
-3.0344417095184326
5.718977451324463
0.15955482423305511
2.904099941253662
-1.4913878440856934
-0.08123483508825302
-0.5306179523468018
1.426477313041687
2.125152587890625
0.19711633026599884
0.5054088830947876
-0.21726743876934052
-4.575346946716309
0.0015010932693257928
-0.4440261721611023
-0.04240040108561516
-1.4395524263381958
0.24959580600261688
-0.40755966305732727
-2.8938870429992676
0.9650998711585999
5.091800689697266
4.351578235626221
-0.1967708319425583
-0.19504579901695251
0.3963311016559601
0.6929610967636108
0.5744229555130005
-0.7918134331703186
0.3014611303806305
-0.907474160194397
-0.00940434169024229
-0.876472532749176
-1.2685561180114746
-1.3813672065734863
-0.6745718121528625
3.31893253326416
-0.12803585827350616
-2.5416464805603027
2.014638900756836
-0.028429118916392326
0.27335527539253235
0.62859708070755
-2.2133774757385254
-1.18821382522583
-4.66458797454834
0.4031723737716675
0.26465240120887756
0.024046683683991432
-0.23547498881816864
-0.8332132697105408
-0.4959198832511902
1.4667394161224365
0.4296347200870514
0.6872981786727905
2.775653123855591
0.6295232176780701
-3.7015981674194336
-1.4405475854873657
-2.4338130950927734
1.675208568572998
3.8052237033843994
3.818726062774658
-3.2060821056365967
-2.9124910831451416
4.538166522979736
-0.5763022899627686
-0.422978013753891
0.7296500205993652
3.5630855560302734
0.7331498861312866
0.7153320908546448
-0.856681227684021
3.200155258178711
-0.024420201778411865
-2.032705307006836
1.3232580423355103
-1.6871346235275269
-1.3002893924713135
4.192946910858154
-3.5783863067626953
6.0843329429626465
1.1414467096328735
3.0947749614715576
2.2514638900756836
-3.5114026069641113
-4.007763385772705
0.6940951347351074
0.3260844349861145
-5.066725730895996
1.9184712171554565
-1.7371312379837036
-4.730013370513916
1.0416306257247925
0.5877658724784851
-0.25906816124916077
-4.567831516265869
0.11453913897275925
-1.152434229850769
-0.18391181528568268
4.231988906860352
0.5973781943321228
-0.8147004842758179
-0.517909049987793
3.8811728954315186
-1.5008885860443115
-0.3538748621940613
0.5706691741943359
-3.3712103366851807
-2.5381972789764404
0.7266513705253601
0.19338516891002655
-1.440634846687317
0.3859795331954956
0.5490553379058838
-0.45919257402420044
0.32035836577415466
0.5176449418067932
-2.2566468715667725
-0.24207541346549988
0.8428890705108643
-1.5737957954406738
0.9323246479034424
0.004887461196631193
-4.679135799407959
-3.597368001937866
0.514470636844635
4.141909599304199
5.561870574951172
1.702069878578186
3.8240745067596436
5.6202216148376465
1.5531573295593262
2.191204786300659
0.2647329866886139
0.15112486481666565
-1.00206458568573
3.5526323318481445
-0.4560585618019104
-2.25537371635437
-1.7932645082473755
-0.890205979347229
0.32996878027915955
1.0731254816055298
0.49096202850341797
-1.428847312927246
-1.6710416078567505
-0.5812368988990784
-1.515785574913025
3.670628309249878
0.31235986948013306
0.9577947854995728
0.4481106400489807
0.8865391612052917
-0.17562253773212433
2.718618631362915
0.44713664054870605
-0.25066354870796204
-0.8395518064498901
-0.17688916623592377
0.8949899673461914
-2.9169390201568604
1.0254932641983032
-0.5907694101333618
-3.6595358848571777
-3.290808916091919
0.5420415997505188
1.9865883588790894
-1.0241928100585938
1.9067816734313965
1.158210039138794
2.307729959487915
2.7085070610046387
0.11893732100725174
5.277101516723633
-0.3161691427230835
3.1770195960998535
-1.7219898700714111
3.1412179470062256
0.5271068811416626
-1.6796869039535522
-6.444516181945801
1.704760193824768
-0.18383707106113434
-2.963322639465332
-4.023467540740967
-2.5159285068511963
2.870840311050415
0.4511668086051941
-1.2817827463150024
-0.9093274474143982
0.18719731271266937
2.1869094371795654
-4.13081169128418
2.0893495082855225
0.026458123698830605
-2.6908864974975586
-0.2815703749656677
-4.7904791831970215
0.44220197200775146
0.3551821708679199
3.5637269020080566
-5.008717060089111
-2.7571425437927246
-0.12705470621585846
-0.10405139625072479
-0.32834941148757935
-1.3012586832046509
0.5988603234291077
-0.5546324253082275
0.16230814158916473
0.7733641862869263
-0.3575400710105896
-0.11353267729282379
-0.3399343192577362
-0.2048065960407257
0.9397063255310059
-0.014550651423633099
-0.624824047088623
0.23828035593032837
0.15010638535022736
-0.3830264210700989
5.026999473571777
-4.016622543334961
2.2230443954467773
-1.6795072555541992
2.0486207008361816
3.3460843563079834
-1.8083806037902832
-1.2370061874389648
6.273641586303711
0.8414731621742249
0.312943696975708
3.8342583179473877
-1.5702342987060547
-1.49432373046875
1.3088223934173584
0.721453845500946
-0.6460553407669067
0.008536011911928654
1.3936823606491089
-0.020081741735339165
-2.7168729305267334
0.8759913444519043
-0.21716071665287018
0.059070341289043427
-0.22798751294612885
0.4344210624694824
1.3069865703582764
0.019072584807872772
2.168153762817383
0.9913266897201538
1.597776174545288
-1.6118848323822021
-2.0674185752868652
-0.3630443513393402
-1.9412680864334106
4.48186731338501
1.3756595849990845
1.9382110834121704
-1.431943655014038
1.5743114948272705
1.5176503658294678
3.414724588394165
0.2904048562049866
1.9131542444229126
-1.335513949394226
0.6808245182037354
0.8602916598320007
6.0122857093811035
0.7418375611305237
-4.261280059814453
-0.20765253901481628
-1.1685199737548828
-1.4526393413543701
0.803294837474823
1.495986819267273
-1.0156981945037842
0.7874899506568909
0.4081921875476837
-1.2011665105819702
-2.608982801437378
-0.26055705547332764
-0.7487502694129944
2.2848546504974365
-0.41633811593055725
0.11075819283723831
1.4569354057312012
1.328810453414917
0.010587788186967373
1.6528037786483765
0.2171671986579895
1.333827018737793
1.9005095958709717
1.6919682025909424
-2.938567876815796
-2.2913618087768555
-1.7240056991577148
-1.6390061378479004
0.2923807203769684
0.025759272277355194
0.2681809961795807
2.6587886810302734
-1.041213870048523
-0.3322804272174835
0.184745192527771
2.0825459957122803
-1.6606725454330444
-2.943631172180176
2.5477094650268555
-0.7961567044258118
1.30459463596344
-2.6383328437805176
-0.7906455993652344
-4.777538299560547
2.003577947616577
2.0057077407836914
5.375753879547119
-0.5380982756614685
-6.3668365478515625
-3.004655599594116
0.1318972259759903
-3.027985095977783
2.840397834777832
0.11468080431222916
0.15835809707641602
2.989475727081299
-0.7940086722373962
-3.1468307971954346
2.766247510910034
0.45248034596443176
1.529706597328186
-2.072763681411743
2.0570273399353027
-3.9856090545654297
-0.7109249830245972
0.09827369451522827
5.070554256439209
2.0155181884765625
0.6905481219291687
0.09002218395471573
-2.6959900856018066
-1.897721767425537
-0.21057863533496857
-2.2460951805114746
-0.5938094854354858
-0.9843717217445374
-2.366346597671509
2.4941489696502686
-0.08673965185880661
2.7355334758758545
0.8184862732887268
5.006796836853027
-0.4993639588356018
1.2988849878311157
-5.013307094573975
-3.180306911468506
-2.827348232269287
-0.9813061356544495
-5.475130558013916
-5.5622148513793945
-2.291602373123169
-6.423540115356445
-0.016702800989151
2.0968172550201416
-3.7542996406555176
1.1837726831436157
0.39752307534217834
4.171774864196777
-1.0411421060562134
1.1416293382644653
1.6121214628219604
-0.9726743102073669
0.6375329494476318
0.7938132882118225
-3.446676254272461
-4.948680877685547
-0.8274942636489868
-5.924863815307617
-0.7431546449661255
1.743024230003357
-2.5193898677825928
0.41721615195274353
-0.1799689531326294
-0.5862460732460022
0.07182297855615616
-2.5460593700408936
-0.44982653856277466
-3.6889023780822754
-4.8900651931762695
3.277170181274414
0.5053028464317322
-3.5903375148773193
0.07477472722530365
5.801632404327393
0.4295753240585327
1.0247652530670166
0.20533320307731628
0.19617807865142822
-0.9621366858482361
-0.24706001579761505
-0.4635911285877228
-0.3576512634754181
-0.08876624703407288
2.4451351165771484
0.2681684195995331
0.5108018517494202
-0.17984351515769958
-0.7515583038330078
1.1730091571807861
-0.0030455889645963907
1.2064074277877808
-2.098468065261841
-0.2564549148082733
2.203451633453369
-2.7539074420928955
-3.8506569862365723
-1.6713601350784302
1.001366138458252
0.17371425032615662
-0.21447335183620453
-0.12714411318302155
0.5092253088951111
3.3235867023468018
1.8604966402053833
-0.32878726720809937
0.557956874370575
-2.42085862159729
-2.4835708141326904
-0.43017908930778503
0.012343484908342361
-1.8313729763031006
0.04950081929564476
-1.1601312160491943
-4.881616592407227
-3.486706256866455
-0.5381568670272827
-0.17263098061084747
-0.18824779987335205
-0.4504678249359131
-1.3037832975387573
-1.4287433624267578
1.0124417543411255
0.17782223224639893
-0.30321186780929565
2.8501393795013428
-1.092895746231079
-0.11699467152357101
0.5262237191200256
-4.797707557678223
0.33017849922180176
-2.30637788772583
-4.8644609451293945
-3.8285624980926514
-5.8767828941345215
0.29381927847862244
-1.00180184841156
1.6450903415679932
2.292023181915283
-2.5290348529815674
-0.2869877517223358
-0.4922217130661011
-0.6725695133209229
0.16872452199459076
1.3178435564041138
-0.9911916255950928
2.1022560596466064
-0.06632297486066818
-0.1535445600748062
0.5977542996406555
1.0427764654159546
0.15257784724235535
-0.3561035692691803
-1.1165392398834229
0.09785046428442001
0.7963827848434448
0.4017373025417328
2.894458055496216
5.0777692794799805
-2.2075226306915283
-3.248609781265259
1.4191259145736694
-4.715475559234619
1.0600171089172363
-1.8211725950241089
0.38249871134757996
5.493231773376465
1.0412341356277466
-1.5859370231628418
3.005852699279785
3.5725631713867188
2.0470173358917236
-1.1932164430618286
0.1967882513999939
-0.4343607425689697
0.9458910226821899
0.7749415636062622
1.0305709838867188
2.044807195663452
0.5492469668388367
-0.256832480430603
-0.23425087332725525
-2.1447129249572754
-1.1664918661117554
0.39314004778862
0.7807571887969971
-2.882249116897583
-0.08139495551586151
3.1201443672180176
0.3499823808670044
-4.038201332092285
-0.17282944917678833
2.660156011581421
3.4695630073547363
1.328673005104065
0.10450994223356247
1.3815637826919556
-1.7886531352996826
-0.25699225068092346
0.004102129489183426
-2.867258310317993
-0.3639373779296875
-1.0073152780532837
-0.5531555414199829
-1.127614974975586
2.350862979888916
-2.5450568199157715
-0.8719035387039185
0.6466329097747803
-0.6817207336425781
-2.2083606719970703
0.639518678188324
-0.8972126841545105
-1.6957118511199951
-4.761436462402344
-0.24827644228935242
0.5036449432373047
-2.1980276107788086
-0.8671097755432129
3.4321155548095703
1.3577463626861572
-1.5802024602890015
-1.6009414196014404
1.7819031476974487
-0.0008194126421585679
-0.01730235479772091
-1.8490283489227295
3.9145748615264893
1.0830068588256836
1.9990876913070679
2.2431373596191406
0.12637761235237122
-5.793479919433594
-2.722813129425049
0.17047268152236938
0.9140423536300659
-2.6506845951080322
3.2417006492614746
-1.5998018980026245
-2.371879816055298
-2.5766289234161377
-2.04868745803833
-0.14230261743068695
-2.5439062118530273
-3.1433825492858887
0.15079958736896515
-3.6729865074157715
3.0104684829711914
-0.7639862895011902
-3.2961385250091553
0.7588921785354614
2.8827497959136963
2.838907480239868
1.3296931982040405
0.04958568885922432
-6.5206122398376465
0.2109842151403427
-0.485515296459198
-4.45297384262085
3.242875576019287
-1.109787940979004
-4.017065048217773
-4.0038371086120605
-0.6912019848823547
0.8093068599700928
-0.2026354968547821
0.1797204464673996
-2.3085193634033203
0.2118545025587082
5.025077819824219
-5.718621730804443
-1.6480777263641357
1.5277431011199951
3.8347997665405273
-1.3878462314605713
-0.4961867332458496
2.4003188610076904
1.4975413084030151
-2.5107154846191406
-0.11439485102891922
-1.3566653728485107
-2.1015608310699463
3.3517673015594482
2.4834938049316406
-1.5617479085922241
0.20287305116653442
-2.32940673828125
2.099926471710205
-1.2071046829223633
4.4004740715026855
-5.316965579986572
-2.767709970474243
-5.466208457946777
-0.04424590617418289
-0.18340255320072174
0.01965227536857128
-3.0867245197296143
-0.18568848073482513
3.802130699157715
-2.318237066268921
-0.2772747874259949
-0.12843599915504456
-6.16583251953125
-0.9261417984962463
-2.37398099899292
0.11427117884159088
-5.1236371994018555
1.231675148010254
-4.986647129058838
-0.14810171723365784
3.352269411087036
1.3630951642990112
-5.466155529022217
0.07927069813013077
5.705646991729736
2.5605740547180176
