-1.369771122932434
-0.032589953392744064
-1.312734842300415
-1.3780672550201416
-1.5608174800872803
-2.2796642780303955
-3.0543441772460938
-1.2899442911148071
-0.7656066417694092
-0.77104252576828
-1.0828155279159546
-1.1711831092834473
-3.6762821674346924
-2.9320695400238037
-1.6530025005340576
-1.838353157043457
-1.1410622596740723
-0.5177459716796875
-0.7102845311164856
-1.1140958070755005
-0.8424157500267029
-0.8747599124908447
-0.8593159317970276
-1.6103053092956543
-2.424180507659912
-1.3439594507217407
-0.25714588165283203
-1.550621509552002
-0.031355176120996475
-1.851597785949707
-2.584566593170166
-1.2029067277908325
-1.44046950340271
-2.224184036254883
-1.7787786722183228
-1.3972787857055664
0.1237110123038292
-0.5162707567214966
-1.961137056350708
-1.736718773841858
-0.7417647242546082
-0.8303728699684143
-1.0174254179000854
-0.5157099962234497
-1.037921667098999
-0.9517234563827515
-0.3099944293498993
-1.2718051671981812
-2.187074661254883
-2.2245264053344727
-1.944786787033081
0.07960743457078934
-0.7544646859169006
0.04225028678774834
-1.1155542135238647
-1.7115741968154907
-0.7533080577850342
-1.2294148206710815
-0.8480557799339294
-1.1087877750396729
-2.1196048259735107
-1.8159822225570679
-0.2631475031375885
-0.6863074898719788
