2.030334711074829
2.5480477809906006
1.6144570112228394
1.220286250114441
2.0498247146606445
0.4611862897872925
2.0660488605499268
1.9268642663955688
0.6292847990989685
3.0673725605010986
2.1493782997131348
0.3915817439556122
2.3159260749816895
2.138873815536499
2.2875254154205322
1.9898171424865723
1.955061674118042
2.048100233078003
1.5453823804855347
0.9329882860183716
1.4508682489395142
1.7787717580795288
0.4855574667453766
1.9447143077850342
2.601555585861206
2.2062458992004395
2.1733758449554443
2.564744710922241
2.5711796283721924
0.42921799421310425
0.5265394449234009
2.0164411067962646
0.8091347217559814
1.990257978439331
1.848433494567871
1.841869592666626
0.7578713297843933
2.0554730892181396
1.9437146186828613
1.5436118841171265
1.5036630630493164
1.704618215560913
1.702795386314392
1.3195146322250366
0.5317068696022034
1.7214281558990479
2.1105427742004395
2.0396111011505127
1.9393712282180786
2.080738067626953
0.4019041657447815
2.05936861038208
2.297790288925171
2.0768566131591797
1.4638863801956177
2.3051488399505615
1.5675160884857178
2.1177937984466553
1.740068793296814
1.4460214376449585
0.33555370569229126
2.2447516918182373
2.175226926803589
0.6648273468017578
