3236.05712890625
4799.25244140625
6360.84326171875
2894.86181640625
2637.55322265625
3755.724365234375
4668.171875
4600.92041015625
3914.421142578125
3097.385986328125
2533.919189453125
2880.201416015625
2698.03466796875
3663.80810546875
2701.477783203125
4536.42626953125
5639.03466796875
3754.08544921875
3095.513916015625
2716.8974609375
2935.152099609375
2704.082275390625
3336.963134765625
2777.32373046875
3602.50341796875
2753.141357421875
4535.7744140625
4998.34423828125
2519.350341796875
4878.7587890625
3026.175048828125
2647.219970703125
