-3.8623735904693604
-1.3900623321533203
-2.586454391479492
-3.448944330215454
-2.6907663345336914
-2.896497964859009
-2.728459119796753
-3.6616897583007812
-2.074117422103882
-3.917793035507202
-3.455317497253418
-3.7249605655670166
-2.588557243347168
-4.879302978515625
-3.432173728942871
-3.4733598232269287
-3.2283358573913574
-3.906588315963745
-4.552069664001465
-4.547832489013672
-3.486318588256836
-3.4479479789733887
0.6984732747077942
-2.85015606880188
-1.5022761821746826
-3.7591049671173096
-2.578618049621582
-3.4654767513275146
-2.3900723457336426
-3.777390718460083
-2.9092283248901367
-4.028428554534912
-4.41996955871582
-2.997584342956543
-4.312366485595703
-3.3918561935424805
-4.575257301330566
-3.6090242862701416
-2.5155317783355713
-2.744236946105957
-3.306063175201416
-2.726970911026001
-4.150707721710205
-2.6734731197357178
-4.009908199310303
-3.145907163619995
-1.6430821418762207
-3.3053483963012695
-4.242301940917969
-2.6109440326690674
-3.0942442417144775
-2.9055585861206055
-4.374277114868164
-3.096893787384033
-3.620062828063965
-2.94217586517334
-3.3122618198394775
-2.985239267349243
-2.8200111389160156
-2.8752124309539795
-4.394749164581299
-5.751474857330322
-3.3052403926849365
-3.369497776031494
