12.720107078552246
-51.662818908691406
-74.57884979248047
-21.960678100585938
-36.880584716796875
-37.112571716308594
-35.93183517456055
25.920900344848633
-50.973636627197266
-34.64048385620117
-47.674896240234375
39.74782943725586
-5.719770431518555
-26.770235061645508
-23.27736473083496
-13.813495635986328
-73.45782470703125
37.64057159423828
-10.838278770446777
-33.85785675048828
-21.017982482910156
-36.89133834838867
-40.142520904541016
2.7992613315582275
24.684307098388672
23.057111740112305
-88.03639221191406
0.9885979890823364
-2.3991668224334717
57.56350326538086
8.62148380279541
0.08460356295108795
