0.017416613176465034
-0.027244780212640762
-0.018635477870702744
0.021913081407546997
-0.04883116856217384
-0.01657281629741192
-0.009873914532363415
0.05786570906639099
0.016290675848722458
-0.055438414216041565
-0.03606225550174713
0.013539439998567104
-0.052862513810396194
0.047407157719135284
0.045045919716358185
-0.0596853569149971
-0.005757450126111507
-0.1186704933643341
0.0017769838450476527
0.0022763994056731462
0.04501226544380188
0.0426633320748806
-0.032056402415037155
0.00041511631570756435
0.0015358709497377276
-0.04613597318530083
0.03418678417801857
-0.002066608751192689
0.004068177193403244
-0.03717174753546715
0.007066594902426004
-0.005936104338616133
-0.027194442227482796
-0.06337253004312515
-0.025077546015381813
-0.031049028038978577
0.021617645397782326
0.03449902683496475
-0.020111218094825745
-0.041619591414928436
-0.015239509753882885
-0.02077856846153736
-0.04180436581373215
-0.034011051058769226
-0.04614200443029404
0.02871539629995823
-0.038068342953920364
-0.006363881751894951
0.0006318435771390796
-0.03235601633787155
-0.07206226140260696
0.011686296202242374
0.011452550999820232
-0.022794850170612335
-0.034514088183641434
0.0027641956694424152
0.012441270053386688
-0.028143443167209625
-0.00198514387011528
0.08613140136003494
-0.003862794954329729
0.0029680219013243914
-0.032934531569480896
-0.035038817673921585
