27.961687088012695
38.92137908935547
26.232316970825195
46.607418060302734
33.70826721191406
65.1583480834961
22.655500411987305
25.888124465942383
25.82999038696289
46.09998321533203
36.90324020385742
36.14627456665039
40.99478530883789
25.029497146606445
19.118873596191406
24.39417839050293
17.300451278686523
70.18280029296875
12.321552276611328
27.641326904296875
41.968482971191406
47.18574905395508
22.436567306518555
73.50932312011719
14.439203262329102
19.487049102783203
14.943435668945312
36.43363952636719
22.20204734802246
22.62793731689453
80.68724822998047
101.95740509033203
