-0.7885909080505371
-0.6447911858558655
-1.1869531869888306
-0.36504340171813965
-0.27280011773109436
-1.2509740591049194
-0.6254655718803406
-0.07948793470859528
0.6949491500854492
2.461801290512085
0.24228137731552124
5.115306377410889
0.3045826256275177
0.4165794849395752
1.5226550102233887
1.130468487739563
0.48415273427963257
-0.17888066172599792
-0.29222699999809265
1.2899757623672485
0.34039270877838135
-0.045995574444532394
1.1969112157821655
-0.15098927915096283
0.29415059089660645
-1.0096243619918823
0.021931840106844902
1.5378931760787964
-0.9456976652145386
-0.8684743046760559
0.2684851288795471
1.9841071367263794
-0.2522134780883789
-0.3318304121494293
0.7813478112220764
0.011237943544983864
0.7145516276359558
1.0921473503112793
-0.3655742406845093
-0.48405635356903076
0.47519493103027344
0.02556184120476246
1.3366602659225464
-1.0089607238769531
-1.1823660135269165
1.2054284811019897
-0.3779916763305664
0.7887248396873474
1.0125517845153809
1.3397153615951538
-0.4956341087818146
-2.3335745334625244
0.21349050104618073
0.9219232797622681
-1.639848232269287
0.717162549495697
2.1998698711395264
0.3018281161785126
0.128127783536911
1.1934154033660889
0.40985533595085144
-2.1917836666107178
1.531962513923645
-0.3526207506656647
0.8688241839408875
1.1792733669281006
-0.09660791605710983
-1.4299253225326538
-3.511647939682007
0.47970372438430786
-0.10443238914012909
0.4890933632850647
3.1702919006347656
0.012002332136034966
-1.1412811279296875
-0.4592093825340271
0.6995829343795776
0.5890653729438782
-2.9597508907318115
-1.2126250267028809
1.7117249965667725
1.7396022081375122
1.40006422996521
-1.9393162727355957
1.1267136335372925
0.18889912962913513
1.0146077871322632
0.42627668380737305
1.817242980003357
0.2702060043811798
-0.2239418923854828
-0.7664454579353333
0.7742567658424377
0.40616118907928467
-1.8064466714859009
-0.4551074206829071
0.19523324072360992
-0.11708655953407288
0.941795825958252
2.147474765777588
0.9848760366439819
-2.15096116065979
-1.5873286724090576
1.0983753204345703
1.511902093887329
-0.6514893770217896
0.030462345108389854
1.5621976852416992
-0.5787644982337952
-1.2639933824539185
0.9751983880996704
-0.2505480945110321
-0.5602418184280396
-0.12984800338745117
0.921895444393158
1.4660358428955078
0.7753986120223999
-0.7613527774810791
0.7340528964996338
-0.6760109066963196
2.726287841796875
1.5202802419662476
0.10446848720312119
-0.43161848187446594
0.6021755933761597
0.5195836424827576
0.21970799565315247
-0.8866004347801208
-0.9517470002174377
-0.32969793677330017
-0.23484280705451965
1.1579043865203857
1.2712994813919067
2.387099504470825
1.1420717239379883
0.6664072275161743
3.204562187194824
0.6599957346916199
-0.2397204339504242
-1.709072470664978
0.11305940896272659
0.5351265072822571
-0.3609257638454437
-0.5153741836547852
-0.7740138173103333
1.5636268854141235
1.4577794075012207
1.812003493309021
-0.40689700841903687
2.2572989463806152
-0.01455876138061285
-0.739654541015625
-0.5736422538757324
0.8713386058807373
-1.007144570350647
-2.1157443523406982
3.8579092025756836
-0.264855295419693
0.5591661930084229
-1.8123196363449097
1.400294542312622
1.108489990234375
3.1992547512054443
2.6883678436279297
-1.4143403768539429
0.5992261171340942
0.17335985600948334
1.0984970331192017
-0.6379290223121643
-1.934748888015747
-1.1080009937286377
-2.246814727783203
1.2802455425262451
0.3358703851699829
1.6810307502746582
-0.2826349437236786
1.2463679313659668
1.4337999820709229
4.878849029541016
1.1684638261795044
-2.0714354515075684
-2.6035802364349365
1.2948975563049316
0.6324562430381775
-2.535569190979004
-1.2766375541687012
-0.5627281665802002
0.30692803859710693
-0.9387525320053101
-0.025658609345555305
1.8618521690368652
-0.6425915360450745
-3.489798069000244
2.0304691791534424
-1.275861382484436
-1.536247968673706
-2.1357975006103516
4.751245498657227
0.0016049293335527182
-0.4070292115211487
-0.5044374465942383
-3.2204792499542236
-1.96040678024292
-7.439130783081055
-2.1949095726013184
-1.7244107723236084
-2.252305269241333
-2.6631407737731934
-3.9718868732452393
1.3433278799057007
-2.0173468589782715
-0.05443159118294716
-8.571465492248535
-0.03606431186199188
-1.8758858442306519
0.5370969772338867
0.1361238956451416
-1.7163766622543335
-2.95639967918396
-3.874840259552002
-2.3345837593078613
3.0122668743133545
-3.1833481788635254
-1.8585566282272339
-1.3884145021438599
2.410295009613037
0.22949495911598206
-0.8712990283966064
-5.179375648498535
-5.557850360870361
0.4120647609233856
-0.5417739748954773
-3.1024913787841797
-1.671959400177002
-2.000091552734375
1.4695125818252563
-0.9487740993499756
-1.7387657165527344
-1.8638397455215454
-1.5709228515625
2.3845813274383545
1.201120376586914
-1.0051826238632202
-1.0360593795776367
0.3390333354473114
0.30440381169319153
-0.2790178656578064
-2.277651071548462
0.5624639987945557
-2.07619571685791
3.016427516937256
1.1039786338806152
-2.1556098461151123
-0.8852953910827637
1.9397623538970947
3.570427656173706
0.48281797766685486
0.9512242674827576
-2.7980010509490967
-2.0752387046813965
-1.3442598581314087
-0.37821611762046814
-0.5993046760559082
-3.8719136714935303
2.080569267272949
0.9153382182121277
3.7559661865234375
0.018583498895168304
0.7211781740188599
2.760228157043457
2.131436824798584
2.4302046298980713
0.7990193963050842
0.6511570811271667
-4.551321029663086
-0.3916652202606201
-1.0003448724746704
-1.1568095684051514
0.9332029223442078
-3.4258036613464355
1.1946430206298828
0.8008534908294678
2.602031707763672
2.1387686729431152
2.436765670776367
-0.9855738282203674
0.6777992248535156
2.4967963695526123
-0.170975461602211
-0.6272900700569153
0.1520058661699295
-1.8267179727554321
0.6252140998840332
0.14075195789337158
0.3056761920452118
-0.493437796831131
-0.6233704090118408
1.21372389793396
0.5312440991401672
-0.49058330059051514
2.3701086044311523
0.699900209903717
-2.011974573135376
-1.0508228540420532
0.5136615037918091
-1.0223135948181152
1.4730093479156494
-2.570781946182251
2.983062505722046
-0.03536682948470116
-0.6079422831535339
1.3181843757629395
-0.3194849193096161
-0.9006446599960327
0.7374367117881775
-0.5675684809684753
0.23016728460788727
-1.273606538772583
0.5440139770507812
0.6163963079452515
-0.5079097747802734
-1.0844532251358032
2.2398669719696045
-2.3024754524230957
-0.04175180941820145
0.09198461472988129
-0.6893003582954407
1.1403834819793701
-1.2472411394119263
-0.7377058267593384
-0.0800197422504425
1.1524642705917358
-1.430319905281067
-0.031000131741166115
0.29181256890296936
-0.02606009878218174
1.5227879285812378
-3.250659465789795
-0.8930911421775818
3.0279483795166016
0.8566124439239502
2.02289080619812
3.3967092037200928
2.2613096237182617
-3.0984606742858887
2.7498855590820312
-2.458479166030884
-3.142582893371582
-0.5557986497879028
0.5392746925354004
-1.6312211751937866
2.0182952880859375
1.2047656774520874
-3.883131980895996
-0.9249197840690613
2.5139894485473633
1.6731183528900146
-0.11367564648389816
-1.0669887065887451
4.13346004486084
-1.8114871978759766
3.639890670776367
-2.627901315689087
-1.3912835121154785
-1.1460374593734741
1.4827461242675781
0.9448434114456177
2.231769323348999
0.3321484923362732
-2.7620697021484375
-0.9525971412658691
2.332555055618286
0.5038363933563232
-2.7183408737182617
-1.5752674341201782
2.601799964904785
-4.444985389709473
2.645495653152466
-2.5578768253326416
2.473066568374634
-1.1820093393325806
-1.7356606721878052
1.769436240196228
1.796750545501709
0.20973308384418488
-0.7435316443443298
0.848298192024231
-0.0010321898153051734
0.9487037062644958
-1.2495225667953491
2.040292978286743
-0.5967352390289307
-2.196908473968506
-1.761724829673767
1.4814270734786987
1.6770919561386108
-1.3796637058258057
0.671151876449585
-1.1514391899108887
-0.6695154905319214
-0.033870842307806015
-0.6546997427940369
0.5866597890853882
-1.6658881902694702
3.7999420166015625
0.0009233685559593141
-0.27813610434532166
-0.8942811489105225
-0.31885066628456116
-0.408424973487854
2.8101325035095215
0.24303588271141052
1.1487200260162354
0.8272722363471985
0.7691552639007568
-2.481924533843994
-0.7149011492729187
-0.9353227615356445
-4.057862758636475
0.46636372804641724
1.2004749774932861
1.386500597000122
-1.4147980213165283
-1.5788999795913696
-0.5087129473686218
-0.432554692029953
2.198094367980957
1.9139584302902222
2.168510675430298
-1.6567717790603638
-0.5686808228492737
-1.9538568258285522
