0.8383192420005798
0.9563805460929871
-0.7882721424102783
-0.13108888268470764
6.128060817718506
-0.30431175231933594
0.8472327589988708
-0.40797924995422363
0.4007384777069092
-0.7162047028541565
-3.545966863632202
-2.165674924850464
-1.467373251914978
-0.1994818150997162
-0.38329529762268066
2.219210386276245
-2.639954090118408
2.616161346435547
-4.340634346008301
-1.3493690490722656
-4.778640270233154
-0.5571396946907043
-0.1526688188314438
3.4039194583892822
0.46353256702423096
1.7396084070205688
-0.7758277654647827
5.125111103057861
-0.30666807293891907
-3.97653865814209
-0.1465824544429779
-0.017949877306818962
1.1194753646850586
-4.153629779815674
-2.6768789291381836
2.948411703109741
0.4056173264980316
-3.1894419193267822
0.2928118407726288
0.13198429346084595
4.901719093322754
0.6391955018043518
0.5965709090232849
5.1445088386535645
1.3867350816726685
0.6533467769622803
0.19331955909729004
-0.3046799302101135
-2.320267915725708
-2.2183406352996826
-4.1037702560424805
-4.444698810577393
-4.391612529754639
-1.6535252332687378
0.5938111543655396
-0.11937969923019409
-0.20157086849212646
5.253976821899414
-4.246897220611572
-5.341408729553223
2.478256940841675
-0.17679668962955475
0.6032352447509766
-0.4059274196624756
3.9140939712524414
4.0583977699279785
-0.24958740174770355
2.7037041187286377
4.314347267150879
-0.2093437910079956
-2.2121410369873047
1.8980484008789062
0.24470749497413635
4.61851167678833
-2.897296667098999
-1.412650227546692
-4.606606960296631
0.8872643709182739
-1.995512843132019
-0.6572864651679993
0.7442269325256348
0.1728631854057312
1.8552532196044922
-1.5597810745239258
0.9092659950256348
-3.7255117893218994
-6.101438999176025
-1.4222933053970337
1.6640467643737793
-1.1274861097335815
5.379726409912109
-3.2875301837921143
-0.45040392875671387
0.8997045159339905
0.12325994670391083
-3.961912155151367
-2.217708110809326
0.05175883695483208
0.031121443957090378
0.15816575288772583
3.053762674331665
-3.352334499359131
-5.567383289337158
-0.6943427920341492
-0.355521559715271
-0.38886162638664246
-3.527928590774536
3.949310064315796
3.6979730129241943
-0.5877442359924316
2.710049629211426
-1.636749505996704
-0.29390597343444824
0.5101697444915771
2.8664662837982178
3.1490886211395264
1.7555720806121826
0.21006616950035095
2.63089656829834
0.42949575185775757
3.1884679794311523
-0.2201436460018158
-2.5787229537963867
-0.19582410156726837
2.3706448078155518
4.308554172515869
4.702205181121826
-1.6146725416183472
-2.5865564346313477
-4.441591739654541
-0.2566254138946533
0.29483526945114136
-3.69496750831604
-0.7738537192344666
0.3660886585712433
0.7232556343078613
2.7121007442474365
-1.163266897201538
1.5302364826202393
1.3438979387283325
2.0371956825256348
-3.976440906524658
-5.292324542999268
3.2780866622924805
-1.8723070621490479
-0.24667304754257202
-0.5530457496643066
2.35189151763916
4.477255821228027
-0.13236002624034882
-0.7298516631126404
0.23151272535324097
-1.163335919380188
2.43902325630188
-2.3543007373809814
-4.398542404174805
8.95846460480243e-06
-1.6690655946731567
0.7112783193588257
1.3984802961349487
-7.862022399902344
-5.730428218841553
0.8440864682197571
0.19189178943634033
4.820540428161621
-2.8164947032928467
-0.28564774990081787
-5.412193298339844
2.1406424045562744
0.32979151606559753
-0.875029444694519
-0.1747114509344101
1.3071892261505127
-4.964069843292236
-5.507723331451416
3.8005142211914062
-0.23949047923088074
-1.0411839485168457
-2.775716543197632
-0.29154670238494873
0.5099380016326904
-1.1213035583496094
-0.07015952467918396
0.07883165031671524
-0.2998276650905609
0.39909055829048157
-0.5751798748970032
-0.16557817161083221
-0.474381685256958
0.11868249624967575
-0.0052978587336838245
0.5238733887672424
-5.288497447967529
0.11104582995176315
4.335805892944336
1.874277114868164
3.1454029083251953
2.493144989013672
-4.588388919830322
-4.856480121612549
-3.791229486465454
0.10284546762704849
-0.4014638364315033
-0.8107157349586487
0.6564728617668152
-4.213564872741699
2.302476406097412
3.9370360374450684
1.116937279701233
-0.19825048744678497
2.783281087875366
-0.45653465390205383
2.465822696685791
-2.397214889526367
-0.02722979336977005
-2.732937812805176
-4.52289342880249
-2.4646830558776855
2.5571415424346924
-1.5172196626663208
-0.05546407774090767
-0.3754279911518097
1.5913923978805542
-0.7914754748344421
2.095126152038574
-0.8572468757629395
-3.318117380142212
-0.7447719573974609
-3.5143821239471436
-0.7141286730766296
0.26181545853614807
0.5505019426345825
0.3852807283401489
-1.168077826499939
-2.0557773113250732
-3.6905322074890137
-1.226745367050171
-0.4739942252635956
-4.090883255004883
1.8922693729400635
-0.18444983661174774
-1.9204884767532349
-1.9188158512115479
-0.29937317967414856
-0.4252645969390869
1.234902262687683
-0.4747235178947449
-0.12377240508794785
-1.834902286529541
-3.225010395050049
-1.4409252405166626
-5.279109001159668
2.868922472000122
-0.30205726623535156
0.06506476551294327
-0.3830130696296692
-3.6576170921325684
0.9236140251159668
-0.7117688059806824
5.9650559425354
5.859384536743164
-2.4802513122558594
0.01977415755391121
1.6274940967559814
0.0669032409787178
5.278625965118408
-5.1517815589904785
5.445145130157471
-1.570650577545166
2.6923789978027344
3.2027831077575684
3.9844255447387695
-1.334594964981079
-0.497021347284317
-3.4067976474761963
-4.625934600830078
-4.223471164703369
2.5151920318603516
-1.9928092956542969
1.7735600471496582
-1.2605133056640625
-0.054792456328868866
0.052971698343753815
-0.21297284960746765
1.4644440412521362
-3.4531469345092773
0.2734590470790863
-3.0668230056762695
-0.34388089179992676
-0.5962191224098206
-0.03642287477850914
3.8635740280151367
-2.7787399291992188
2.523735284805298
1.6254470348358154
-0.7951959371566772
-2.106235980987549
1.5933367013931274
-1.4345782995224
2.0913174152374268
-0.439316064119339
1.3988908529281616
0.09690164029598236
-3.9993598461151123
-0.027217846363782883
0.7078658938407898
2.050743341445923
-5.003718852996826
-3.279366970062256
0.29775476455688477
1.6167387962341309
-0.887139081954956
-5.738278865814209
4.6082844734191895
-5.917069435119629
-4.942702770233154
3.1552658081054688
0.8546611070632935
4.550869464874268
-0.13443297147750854
-1.6712722778320312
2.2105071544647217
3.691838502883911
5.1498894691467285
3.7563958168029785
-4.081026077270508
1.1222511529922485
2.2450385093688965
0.16083544492721558
4.018996715545654
-0.1694570779800415
4.511486053466797
-4.6259074211120605
4.0344719886779785
1.223677396774292
-1.9172745943069458
-1.2447867393493652
0.7385701537132263
-3.7270617485046387
-1.5106899738311768
0.06067591905593872
-5.432182788848877
0.8283279538154602
0.05172469839453697
0.19188055396080017
-3.1498637199401855
4.443390369415283
0.07337569445371628
0.7041307091712952
0.6464436650276184
-4.114953994750977
-3.146860361099243
-1.6998275518417358
1.3307219743728638
1.1719788312911987
-0.9856797456741333
1.7522097826004028
-1.9168121814727783
-4.552773952484131
1.4402917623519897
1.2110999822616577
0.6577697992324829
-3.9968655109405518
4.239777565002441
4.829272270202637
2.897796630859375
-1.06406831741333
-0.647009015083313
-2.1717116832733154
1.2253820896148682
4.967053413391113
4.68329381942749
2.468942642211914
0.07685529440641403
3.9312727451324463
2.0666589736938477
-5.10546350479126
-0.02550497278571129
-1.5909042358398438
-0.11557286232709885
-3.269937753677368
2.46313738822937
0.8652270436286926
0.9319690465927124
0.4794839322566986
-0.2635824382305145
-1.3199697732925415
-2.2247138023376465
-3.631544351577759
-1.9654831886291504
-0.35175517201423645
0.38133975863456726
3.9766972064971924
-2.0184812545776367
0.275826632976532
1.32207190990448
1.94385826587677
1.605828881263733
-1.6360217332839966
0.304173082113266
1.3955010175704956
2.3966965675354004
3.272394895553589
5.860991477966309
4.119736194610596
1.5618665218353271
0.06902173906564713
1.4532434940338135
1.10291588306427
5.527395725250244
-1.286763310432434
0.08727415651082993
-1.5927358865737915
3.705287218093872
0.5627747774124146
2.833591938018799
-9.80554485321045
0.11724962294101715
5.094740390777588
3.7883071899414062
5.274782657623291
-3.1532888412475586
-0.007864750921726227
-6.130599498748779
0.6941676139831543
-1.775512933731079
-4.48235559463501
0.543035626411438
-0.9560774564743042
-2.848869562149048
-0.053793322294950485
3.083287000656128
0.3685244917869568
-0.3147953152656555
-0.11018595844507217
-0.1412941813468933
0.322666734457016
0.26966482400894165
-0.03387271240353584
-0.039859309792518616
0.02924341894686222
-0.033784035593271255
-0.7124776840209961
-0.07668763399124146
-1.274542212486267
-0.3829030990600586
0.23358438909053802
0.1486692726612091
-5.360395431518555
4.429388523101807
5.583685874938965
3.8622162342071533
0.1434725672006607
2.7592501640319824
-5.207071781158447
-6.084978103637695
6.118249893188477
-0.5758417844772339
3.282838821411133
-0.4857616424560547
1.9064781665802002
5.900592803955078
1.426147699356079
-5.870791912078857
-1.4376198053359985
1.4660228490829468
-2.0936594009399414
-2.263760805130005
0.4936964809894562
-4.95220947265625
-2.2552132606506348
-1.077154278755188
-1.003593921661377
-0.4212110638618469
-0.6845142841339111
1.8719896078109741
-0.9088598489761353
-0.530689001083374
-3.8789093494415283
-1.9058749675750732
-0.7169102430343628
0.6016212105751038
-0.08646973967552185
0.10053414106369019
-2.3494133949279785
-1.9793285131454468
1.5872763395309448
0.09911833703517914
0.23767304420471191
2.062818765640259
-1.057221531867981
-0.0752352774143219
-2.856816053390503
-0.39783617854118347
0.4166102707386017
-4.268111228942871
0.9258142113685608
-0.4858381748199463
-0.2087668925523758
2.5101864337921143
3.3554060459136963
2.1685991287231445
-0.5515326857566833
-1.921449065208435
0.7491500377655029
3.1154799461364746
-0.15405407547950745
0.05156506970524788
1.164512038230896
-0.19677802920341492
0.4399851858615875
1.3731136322021484
-1.3861509561538696
0.12717792391777039
3.0629074573516846
5.6349921226501465
1.3760675191879272
1.6608611345291138
-0.5611250400543213
5.087979793548584
-0.6478357315063477
0.4191744923591614
0.570609450340271
0.213093101978302
-1.2109190225601196
0.1385425478219986
2.718691110610962
2.740385055541992
3.5759634971618652
0.3494490385055542
-0.9123474359512329
-4.385935306549072
-1.2829418182373047
2.6270089149475098
-4.512660980224609
1.109941840171814
-2.5727083683013916
1.4424890279769897
-0.17156796157360077
-3.490990400314331
0.05849739536643028
2.8781187534332275
0.7908874750137329
-1.8484426736831665
4.737216472625732
-5.28954553604126
0.6796332001686096
0.441119521856308
1.7855573892593384
4.001992225646973
-0.4787362515926361
-1.486480712890625
-5.250045299530029
-0.2293206751346588
-1.838226318359375
-3.369955062866211
-3.547365188598633
-2.0245795249938965
-1.5872958898544312
0.01396101526916027
4.301980018615723
0.6777130365371704
0.00963930506259203
-5.141592025756836
-2.4294629096984863
0.4356013834476471
0.6941372752189636
-4.337093353271484
0.48849067091941833
0.312393456697464
-1.239185094833374
0.09729806333780289
2.316211462020874
-1.8179011344909668
-4.535312652587891
0.05598226934671402
-2.9988152980804443
0.7384766936302185
0.5833227634429932
5.314595699310303
-2.195127248764038
-3.369187355041504
1.2833926677703857
5.012261867523193
-4.878046035766602
-0.9978138208389282
4.121675491333008
1.4922617673873901
1.502159595489502
2.573579788208008
-0.4518522322177887
-2.471031427383423
-1.3280898332595825
-0.5554208159446716
-3.8265137672424316
0.9383600950241089
-0.9707838892936707
-5.575228214263916
6.573944568634033
-0.16647027432918549
-2.679412364959717
-3.607750654220581
-1.9324651956558228
1.6127345561981201
2.9421544075012207
-1.903220534324646
-4.27190637588501
1.1659331321716309
0.7581734657287598
-0.6520488262176514
0.2394612580537796
1.4803504943847656
-0.13529017567634583
1.3209470510482788
4.733871936798096
1.4190503358840942
-1.9227243661880493
-0.21419759094715118
-0.649606466293335
-1.7839235067367554
4.825493335723877
0.966029703617096
-5.445425987243652
-0.027013786137104034
1.7087734937667847
0.455423504114151
-0.7829602956771851
1.1193294525146484
0.7473816275596619
3.858607292175293
-3.553344249725342
1.0148844718933105
0.82805997133255
0.08625149726867676
-0.23820510506629944
0.8558599352836609
-2.5879623889923096
-2.1130571365356445
-5.8909502029418945
0.11167816817760468
1.2565510272979736
0.5540372729301453
0.4410586655139923
0.12966571748256683
-2.530928611755371
-0.026211027055978775
-0.24969938397407532
-2.5667920112609863
-0.6598331332206726
-3.751319408416748
-0.17153793573379517
-0.32480213046073914
4.771217346191406
3.5057010650634766
4.681278705596924
-4.709682941436768
2.406062126159668
3.5353832244873047
2.2031795978546143
4.951223850250244
0.40105336904525757
2.6193764209747314
-3.9085161685943604
5.001837253570557
3.5126583576202393
4.663978099822998
3.3726658821105957
3.687211751937866
0.2692314088344574
-0.08878898620605469
-3.2899367809295654
0.05247873812913895
-5.874515056610107
-0.019216129556298256
2.0503787994384766
0.5747717022895813
4.296732425689697
-3.1638901233673096
-0.07099246233701706
-2.905747175216675
-2.968632221221924
-4.979955673217773
-3.6877505779266357
-5.402845859527588
-0.11714856326580048
0.47435086965560913
0.21492591500282288
0.8507488965988159
-0.19269903004169464
-1.258887529373169
-0.06085045635700226
0.19360755383968353
-0.6903313398361206
-1.1824381351470947
-0.3535657227039337
0.48387762904167175
-0.01885903812944889
0.147520050406456
0.5341328978538513
-0.11794747412204742
-2.297433853149414
0.14978477358818054
0.27436956763267517
-0.2202937752008438
2.823282241821289
-0.5781826376914978
-0.7135248184204102
1.5616122484207153
1.4552758932113647
2.4448375701904297
0.21963967382907867
-5.931380748748779
1.212510585784912
-5.0677666664123535
3.4549944400787354
0.33747199177742004
4.472790241241455
6.334070682525635
-2.8029072284698486
1.4396575689315796
0.21393771469593048
-2.2285678386688232
0.9353815913200378
-0.95256507396698
-0.26801422238349915
-3.2589571475982666
2.2281041145324707
0.8369825482368469
4.389587879180908
-2.5051748752593994
-0.7092995047569275
0.6077331304550171
0.5600678324699402
1.1754266023635864
-3.481945037841797
1.2366206645965576
-0.2649672031402588
-1.4638140201568604
-1.0321558713912964
-0.2761416733264923
-2.0403554439544678
1.2640200853347778
0.06672649085521698
2.7886407375335693
-5.66957426071167
0.1304054707288742
0.5745609402656555
-1.6562262773513794
-1.3568077087402344
-2.221980333328247
0.3130468428134918
-0.42629849910736084
-1.2219963073730469
0.058855947107076645
2.284574508666992
5.320629119873047
0.2124343365430832
-1.3003815412521362
-0.13430780172348022
-0.7337355613708496
-0.9354336261749268
4.685955047607422
-0.9743099212646484
-0.45750367641448975
1.0775967836380005
-0.10961823910474777
-0.3772229552268982
-3.8068292140960693
-2.380887508392334
0.22369609773159027
-0.35330918431282043
2.152122974395752
-4.051445007324219
-2.182499647140503
0.1040656641125679
4.248085975646973
0.11685413122177124
5.161182880401611
-3.5280985832214355
6.251309394836426
0.11840640753507614
-4.750226020812988
-5.793951988220215
5.64750862121582
-3.208676815032959
0.16537699103355408
-2.622533082962036
-1.008082389831543
-0.2861163318157196
0.5981867909431458
0.4622076153755188
-0.07633107155561447
-1.7704107761383057
0.386643648147583
0.15168356895446777
1.478151798248291
-0.8798199892044067
1.8649338483810425
-0.33549240231513977
-3.070934534072876
-2.2343385219573975
-5.930501461029053
-3.31319522857666
-3.419340133666992
-2.5593173503875732
0.6820021271705627
-2.4538345336914062
-3.3118197917938232
3.0760388374328613
0.5764142870903015
-1.546797752380371
2.4076693058013916
2.0588219165802
-0.33899810910224915
-0.9037943482398987
-3.0154950618743896
-4.6567487716674805
-9.588244438171387
-4.719839096069336
-5.829756259918213
-4.796925067901611
-0.9491448402404785
2.5194382667541504
-5.08812952041626
0.47121304273605347
-0.6027844548225403
-3.976775884628296
-4.6008429527282715
4.894622325897217
2.0145184993743896
1.581773281097412
-0.24745158851146698
-3.0372238159179688
-1.4478775262832642
-0.13358236849308014
1.962785243988037
2.21947979927063
-1.1517442464828491
-3.199143409729004
0.07117080688476562
0.5339856147766113
0.4163303077220917
0.15633369982242584
2.947510242462158
1.9828951358795166
-4.421635150909424
-2.573509454727173
1.4130754470825195
0.8219543099403381
0.08530378341674805
3.151047945022583
-0.31600821018218994
-0.31121721863746643
-2.0715672969818115
-6.213144302368164
0.6273314356803894
0.6698709726333618
-0.11448602378368378
2.8613438606262207
0.9937629699707031
4.97744607925415
-0.38397112488746643
4.025825500488281
-3.2834978103637695
-1.0223722457885742
0.7932087182998657
-0.9834311008453369
1.1390836238861084
0.9968584775924683
0.1879919320344925
-0.09271753579378128
-0.5572820901870728
0.7444409132003784
-0.02267693728208542
-6.055905342102051
4.251515865325928
0.18179656565189362
-3.527247905731201
2.065868616104126
2.7052314281463623
1.6849061250686646
-4.0811662673950195
-0.25240737199783325
-1.6619672775268555
-3.8783490657806396
-0.535373330116272
-3.6372642517089844
3.2293877601623535
0.30645257234573364
-2.6432182788848877
0.0896127000451088
0.25889429450035095
3.245609760284424
-0.14199788868427277
0.002187316073104739
-0.12586304545402527
-3.4813766479492188
-2.457367420196533
3.053171157836914
-1.2145930528640747
-3.4097490310668945
1.3261585235595703
0.8644975423812866
2.835510015487671
-2.1358115673065186
-3.6892800331115723
0.009289593435823917
-0.05556789040565491
-1.5464138984680176
0.38477450609207153
-1.7822699546813965
-3.206277370452881
-2.2715811729431152
-4.679394721984863
-1.9972337484359741
-0.034965869039297104
-4.033669471740723
-2.8131966590881348
0.24142742156982422
0.13097554445266724
-2.9654393196105957
2.5515806674957275
-4.157916069030762
-2.0130224227905273
-2.5769078731536865
-6.856288433074951
-3.2876036167144775
4.793757438659668
-12.99731159210205
-9.494813919067383
1.9454861879348755
2.9571540355682373
2.301438331604004
-1.9375672340393066
0.8519821763038635
-6.10473108291626
0.07559910416603088
-0.5420914888381958
-5.159922122955322
0.3689865171909332
3.3346242904663086
-0.7028924226760864
-2.1869332790374756
4.327610492706299
0.4677358567714691
0.317177414894104
-0.0016597770154476166
0.043891146779060364
-0.6278175711631775
0.3660822808742523
0.02247367799282074
1.0698703527450562
0.19435948133468628
-0.19117817282676697
0.07693154364824295
0.000355258904164657
0.159368097782135
-0.20514661073684692
-0.09773210436105728
0.6459322571754456
-6.063915252685547
-5.155245304107666
3.433458089828491
2.2478387355804443
-0.1592637449502945
3.87931752204895
1.9415494203567505
-5.950307846069336
-0.9144550561904907
-5.953495502471924
1.8909857273101807
1.0031405687332153
1.624662160873413
-6.1846137046813965
1.0659253597259521
2.258105993270874
1.5174551010131836
0.43661388754844666
2.105466604232788
2.158313512802124
2.9397902488708496
-5.180612564086914
3.639338493347168
1.4784139394760132
-4.224752902984619
1.4659805297851562
-4.01324462890625
2.2193851470947266
2.2321231365203857
0.11802339553833008
1.2648557424545288
2.4557700157165527
-0.5220056772232056
-0.11285309493541718
-2.0660958290100098
-0.23406191170215607
3.1328556537628174
-2.2574100494384766
-2.22926926612854
-0.12653644382953644
0.669075608253479
0.37019723653793335
0.7368067502975464
-1.886645793914795
-0.2145567536354065
2.2888951301574707
-2.126023769378662
1.760857105255127
-3.151902914047241
-5.932085990905762
-4.277322292327881
2.1030242443084717
1.1739033460617065
0.24935747683048248
0.06725910305976868
1.1349763870239258
-0.7834087610244751
2.5572593212127686
1.6581134796142578
-0.12454389780759811
0.17973054945468903
-0.8570020794868469
-0.338737428188324
4.277547836303711
-2.5968306064605713
-0.19448137283325195
-1.6495423316955566
-1.5101388692855835
-5.884562015533447
1.2086912393569946
-0.11369560658931732
-0.2617855370044708
0.20229624211788177
0.08174286782741547
-1.241654396057129
1.0954365730285645
0.5755891799926758
-5.847747802734375
-0.3786851465702057
-0.09874120354652405
1.1274168491363525
-0.16366411745548248
1.4992619752883911
-2.763176202774048
1.8049805164337158
-1.9553035497665405
0.02407865971326828
-2.6984527111053467
-1.627906084060669
-0.21702605485916138
0.4241526126861572
-4.945296287536621
-1.0685927867889404
-4.853142261505127
-3.833629608154297
-3.567441940307617
0.5352151989936829
-3.8548943996429443
0.325380802154541
1.1839361190795898
0.7483790516853333
-0.2405858337879181
2.151872158050537
-5.2559494972229
-2.5422921180725098
-1.710465431213379
2.0202503204345703
-3.269075632095337
-1.8913065195083618
-0.5913038849830627
0.966821551322937
-0.5254336595535278
-3.1629714965820312
-5.8632378578186035
2.2103002071380615
-5.035938262939453
-5.901611804962158
2.269998788833618
1.491286277770996
-5.319735527038574
-5.5531744956970215
-0.24220047891139984
-7.699475288391113
-6.522073745727539
3.743274211883545
1.9209487438201904
1.5489673614501953
0.12333876639604568
-3.9980037212371826
-1.0535151958465576
-0.966830313205719
-0.11631090939044952
2.0527544021606445
-2.477464199066162
-2.2768783569335938
0.10632442682981491
0.9346609115600586
-3.776792287826538
2.8494057655334473
2.9877467155456543
5.068691253662109
-1.0201196670532227
3.806097984313965
-3.02349853515625
1.593855619430542
0.5095152258872986
-1.6604173183441162
-0.1758238822221756
-0.8927097320556641
-4.7463483810424805
-5.649705410003662
0.4361453056335449
-0.2451137900352478
0.1641898900270462
-0.746502697467804
2.0277960300445557
5.573901653289795
0.812107264995575
-0.5750843286514282
-1.7780989408493042
-0.07842551171779633
1.0515929460525513
-0.00997920986264944
0.29109081625938416
-1.7277216911315918
-0.31018874049186707
-4.198124885559082
-0.7299481630325317
0.6943556070327759
1.47955322265625
-2.5878355503082275
-1.6251802444458008
2.510209083557129
0.23534193634986877
2.074272632598877
0.6954993605613708
0.3074527680873871
-3.354147434234619
4.735257625579834
0.2005092352628708
-1.921594262123108
-1.6625910997390747
3.155897855758667
0.17311494052410126
-5.771704196929932
-3.925650119781494
0.007530335336923599
-0.8408326506614685
-0.6197940707206726
0.6107515692710876
2.607891798019409
2.6473073959350586
-3.1833484172821045
-2.116619348526001
-1.1100083589553833
-1.5626193284988403
-3.608844518661499
-1.6948375701904297
-0.6657307147979736
-0.03906133398413658
1.6862822771072388
-3.2759218215942383
-0.7817737460136414
-2.5123040676116943
0.6722691059112549
-5.26751708984375
-5.72936487197876
-2.7610318660736084
-0.13299982249736786
-3.700047492980957
0.9884607791900635
-2.0822153091430664
-5.976870536804199
-0.7741464972496033
-0.09619815647602081
2.323507308959961
0.314519464969635
-0.10144909471273422
2.4377548694610596
3.847189426422119
-1.5798187255859375
-2.167374610900879
0.9312905073165894
0.805059015750885
-8.004037857055664
-3.006786346435547
4.180328369140625
3.534344434738159
4.829007148742676
-1.886804461479187
-0.014410636387765408
-6.334588050842285
-0.14459310472011566
-5.967037200927734
-1.1223591566085815
-0.981412947177887
0.0840798020362854
-6.520725250244141
-2.9303789138793945
0.10676804929971695
0.7682385444641113
0.12536673247814178
0.16506603360176086
0.37658506631851196
-0.8851439356803894
0.4060746431350708
-0.06018674001097679
0.22792093455791473
-0.16082054376602173
-0.1122121810913086
0.08692885935306549
0.09551553428173065
-1.8159006834030151
0.025176510214805603
-0.1571192741394043
0.04213448613882065
-5.512572288513184
-1.7400692701339722
6.073248386383057
1.003777265548706
-0.6323471069335938
1.76210355758667
-5.27151346206665
-6.8341474533081055
6.061091899871826
-6.084993839263916
2.437577247619629
-2.3764548301696777
4.032512664794922
-5.387615203857422
3.5608317852020264
-6.204246997833252
-1.1528019905090332
2.41133713722229
-1.2506276369094849
0.45334479212760925
-0.6550077199935913
-5.919880390167236
-1.3983409404754639
2.7946572303771973
0.5106414556503296
0.8852628469467163
-3.880311965942383
-0.14911356568336487
1.7811734676361084
1.9736193418502808
-3.3298258781433105
0.2220967710018158
-1.1412620544433594
0.04288801923394203
-0.1523970663547516
1.1848896741867065
-0.03179943189024925
-0.7439708709716797
0.11729690432548523
1.5196713209152222
4.297245979309082
-0.9464642405509949
4.051971912384033
1.97635018825531
-0.820134162902832
0.06310246884822845
-0.2868216335773468
-5.8239054679870605
-0.9587298631668091
-6.050048828125
0.030682098120450974
5.345394134521484
1.10200834274292
0.2463735044002533
-0.4113224148750305
-4.008089065551758
0.4275619685649872
3.210875988006592
0.1213921457529068
3.387877941131592
1.7381542921066284
-5.658516883850098
-0.22802574932575226
0.43754833936691284
3.2535064220428467
0.2399756908416748
1.8949191570281982
-4.958836078643799
-6.157942771911621
0.0007018196629360318
0.2318691909313202
-2.04571795463562
-5.738116264343262
-3.868234395980835
0.9079814553260803
-6.32089376449585
-1.5320801734924316
3.473233222961426
5.503870487213135
-1.7735967636108398
-0.050878603011369705
0.8961830139160156
4.536382675170898
-0.2685313820838928
4.701760768890381
0.6508969664573669
-2.342352867126465
0.8787086606025696
-1.550730586051941
4.100904941558838
1.8828349113464355
0.78574538230896
-2.3968122005462646
-5.289407253265381
-2.618943929672241
0.028666911646723747
1.4435644149780273
-4.390715599060059
1.2588263750076294
5.574638843536377
4.134410381317139
3.8315107822418213
1.9797638654708862
-4.439972877502441
1.2637461423873901
0.30601826310157776
2.338913917541504
-4.601001262664795
-4.456743240356445
1.8541772365570068
1.1853240728378296
2.1919314861297607
1.9632774591445923
-5.251186370849609
0.6765264272689819
0.466386079788208
-4.576523303985596
-2.033379554748535
4.273043632507324
-5.289901256561279
-0.1888474076986313
0.8973808288574219
-5.24757719039917
-6.711864471435547
0.09848171472549438
1.4391024112701416
3.8145532608032227
-1.9009181261062622
-1.3967177867889404
-4.128659725189209
-4.036032199859619
0.8181136846542358
-1.0637943744659424
-1.5816830396652222
1.937269687652588
2.8811049461364746
-6.059440612792969
-4.989594459533691
2.804929256439209
-2.0284180641174316
5.761658191680908
3.785053253173828
3.7861976623535156
-1.0321674346923828
1.4575952291488647
1.3258318901062012
-3.000825881958008
0.5365460515022278
1.0137033462524414
-4.556140422821045
4.91402006149292
-0.47779417037963867
-2.541008710861206
-0.38573792576789856
-4.544294834136963
-0.49682682752609253
5.770473957061768
-0.07701415568590164
-4.0481109619140625
1.8334240913391113
1.3093056678771973
0.1292945146560669
1.4257807731628418
0.18096919357776642
-1.1237845420837402
0.7953357696533203
-1.6937358379364014
-0.1556103527545929
-4.135608673095703
0.7977333068847656
4.651741981506348
-4.871737480163574
0.8072090744972229
2.6414406299591064
-3.312319755554199
0.37935641407966614
2.4787533283233643
-3.514519214630127
-2.0096631050109863
3.2817134857177734
-2.772887945175171
-0.47792568802833557
1.7391791343688965
-1.1784147024154663
3.299190044403076
-5.135368347167969
1.6335898637771606
-0.2043582946062088
-3.5343308448791504
2.157459259033203
-0.15453100204467773
-1.974313497543335
-0.3598129153251648
0.07308991253376007
2.9142000675201416
-0.030883803963661194
0.6431551575660706
-0.5320842862129211
0.7167111039161682
-2.7688140869140625
-1.1312031745910645
-1.161838173866272
0.6129697561264038
-4.858982086181641
1.2980114221572876
-0.906898558139801
1.929956078529358
-2.970236301422119
3.278897523880005
-3.7095565795898438
-0.5231695771217346
-3.282125234603882
-6.911825656890869
1.8040398359298706
-1.9300153255462646
2.3590378761291504
-0.8002468943595886
-5.369035720825195
3.07637619972229
-0.543160617351532
1.596867561340332
3.681187391281128
1.1479542255401611
-4.78931188583374
-6.321932792663574
-5.01511287689209
1.0892637968063354
0.5770463347434998
3.143446207046509
-0.3292149007320404
0.07379461079835892
-0.8082099556922913
0.9340336918830872
-5.512652397155762
-1.5441062450408936
-1.5927696228027344
1.2295987606048584
-2.0099074840545654
0.04626896232366562
1.8805317878723145
2.2406983375549316
0.29046860337257385
0.7016335129737854
-0.4364282488822937
-0.1504320502281189
-1.449130654335022
-0.019158629700541496
0.21853287518024445
0.20960287749767303
-0.03680501505732536
-0.03211408108472824
0.17612792551517487
-0.38147708773612976
-0.461203008890152
-0.10071434825658798
-0.3965268135070801
-2.7412421703338623
-5.328060150146484
0.8112651705741882
2.881038188934326
3.3608572483062744
-2.3378190994262695
-3.2896900177001953
-6.258380889892578
-2.7379071712493896
-1.0296730995178223
-0.36070942878723145
1.6425492763519287
5.290806293487549
5.65714693069458
2.650621175765991
5.234402179718018
1.2782007455825806
0.049595028162002563
-0.5421849489212036
0.7711471319198608
-0.29473525285720825
-4.517306327819824
-1.4339371919631958
3.2693121433258057
3.263564348220825
-0.844398558139801
0.543319582939148
-3.8095245361328125
1.2454501390457153
0.7794680595397949
-4.380283832550049
0.12522731721401215
2.773179292678833
-1.0454096794128418
1.9799448251724243
1.0813206434249878
1.4713009595870972
0.7887644171714783
3.8187267780303955
2.173696994781494
-5.924636363983154
-2.559027671813965
-0.20730911195278168
0.18237628042697906
1.6543601751327515
-0.9368014335632324
1.6491761207580566
-0.2844969630241394
-3.4496843814849854
-6.052484512329102
4.5873212814331055
-2.102701425552368
-0.638210654258728
-1.1786980628967285
0.2829677164554596
-3.7144527435302734
0.02662324346601963
-0.493815153837204
1.2570679187774658
0.4081832468509674
2.1274473667144775
-2.227066993713379
-0.18629145622253418
-2.2843408584594727
-2.535564661026001
0.04310107231140137
-0.21244610846042633
-5.475364685058594
1.7504847049713135
1.6530817747116089
-0.23279277980327606
-1.1214656829833984
0.3874882459640503
-1.4784053564071655
-0.4499296247959137
0.1595873087644577
2.2916176319122314
4.612672328948975
0.1761040836572647
0.10695094615221024
-0.4021921455860138
1.8504806756973267
-5.366652011871338
0.20342864096164703
2.327080011367798
-0.7817810773849487
0.0726342722773552
1.2618794441223145
2.3464865684509277
-1.8946672677993774
2.9303953647613525
-2.665041923522949
0.1416875272989273
2.845865249633789
2.156759262084961
0.31152281165122986
-0.3739076852798462
-1.5413731336593628
-5.014432430267334
-3.521535634994507
-1.46048104763031
-1.6603333950042725
-3.940018653869629
0.6219786405563354
-0.6156056523323059
1.8787803649902344
1.041169285774231
-1.2898682355880737
1.4850741624832153
0.7098197937011719
-0.9530336260795593
-0.23191091418266296
-4.79325532913208
-6.112771034240723
-5.430655002593994
-5.207146644592285
-5.290398597717285
-4.69684362411499
-1.2769439220428467
-2.049442768096924
-0.8860295414924622
-0.08025920391082764
-3.739290952682495
-2.408487558364868
5.531980514526367
5.488508701324463
-5.554668426513672
2.090296983718872
-2.0991597175598145
-0.9303943514823914
0.6781385540962219
-1.260345697402954
-0.4039401113986969
3.1400792598724365
3.1730329990386963
2.212610960006714
1.0051871538162231
-0.6793504953384399
0.6224528551101685
1.0411840677261353
3.9764065742492676
0.6314424872398376
0.14440715312957764
-2.473212480545044
2.2184295654296875
-0.31617745757102966
3.494347095489502
-0.0856260284781456
-0.22539174556732178
-3.1112842559814453
-1.0169553756713867
-0.8697784543037415
0.5314181447029114
2.958374500274658
-3.480898380279541
2.0090272426605225
3.9919707775115967
-2.3621950149536133
5.3045125007629395
-1.9489210844039917
0.7490442395210266
-0.5841543674468994
0.2826378047466278
-1.3399640321731567
-1.9119939804077148
0.9758312106132507
5.374420642852783
3.45196270942688
0.6412056088447571
1.5339637994766235
-5.122492790222168
-1.7548965215682983
-2.66044020652771
-2.6659910678863525
-0.920160174369812
2.9521853923797607
3.5689072608947754
-3.0043959617614746
1.9362857341766357
-3.768758535385132
-2.800433874130249
0.11249395459890366
-4.166132926940918
1.0944700241088867
0.39291641116142273
-0.7850906848907471
0.8016231656074524
-2.65560245513916
1.421809434890747
-4.013030529022217
-5.095089912414551
-0.12691134214401245
0.6366845369338989
1.8210939168930054
1.4466419219970703
1.1623475551605225
3.7500743865966797
-1.423476219177246
0.2301105558872223
0.7990729808807373
-0.5450514554977417
-2.1692440509796143
-2.33829927444458
-5.034276485443115
-3.133089303970337
4.743260860443115
5.316831588745117
-0.8150658011436462
-2.900757074356079
1.027381181716919
1.6904696226119995
0.011667684651911259
0.29289254546165466
-1.2425113916397095
1.7022258043289185
2.1326963901519775
-0.27212926745414734
-3.468003749847412
0.15915200114250183
-0.0707140639424324
-2.317964553833008
1.4015990495681763
-5.953868865966797
0.24117852747440338
-8.736181259155273
-8.112018585205078
-0.8458060622215271
1.497411847114563
0.020563844591379166
2.1977028846740723
0.1327933371067047
-4.433953285217285
0.22780495882034302
-3.8430516719818115
-3.6740009784698486
-0.1310100555419922
1.429978370666504
1.530996561050415
-0.035769056528806686
2.2357797622680664
-1.0581060647964478
-0.9034971594810486
-1.169392704963684
0.9440315961837769
0.05981427803635597
1.4898205995559692
0.23112572729587555
-0.2254367619752884
0.07502751797437668
0.1688997745513916
-0.026960035786032677
0.08303701877593994
0.5595067739486694
0.662867546081543
0.6693681478500366
-0.1514153927564621
-3.3321447372436523
-4.0072221755981445
-0.2812327742576599
0.1438663750886917
-0.5803738832473755
4.668900489807129
6.147661209106445
-2.2192366123199463
-0.4622494578361511
-7.207555294036865
0.5019310712814331
-0.18806235492229462
-1.7673940658569336
0.12274107336997986
-0.744667112827301
-0.3213472366333008
-0.5917711853981018
-4.8456196784973145
2.972047805786133
1.1313979625701904
-0.09440132975578308
-5.831748008728027
4.16525936126709
2.2987523078918457
-3.956130027770996
-0.7200016379356384
-1.8387322425842285
1.3776483535766602
1.976431965827942
-1.7596451044082642
2.3870058059692383
1.2512493133544922
-3.055445432662964
-0.5969263911247253
-2.149428606033325
0.7664341330528259
-0.04514767974615097
-0.09660972654819489
-3.1536858081817627
-0.134755939245224
1.4702930450439453
-0.5632556676864624
-0.16274681687355042
4.225699424743652
2.918329954147339
1.4550598859786987
-0.65937340259552
-1.2549102306365967
-1.3941400051116943
-7.550556182861328
-5.820826053619385
1.9678417444229126
-4.856442928314209
-0.33635222911834717
-0.09178649634122849
-5.727840900421143
-2.8246445655822754
-0.22140070796012878
3.235093355178833
-0.08785557746887207
-0.23455172777175903
-0.7561965584754944
0.19138163328170776
0.27811411023139954
1.458855390548706
1.8390294313430786
-1.3928741216659546
-6.134329319000244
3.4295551776885986
-0.591162919998169
-0.4530491828918457
-2.4969286918640137
-0.45429614186286926
-2.473182439804077
-1.2231894731521606
-7.411126136779785
0.09795693308115005
-1.9149000644683838
-5.401164531707764
-4.06771183013916
1.3584966659545898
-0.7612643241882324
-1.799015998840332
1.3620014190673828
3.4588518142700195
-1.827926754951477
0.3649898171424866
-3.0386383533477783
1.3790180683135986
2.377397298812866
2.942887544631958
-0.2229200154542923
-0.09091077744960785
2.3635199069976807
-2.3286261558532715
-0.03288343548774719
1.1849673986434937
0.9201669096946716
-1.6721954345703125
3.377358913421631
1.5913320779800415
-0.2620198428630829
-0.8847711086273193
-3.381927967071533
-3.5633535385131836
0.30256813764572144
3.5038130283355713
-2.3622050285339355
-0.20675036311149597
-2.4259450435638428
-1.3624067306518555
2.30423641204834
-3.7398879528045654
-9.662993431091309
-1.4708130359649658
-5.504786491394043
-5.267892360687256
-2.781571388244629
2.6078543663024902
0.12844693660736084
-2.8675851821899414
-4.820993423461914
-5.919713020324707
-5.338482856750488
4.641645431518555
-0.5130079388618469
4.794092178344727
0.17839308083057404
-0.09410543739795685
3.011502504348755
0.5047547221183777
2.2660233974456787
0.5046634078025818
2.643245220184326
-1.6296590566635132
3.425431251525879
-0.01817544549703598
3.924034833908081
-0.2755105793476105
-1.5570378303527832
5.0276780128479
-3.5075137615203857
-3.639914035797119
-5.230143070220947
0.3159732222557068
-0.04516711086034775
-0.7811106443405151
0.10003864765167236
0.6944085359573364
-4.901109218597412
-6.049185752868652
1.657479166984558
-0.49417242407798767
3.8195903301239014
-4.417972564697266
-0.5793507099151611
3.658717155456543
-0.4013988673686981
3.5032856464385986
0.6150235533714294
1.778870940208435
0.054910436272621155
-0.574853241443634
-1.0087037086486816
-0.756309449672699
0.2307957112789154
-3.2324142456054688
2.691687822341919
0.07615529000759125
-0.28830891847610474
3.1889026165008545
-3.9171359539031982
-1.5926357507705688
-1.7212762832641602
2.830284833908081
-0.2399115264415741
-0.0382271334528923
1.0811728239059448
4.475860118865967
-3.5146214962005615
0.5532864332199097
-0.23728439211845398
-0.4467661380767822
-2.6611380577087402
-5.385834693908691
-1.0681252479553223
-0.5130951404571533
0.23707421123981476
0.7002733945846558
-2.725955009460449
0.869001030921936
0.43708547949790955
0.49663928151130676
3.1006920337677
-1.5209096670150757
-3.180088758468628
1.7435572147369385
-3.233687400817871
-1.313607931137085
0.5999444723129272
0.952042281627655
1.3781652450561523
-1.087726354598999
-2.792816400527954
-2.4362051486968994
-0.7113481760025024
-3.9081411361694336
0.5906686782836914
3.269897222518921
1.3236196041107178
2.176337957382202
-3.866358995437622
0.5678470730781555
0.9038131833076477
0.0984625592827797
2.749326705932617
1.3134630918502808
-5.562376499176025
0.3035960793495178
-0.983673095703125
-0.0623178593814373
-4.9090800285339355
-3.311135768890381
-5.311330795288086
-5.901613235473633
-1.7979342937469482
-0.15456612408161163
2.9098057746887207
2.399280548095703
-0.056742358952760696
0.393128901720047
-5.378932476043701
0.06529197096824646
-5.327726364135742
1.072006106376648
-3.5926008224487305
-0.5258846879005432
-1.4771562814712524
-5.958292007446289
-5.5864081382751465
-0.514771044254303
0.6677513718605042
-0.3503705561161041
-0.021650591865181923
0.25695881247520447
-0.6480623483657837
0.07575646042823792
-0.1454637348651886
0.23537755012512207
-0.17991521954536438
0.5801177024841309
-0.1277264803647995
-1.9342522621154785
0.11157536506652832
-0.579971194267273
-0.36953774094581604
-3.218606948852539
-0.024702798575162888
6.142542362213135
2.4009311199188232
0.5398859977722168
2.2949445247650146
0.006398530211299658
-5.679617404937744
5.094248294830322
-2.882812261581421
0.088445283472538
0.7258066534996033
-0.3684614300727844
-6.991761684417725
-3.2482528686523438
-5.795372009277344
0.2654587924480438
-3.207054376602173
-0.0917794480919838
-1.3281019926071167
-2.3405182361602783
-6.220039367675781
-1.0075918436050415
3.168790102005005
-0.09272830933332443
1.6995197534561157
2.678460121154785
-3.3978993892669678
-0.2388496845960617
-0.7847021818161011
0.2318410873413086
-3.033708333969116
0.5465569496154785
0.2702348828315735
-2.195699691772461
-0.44960886240005493
-2.332463502883911
-2.2784156799316406
-3.6344540119171143
-0.6061774492263794
-0.08906590938568115
-0.41054609417915344
0.21645590662956238
-0.05546261742711067
1.9086604118347168
-0.40695977210998535
-3.449065685272217
-6.426093101501465
0.22020140290260315
-6.117182731628418
-4.864363193511963
-1.1972877979278564
-0.7189114093780518
-1.0579484701156616
0.07119061797857285
-5.0217132568359375
2.6179451942443848
-4.916071891784668
0.16665275394916534
-2.8104186058044434
2.5017452239990234
-2.9172370433807373
0.44223552942276
0.1114576905965805
-1.3841830492019653
0.6628374457359314
2.4409987926483154
-4.232327461242676
6.102612495422363
-0.7951194047927856
0.3666534125804901
1.014958143234253
-0.17923825979232788
5.3808674812316895
2.4656479358673096
-3.5447957515716553
-1.3270480632781982
-6.073305130004883
-1.2290470600128174
4.683565139770508
1.2189768552780151
-1.7375608682632446
4.920617580413818
3.3085339069366455
-0.9014592170715332
-0.4643681049346924
-0.17368148267269135
-2.880053997039795
-0.9924927949905396
1.5925838947296143
-1.2923976182937622
3.99699068069458
-1.5322237014770508
-3.078226327896118
-2.5432722568511963
-0.018248945474624634
3.1538524627685547
-3.3742356300354004
2.63769268989563
5.807682037353516
-0.42336902022361755
3.5321340560913086
2.36453914642334
-3.530578136444092
-0.9948549270629883
-0.6113528609275818
0.153341606259346
-0.7610466480255127
-1.610670566558838
-0.00031532274442724884
1.716720461845398
1.905778408050537
1.1722527742385864
-10.555093765258789
-1.0469396114349365
-2.6961288452148438
-4.812138557434082
-4.080916881561279
1.5808836221694946
-0.7539608478546143
-2.880625009536743
-0.5962369441986084
-5.116884231567383
-7.181166172027588
1.0624823570251465
3.0152013301849365
1.1324424743652344
-1.022714614868164
3.1532225608825684
-1.553037166595459
-2.4214346408843994
-0.3942278325557709
1.6261463165283203
2.9594955444335938
0.7424043416976929
3.9934401512145996
-5.794802188873291
4.910934925079346
0.0049263895489275455
0.1061725988984108
4.997265338897705
-3.4107344150543213
-0.21761830151081085
4.004603862762451
-0.798943281173706
-0.4671385586261749
-3.6094889640808105
0.5971255898475647
-0.4915592074394226
-4.536278247833252
-0.08425148576498032
-0.1400209665298462
-2.910111665725708
3.1844685077667236
-3.6864120960235596
-2.7657577991485596
5.52834415435791
1.0668331384658813
-2.2698962688446045
2.3077216148376465
-0.5278559327125549
-0.4070117175579071
-0.47615164518356323
-1.6462829113006592
-1.279143214225769
-1.6042762994766235
-5.685769081115723
-0.6988732814788818
-4.980213642120361
-1.7752987146377563
6.283217430114746
-2.5840420722961426
-1.0756475925445557
-0.019764333963394165
0.10772901028394699
-0.07098887115716934
-0.8996042013168335
0.6672112941741943
-2.4155495166778564
0.3880571126937866
1.9042506217956543
0.03437333181500435
-2.2178969383239746
-0.9851111769676208
3.089360237121582
-2.9719905853271484
0.6156947612762451
3.6167266368865967
-1.3369462490081787
-0.6225982308387756
0.4920474588871002
-2.8427577018737793
-2.2921788692474365
1.2408123016357422
3.185927152633667
-1.0942491292953491
1.0343811511993408
-3.163341999053955
0.31019383668899536
0.8643124103546143
-0.38708388805389404
2.3114941120147705
-0.323299378156662
0.6573679447174072
-0.4468967020511627
-5.5712480545043945
-5.168634414672852
1.1590992212295532
4.775973320007324
-2.098811149597168
2.1382153034210205
-1.8313277959823608
2.1068170070648193
-0.22752924263477325
-0.38275399804115295
3.860711097717285
0.774543046951294
-0.3195610046386719
-0.3795013427734375
-0.4452655017375946
1.0421494245529175
-1.1604076623916626
0.1791127771139145
-5.663877010345459
-5.83328104019165
-4.442321300506592
3.295734167098999
0.7789300084114075
4.331258296966553
-2.005516290664673
-0.14375272393226624
0.38128820061683655
-5.332801342010498
-0.3086754381656647
-0.080035500228405
-0.327137291431427
-1.4064898490905762
-5.592773914337158
-3.0852630138397217
-0.15531885623931885
-0.6229974031448364
-1.1605949401855469
0.15643540024757385
-0.3989974856376648
0.21432441473007202
0.6722581386566162
-0.23308366537094116
-1.3181451559066772
0.20872147381305695
0.3432539105415344
-0.13456781208515167
-0.19750170409679413
0.09698360413312912
-0.13830816745758057
0.011139827780425549
-0.2144816517829895
-1.8151775598526
-5.744158744812012
0.798486053943634
3.231679916381836
-0.2524387240409851
-0.07798454165458679
-4.460893630981445
-3.6737747192382812
-4.755374908447266
1.70989191532135
-3.1991775035858154
3.8320679664611816
2.7031428813934326
-4.037374019622803
5.121463298797607
5.690410614013672
-1.3228706121444702
-2.983175277709961
-2.170379161834717
-0.8694535493850708
-1.5586504936218262
-4.768750190734863
-3.6508352756500244
3.8674230575561523
1.348602056503296
2.2738378047943115
4.29554557800293
-2.9356985092163086
-2.3551113605499268
0.6415033340454102
-1.4974522590637207
-0.8887770175933838
-0.35744503140449524
-0.732631266117096
-0.14834965765476227
-0.08697869628667831
0.28889885544776917
0.453319251537323
2.272151231765747
-1.4835628271102905
-6.603612899780273
3.0798134803771973
-3.3157505989074707
1.695638656616211
0.3508826196193695
3.110917806625366
0.1017407476902008
0.45504313707351685
-2.7897815704345703
-5.759541988372803
-0.2233165204524994
-1.3338031768798828
1.1742173433303833
-1.028712272644043
-0.5905261635780334
-0.7876128554344177
-0.08822324126958847
1.7898738384246826
1.3364049196243286
-0.02202688716351986
1.824535846710205
-1.5171470642089844
-0.1367373913526535
-1.3336280584335327
