21.514690399169922
-18.61072540283203
12.419102668762207
3.447084665298462
8.19750690460205
-23.76488494873047
8.407074928283691
-2.8668272495269775
-12.302225112915039
-2.3821070194244385
-8.601603507995605
-20.319616317749023
-18.805200576782227
-8.66896915435791
-14.64818000793457
-31.251789093017578
2.094888925552368
-33.48733901977539
-2.772001266479492
-11.669258117675781
-21.333972930908203
3.7290215492248535
0.04010142758488655
-27.303852081298828
-30.958494186401367
-6.570404529571533
13.442109107971191
-19.62333869934082
-0.04983901232481003
-16.13112449645996
0.1741686910390854
2.617701292037964
-16.336875915527344
2.4830915927886963
-14.382661819458008
-9.172809600830078
-7.315281867980957
9.819611549377441
-3.5058512687683105
-11.46998405456543
9.97164535522461
-17.884326934814453
-20.87459945678711
2.7647924423217773
16.747446060180664
-17.260873794555664
-6.373459815979004
-2.5773587226867676
-6.808610439300537
-1.7306301593780518
-22.194534301757812
-0.3493849039077759
-24.262815475463867
-14.611010551452637
-6.755279541015625
1.732684850692749
-0.9453151226043701
-21.147674560546875
9.90259838104248
-19.627878189086914
-3.003840446472168
-16.095542907714844
5.496423721313477
-1.2404639720916748
