78.24727630615234
29.433650970458984
87.46221160888672
28.405563354492188
82.69171905517578
3.8093619346618652
-43.16107177734375
38.17831039428711
16.82418441772461
-16.84673309326172
-0.9985672235488892
1.038433313369751
-6.497384548187256
10.648280143737793
-28.153291702270508
23.318565368652344
24.227399826049805
-32.124847412109375
-35.76264953613281
28.985370635986328
19.31834602355957
-3.429711103439331
20.18307113647461
3.2173755168914795
15.631522178649902
40.12289047241211
-0.8747466206550598
38.15616989135742
12.713276863098145
-49.703041076660156
15.864277839660645
76.6793212890625
9.830035209655762
-5.138038158416748
0.04078773409128189
-62.34787368774414
70.79923248291016
-27.361095428466797
-29.37439727783203
-42.41017532348633
43.48830795288086
-32.74691390991211
-34.74338150024414
-44.715240478515625
8.027698516845703
-52.7311897277832
34.280113220214844
-84.90289306640625
-21.321292877197266
-46.43159103393555
-27.613523483276367
-13.911354064941406
-20.516019821166992
-14.042905807495117
-1.2219469547271729
1.1706501245498657
29.710285186767578
-20.314311981201172
3.4366137981414795
-8.679184913635254
-92.615966796875
-47.263092041015625
54.13645935058594
34.84223937988281
