2.0770633220672607
1.9363561868667603
1.9757071733474731
1.9415185451507568
1.9805513620376587
1.6904680728912354
1.8860410451889038
0.8386767506599426
1.8895857334136963
0.7492572069168091
2.5728020668029785
0.59413743019104
1.7803027629852295
2.1774797439575195
1.0052794218063354
1.5990203619003296
1.8698468208312988
2.283722162246704
1.8239409923553467
2.3538992404937744
0.7059018015861511
1.8010810613632202
0.5367580652236938
2.2083382606506348
0.5799474716186523
1.5852758884429932
0.8623873591423035
0.8409242033958435
2.480252504348755
2.152421236038208
1.8468539714813232
1.4502923488616943
