0.7103157043457031
0.7000580430030823
2.0792160034179688
0.9850756525993347
0.31759974360466003
0.8190391063690186
0.29503437876701355
0.9095246195793152
0.9201834797859192
1.7149358987808228
1.1160590648651123
0.7688096165657043
0.517399251461029
0.5601100325584412
1.0968525409698486
0.5660962462425232
1.7984846830368042
0.23604261875152588
0.7970564365386963
0.3374807834625244
0.3700110614299774
0.5171005129814148
1.7740211486816406
2.1612648963928223
0.8774675726890564
0.6063870191574097
0.558262288570404
0.35327526926994324
0.287698358297348
1.417093276977539
1.6068671941757202
0.28185710310935974
1.950087070465088
1.973046064376831
1.8349032402038574
1.609513759613037
1.1816121339797974
1.0083237886428833
0.8495105504989624
0.6208643317222595
0.49178701639175415
1.0551925897598267
0.49471062421798706
0.4080789089202881
0.21662649512290955
1.3968638181686401
1.2053732872009277
0.16531887650489807
0.8549998998641968
0.7930365204811096
1.496141791343689
0.6203272938728333
1.3849936723709106
1.6660637855529785
1.832082986831665
1.694259762763977
0.6730623245239258
1.598994493484497
0.6626718044281006
1.3803431987762451
0.37932807207107544
0.37307608127593994
1.3396867513656616
1.002338171005249
