636.6055297851562
919.239990234375
761.969970703125
877.7506103515625
943.922119140625
813.8934936523438
650.1906127929688
715.9097900390625
542.8788452148438
711.5034790039062
617.66796875
682.40087890625
721.4373168945312
690.947998046875
703.8154296875
679.256591796875
931.5064697265625
638.5499877929688
740.0975341796875
690.1567993164062
1260.312744140625
798.3178100585938
595.1751098632812
623.5051879882812
827.69580078125
729.0046997070312
519.1192626953125
780.3081665039062
713.429443359375
596.2904052734375
715.3322143554688
1045.8218994140625
