-0.7218096256256104
-0.5024701356887817
-0.7227115035057068
-0.22680693864822388
-1.2864487171173096
-2.120631456375122
-0.7346280217170715
-1.9613698720932007
-1.078781008720398
0.41079169511795044
-1.095903992652893
-2.2878055572509766
-0.8037303686141968
-1.3292540311813354
-0.9681899547576904
-2.814384937286377
-1.0191794633865356
-1.3590589761734009
-0.4784049987792969
-0.4090269207954407
-2.2453925609588623
-0.7649667263031006
-2.177948474884033
-1.2225000858306885
-3.822384834289551
-0.3885492980480194
-1.987667441368103
-0.7576064467430115
-1.3410824537277222
-1.9562411308288574
-1.127490520477295
-0.99919593334198
