0.6983594298362732
0.8406214118003845
0.9866679906845093
0.6223233938217163
1.465276837348938
1.3348437547683716
0.7279938459396362
1.6622462272644043
1.5462117195129395
4.086302757263184
1.008745551109314
1.5915089845657349
1.2857117652893066
1.4032129049301147
0.9650132060050964
2.3110132217407227
1.2155543565750122
1.0095041990280151
1.5434197187423706
0.8329591155052185
1.3732757568359375
0.7325161099433899
2.3126609325408936
0.7575740218162537
1.9219576120376587
0.8133572340011597
2.4367926120758057
0.960719645023346
2.1180765628814697
4.002187252044678
1.5157673358917236
0.8666991591453552
