-0.3413544297218323
-0.03657571226358414
0.42162030935287476
-0.19939836859703064
0.314147025346756
-0.03530893847346306
-0.1383925974369049
-0.10392920672893524
-0.08378476649522781
0.3389086425304413
-0.4532729387283325
0.12366185337305069
-0.3888184428215027
0.26520124077796936
-0.1528264880180359
0.3461139500141144
-0.08531845360994339
0.24813076853752136
-0.13375985622406006
-0.10337363183498383
0.22958983480930328
-0.33968281745910645
0.39356720447540283
0.11751528084278107
0.3463580012321472
0.11066041886806488
0.31255897879600525
0.001876593567430973
-0.002131629968062043
-0.25017064809799194
-0.24562177062034607
-0.10130824893712997
