-18.020105361938477
-18.8503360748291
-36.7627067565918
4.7674241065979
-21.922822952270508
19.545167922973633
41.85021209716797
15.827310562133789
-2.7711639404296875
-18.868427276611328
8.412420272827148
-36.92285919189453
-12.951423645019531
-1.2373868227005005
-4.554673671722412
-45.492759704589844
-13.612821578979492
8.251976013183594
-45.021602630615234
-13.362190246582031
-27.043899536132812
-34.318382263183594
-37.32066345214844
-35.22494125366211
-40.35503005981445
-24.460918426513672
-2.0827889442443848
4.837533950805664
-18.69356918334961
9.066041946411133
11.599416732788086
-16.18341827392578
11.310035705566406
-30.598827362060547
-49.848262786865234
15.95135498046875
43.51130676269531
30.899425506591797
-5.703189373016357
7.197416305541992
4.488630294799805
-24.147506713867188
-23.233078002929688
-55.88397216796875
15.906413078308105
-35.00395965576172
-1.728542685508728
-9.102545738220215
6.880169868469238
2.730794668197632
-0.1505587249994278
-21.122962951660156
-42.743621826171875
-5.730688571929932
-8.164910316467285
2.841942071914673
-24.565799713134766
-3.611828327178955
-39.44264602661133
-35.33149337768555
22.323394775390625
6.898783206939697
-45.631622314453125
23.361120223999023
