3.499678134918213
2.4897961616516113
4.074531078338623
-0.09745391458272934
0.3662112057209015
-1.0128198862075806
0.9090598225593567
-1.1813377141952515
-2.5265328884124756
-3.0413620471954346
3.54833984375
-1.0824611186981201
4.815980434417725
-0.3095575273036957
0.13954457640647888
6.372495174407959
3.364081621170044
-2.2086563110351562
0.1539316624403
3.0805251598358154
-4.60855770111084
3.5257556438446045
0.17922981083393097
-0.2090637981891632
-0.5558275580406189
-1.5123144388198853
-0.2268054187297821
-1.9547066688537598
1.9037002325057983
1.908248782157898
0.3815835118293762
3.284121513366699
-0.022601038217544556
3.9322211742401123
1.6366140842437744
3.093547821044922
-0.06472384184598923
4.8855814933776855
3.8960793018341064
-0.27393630146980286
-2.986286163330078
0.8827441334724426
0.8764107823371887
-1.9691753387451172
2.0530176162719727
0.6868628859519958
-0.24274218082427979
-1.233870267868042
-0.8837773203849792
-0.0009399348055012524
-0.8849525451660156
0.9884465336799622
1.0519157648086548
-0.3179265856742859
-1.243923306465149
-0.17604514956474304
-3.3276309967041016
0.00869896449148655
2.8313181400299072
-0.8167988061904907
-0.22460883855819702
0.009993381798267365
-0.14678335189819336
-0.1745661348104477
2.1247003078460693
-0.23967395722866058
1.964377999305725
1.3896102905273438
0.2135711908340454
-2.2920310497283936
-0.9613046050071716
1.003528356552124
1.1307774782180786
-0.44941139221191406
-2.569711446762085
1.1663187742233276
-4.972713470458984
0.012884967029094696
1.8691444396972656
0.3619590103626251
1.3663842678070068
1.8971644639968872
-1.8768903017044067
0.005480645690113306
0.6721867918968201
1.1894744634628296
5.169018268585205
-0.785525381565094
0.2743261158466339
0.1632280945777893
0.5914716720581055
1.2895350456237793
0.8758635520935059
-0.27889591455459595
0.13991491496562958
-0.11862792074680328
1.2371424436569214
0.4026736319065094
-1.7746613025665283
-0.9762486815452576
-0.03754477947950363
0.8139548301696777
-0.11376242339611053
-2.172313690185547
0.4258118271827698
1.3491796255111694
1.5727506875991821
-0.08616398274898529
2.0746097564697266
-0.24304094910621643
-1.777740240097046
0.1302691251039505
3.3740556240081787
-3.311842679977417
-0.6714913845062256
1.5615923404693604
-1.4252899885177612
0.9436129331588745
-0.9400651454925537
-0.6549751162528992
-0.05938689038157463
-0.9306918382644653
-1.1587415933609009
-0.5315364003181458
0.551176905632019
-1.3074265718460083
-3.8672826290130615
-1.5679898262023926
4.030519962310791
-0.07367763668298721
-0.506850004196167
2.6076722145080566
-0.07393039762973785
4.405898094177246
4.314751625061035
1.7049299478530884
3.54553484916687
0.9941534399986267
4.4072794914245605
1.9624689817428589
-0.8509902358055115
5.19962739944458
5.428586006164551
-1.7443112134933472
5.237372398376465
-3.5033974647521973
-0.41644155979156494
-3.367708921432495
0.12722396850585938
-2.1670236587524414
0.33245617151260376
1.3485102653503418
0.16765442490577698
-4.022375583648682
-0.9745228290557861
0.47176432609558105
-2.8456695079803467
-2.125446319580078
-4.245896816253662
3.2926690578460693
0.6453945636749268
-0.13226400315761566
3.0893006324768066
-3.188969850540161
1.276194453239441
-4.044700622558594
-0.5868021845817566
1.457448959350586
-2.6066274642944336
-0.542873203754425
-0.7021533250808716
5.37641716003418
-1.108840823173523
2.921356201171875
5.305837631225586
-0.8194579482078552
1.0306800603866577
1.726097822189331
-3.145604133605957
0.06928125023841858
3.4102909564971924
-1.6349339485168457
-0.2484101802110672
3.638672351837158
-4.975594520568848
-3.1592743396759033
4.49991512298584
4.869133472442627
-0.6162577867507935
0.27433934807777405
4.121372222900391
0.41718533635139465
0.16198685765266418
-1.0917528867721558
0.966204822063446
-0.3749506175518036
0.16106131672859192
-2.540222644805908
-1.6802812814712524
0.1670524924993515
0.14408035576343536
-0.4818134009838104
0.2015002816915512
-2.4657974243164062
0.40567609667778015
-1.5046143531799316
0.7080745697021484
-1.9004963636398315
-2.2381644248962402
-3.8267061710357666
1.8646918535232544
2.6507298946380615
-2.8085439205169678
-2.550842046737671
-1.3244513273239136
-5.977932453155518
-0.17359218001365662
-0.20760078728199005
4.751684188842773
1.2458713054656982
-0.36755284667015076
-3.4916584491729736
-1.1474696397781372
4.652828216552734
-3.3974854946136475
-2.1522417068481445
-1.7613145112991333
-4.558513641357422
1.5610480308532715
-2.1283552646636963
5.26519250869751
-6.1393046379089355
3.7219183444976807
3.0474283695220947
4.156021595001221
-0.4314412474632263
0.24927590787410736
1.223415493965149
0.11146152019500732
2.830493450164795
-0.46708938479423523
0.6452814340591431
-0.6259244084358215
-0.9967959523200989
1.7858922481536865
0.3096095025539398
-0.2190089076757431
0.2386815994977951
-0.2437543421983719
-0.36863958835601807
1.7825299501419067
0.5213601589202881
-5.976503372192383
1.4062918424606323
-0.17311367392539978
0.0726705864071846
3.5205841064453125
0.95149165391922
2.4517035484313965
0.1899300068616867
-2.704251289367676
-0.7117598652839661
2.651740312576294
0.5621498227119446
-3.902881383895874
-2.5491321086883545
2.4078779220581055
-0.9838157296180725
1.0630611181259155
0.058974627405405045
-2.0994985103607178
4.698494911193848
-1.1729475259780884
-4.927553176879883
-0.6518694162368774
2.9195148944854736
-6.009341239929199
3.08571195602417
0.6001505851745605
1.0807656049728394
4.378423690795898
1.7106417417526245
-3.31447172164917
1.9264934062957764
0.6192619800567627
-0.4852205514907837
-1.2927916049957275
-4.764504909515381
4.274667263031006
3.8787412643432617
-3.82474946975708
0.10167770087718964
-3.13566517829895
3.9561314582824707
3.380317211151123
-0.4774797558784485
1.0891573429107666
3.0493476390838623
-1.241296410560608
1.2030792236328125
-0.9427080154418945
2.0596063137054443
-0.49452197551727295
1.0521060228347778
-0.9941442012786865
1.6135306358337402
-2.179720878601074
2.2623887062072754
0.9932430982589722
0.020624887198209763
-1.8959095478057861
-0.11048493534326553
-3.321798324584961
0.20935165882110596
2.1320838928222656
-0.6565443277359009
0.652919352054596
0.149327352643013
-0.18428659439086914
-2.2969629764556885
-0.631713330745697
-1.396033763885498
-1.5710930824279785
2.2094671726226807
-0.8922292590141296
-0.6532287001609802
0.1609116792678833
1.32142174243927
1.4793720245361328
0.6756381988525391
-1.226245403289795
1.7498714923858643
-3.8266894817352295
2.0805466175079346
1.0750387907028198
-6.659697532653809
2.741232395172119
3.576643705368042
0.7762032151222229
-0.09741421043872833
1.0667115449905396
2.0017948150634766
5.698615074157715
-0.04674714431166649
0.16963273286819458
0.14211393892765045
0.3654400706291199
2.8215415477752686
1.0411211252212524
-1.6801271438598633
1.4712196588516235
1.9679670333862305
0.7503597736358643
-0.6038666367530823
-0.6565638780593872
-4.196896553039551
-0.5564208626747131
1.95231032371521
1.1690157651901245
-5.915529727935791
2.1635379791259766
5.126645565032959
1.304972767829895
1.5949496030807495
2.1144096851348877
1.810115098953247
1.859266996383667
1.097998023033142
2.846569776535034
-4.4170074462890625
-2.6083974838256836
-0.8449026346206665
-1.7606899738311768
-1.1123286485671997
-1.6664608716964722
0.11373899132013321
1.9995036125183105
0.8623501062393188
2.162383794784546
1.3661330938339233
-0.47357654571533203
-1.8518091440200806
-1.5615969896316528
-0.039251070469617844
2.2053074836730957
4.771373748779297
1.708308219909668
5.300365924835205
-0.31957969069480896
3.0140187740325928
1.484100580215454
0.3093889355659485
-3.805595874786377
-0.021588435396552086
-4.535233020782471
0.8048921227455139
-5.673510551452637
4.835606098175049
4.1317925453186035
-0.5109139084815979
4.8665971755981445
-3.0001707077026367
-1.8621546030044556
-3.670746088027954
-0.18162468075752258
-2.2591848373413086
3.6254260540008545
3.7813122272491455
-2.1681816577911377
-2.3996670246124268
-0.315172016620636
1.7380132675170898
0.28307944536209106
0.40957149863243103
-5.216104984283447
-5.741911888122559
-0.038126472383737564
2.675595760345459
0.9540645480155945
-0.10294758528470993
0.7031266093254089
-4.3002777099609375
0.8821748495101929
4.2965006828308105
-4.809090614318848
-5.067249298095703
3.4671614170074463
5.625075340270996
-2.1348819732666016
2.962415933609009
5.211705207824707
3.005577564239502
-4.304352283477783
4.827211380004883
-5.341219425201416
0.2911524474620819
2.701205253601074
0.5650219917297363
0.09736333787441254
4.5620198249816895
-4.438963413238525
-4.466864109039307
1.215866208076477
4.058711051940918
-1.9826831817626953
0.39309918880462646
4.53895378112793
0.6117891073226929
0.8126993179321289
-1.672413945198059
0.4580109417438507
1.7644069194793701
0.837249219417572
-2.852693557739258
-3.451927423477173
-0.3958958685398102
0.4342167377471924
-0.515235960483551
0.511027455329895
-4.633711814880371
-0.026976119726896286
-1.7798850536346436
0.8115264773368835
0.2662256360054016
-0.6544451713562012
-5.367732524871826
3.1980743408203125
-2.4615626335144043
-4.097846031188965
-2.992415428161621
-0.23009248077869415
-5.79901647567749
-0.6013723015785217
3.489401340484619
2.48061203956604
2.2238056659698486
0.15036678314208984
-4.680832862854004
1.7847461700439453
5.567854404449463
-0.964550793170929
-2.1103572845458984
1.5709561109542847
-5.538260459899902
3.7704861164093018
-2.5481700897216797
5.752526760101318
-6.572519779205322
4.218288421630859
5.3660664558410645
3.4548685550689697
0.5927114486694336
1.154412031173706
3.1615548133850098
4.8660502433776855
4.361259460449219
-0.6094222068786621
2.7329235076904297
0.6385527849197388
4.9340925216674805
5.468367576599121
0.887475311756134
4.944669723510742
0.04861347749829292
-3.4616212844848633
-0.35301533341407776
0.21624599397182465
1.346724271774292
-5.277373790740967
3.7294833660125732
2.013021469116211
-4.990224838256836
1.3560072183609009
1.0497366189956665
-0.3527374267578125
0.2522501051425934
-2.345975160598755
1.2454137802124023
2.779102087020874
0.23133011162281036
-0.6553925275802612
-0.3505811393260956
-0.7660388946533203
-1.413879632949829
3.4563803672790527
3.3540079593658447
-2.4573588371276855
-3.5486743450164795
-2.113290548324585
-3.593050718307495
-0.5251967906951904
3.2678518295288086
-5.292428970336914
2.715090036392212
0.4094201624393463
1.1285607814788818
4.315742015838623
5.066625595092773
-1.4655942916870117
-0.6437901854515076
-0.5974823832511902
0.4706502854824066
-1.7322098016738892
-5.5299553871154785
4.909099102020264
1.122148871421814
-4.658630847930908
4.229780673980713
-2.090754985809326
3.1831812858581543
-0.0813680961728096
-0.6717950701713562
2.1360912322998047
0.7998129725456238
3.116131544113159
0.17721089720726013
0.1655469834804535
2.9541189670562744
-0.5704445242881775
0.11556129902601242
0.006436304189264774
0.2204907089471817
-0.25876492261886597
-0.21658839285373688
0.8077205419540405
0.31977373361587524
-0.7155894637107849
-0.44630128145217896
-0.4981774389743805
-0.4147389531135559
3.283090591430664
-3.5912041664123535
0.1530912220478058
-2.9746124744415283
-0.049330934882164
0.16672392189502716
0.3435351252555847
-2.9586880207061768
-0.7095530033111572
2.4076504707336426
-0.6457358002662659
1.1212031841278076
0.10816868394613266
0.7876696586608887
2.24812650680542
0.28995373845100403
3.7220208644866943
0.7206990122795105
-2.821446657180786
1.2868268489837646
-2.19130277633667
-5.742671012878418
2.235145330429077
2.6821658611297607
1.2128698825836182
-0.5545246005058289
-0.8162417411804199
0.3242221772670746
5.113056182861328
0.32688090205192566
-0.9182981252670288
0.23075871169567108
-2.8852481842041016
0.17564651370048523
0.6767632961273193
-2.281567335128784
-0.23858630657196045
0.31040871143341064
2.99713397026062
-1.4573440551757812
4.337709903717041
-3.1785526275634766
-2.126555919647217
0.12077508866786957
0.38847386837005615
-1.5686501264572144
2.732574939727783
0.0202866792678833
4.5302019119262695
2.445730209350586
-0.6066153645515442
0.5053611993789673
0.00829844456166029
0.37406569719314575
-1.4887109994888306
-0.9174696207046509
0.3254726529121399
2.8651325702667236
1.0714792013168335
0.3268567621707916
1.0843006372451782
-1.0852717161178589
-2.067286729812622
1.8347821235656738
-0.27925798296928406
1.7491741180419922
0.11494719982147217
-3.8386244773864746
1.8044112920761108
-0.6209059357643127
1.203732967376709
0.09490114450454712
-5.717738628387451
-0.7232354283332825
-3.0596203804016113
-0.5049846172332764
-1.722595453262329
-0.22753018140792847
-0.8743377327919006
-0.6440867781639099
-3.831131935119629
-0.35220763087272644
-4.908275604248047
2.6830296516418457
-0.029686246067285538
1.2909448146820068
2.7409253120422363
1.050188422203064
0.19231867790222168
-1.9840636253356934
-0.49929922819137573
-1.3886573314666748
3.4039430618286133
2.067521333694458
-0.18882355093955994
-0.7932761907577515
1.2273281812667847
0.8554753661155701
-0.026745367795228958
1.743708610534668
-5.1411542892456055
-0.09207881987094879
1.802088975906372
1.9129194021224976
1.4953601360321045
2.366283416748047
3.5575687885284424
-2.9120147228240967
1.9797334671020508
0.9813696146011353
-5.510100841522217
-1.8749628067016602
1.1816775798797607
5.157387733459473
0.41847819089889526
3.414811611175537
3.369542360305786
0.8984385132789612
-4.995021820068359
0.8581781983375549
-2.5603692531585693
0.1652962863445282
0.07151225209236145
4.2160186767578125
0.6107053160667419
1.1418662071228027
-1.2842724323272705
-3.7138144969940186
1.292978048324585
-0.1739882528781891
-1.4515295028686523
3.0506205558776855
2.399233818054199
5.2737298011779785
-0.5783838629722595
-0.6695067882537842
0.5904631614685059
1.4625591039657593
0.8557633757591248
-1.6592113971710205
-3.151773691177368
-0.05184442922472954
-0.5052546262741089
0.010058310814201832
2.7570409774780273
-4.302788734436035
-0.5901172161102295
-1.2829127311706543
-0.07151752710342407
0.30610188841819763
1.0567309856414795
-1.986676812171936
1.1161820888519287
-0.3758668899536133
-2.0845751762390137
-0.2268814593553543
-1.3247135877609253
-1.7299878597259521
-2.8705477714538574
4.049928188323975
1.9880183935165405
0.9859229326248169
1.5081583261489868
-3.3924801349639893
2.0470080375671387
0.12571939826011658
2.6716012954711914
-0.821416974067688
3.807222366333008
5.065135478973389
0.4531664252281189
1.705253005027771
0.8433600664138794
-3.1596224308013916
-1.0513441562652588
0.11578961461782455
1.8503774404525757
0.10880480706691742
0.30118757486343384
2.230003833770752
3.693794012069702
0.6553707122802734
-4.829960346221924
1.2234631776809692
-0.9083775877952576
1.2588164806365967
4.359081745147705
-0.9480734467506409
5.047286033630371
0.5071056485176086
-3.646365165710449
-1.6575983762741089
-3.311581611633301
-2.0681612491607666
-6.0950775146484375
4.65315580368042
-0.40649545192718506
0.9650795459747314
4.828474044799805
-0.1571779102087021
3.7940356731414795
-0.646209180355072
0.7725439071655273
0.016546139493584633
-0.7794119715690613
-2.3130319118499756
-4.430454254150391
-1.4718873500823975
4.047087669372559
-0.4112062156200409
3.874912738800049
-0.6865315437316895
0.6422223448753357
5.88697624206543
-4.039909362792969
-4.133737087249756
3.1165027618408203
4.62406587600708
-5.579927921295166
3.5517091751098633
0.9692288041114807
0.38651007413864136
0.38234803080558777
0.534720778465271
-1.423949122428894
-1.495589017868042
1.846879005432129
3.4878931045532227
1.9512323141098022
-4.815354347229004
-3.938452959060669
4.223912239074707
1.1906594038009644
4.216113567352295
-0.7250708937644958
3.93393874168396
-0.16865751147270203
-0.6735018491744995
-5.066861629486084
4.315094470977783
-0.34336185455322266
1.3048352003097534
-0.6170737743377686
1.5810983180999756
4.916011333465576
-1.0403896570205688
-1.855726957321167
0.9180287718772888
-0.6745355725288391
-0.9715415835380554
1.1741849184036255
1.4672541618347168
-0.42812594771385193
-0.14544861018657684
-0.688278079032898
0.775087833404541
1.7564105987548828
1.0778268575668335
0.15119335055351257
1.1946704387664795
0.6087250709533691
0.028215009719133377
-1.0638692378997803
-2.4280600547790527
-1.0964601039886475
0.3215183913707733
-0.08029202371835709
-0.0185324028134346
1.241371989250183
1.7124651670455933
-0.34808650612831116
1.2702807188034058
1.331358551979065
1.8478866815567017
-6.032435417175293
2.815659284591675
3.6132824420928955
-5.054142475128174
-0.14853684604167938
1.1497869491577148
-1.1214978694915771
0.5809600353240967
1.0844413042068481
1.1669530868530273
0.21687516570091248
-1.4951146841049194
-0.510136604309082
-0.9982070326805115
2.708779811859131
4.307733535766602
0.42039594054222107
0.3254063129425049
0.7054373621940613
2.063206672668457
1.33699631690979
-0.0842619314789772
3.410741090774536
-1.7073158025741577
-0.8616043925285339
2.1938517093658447
-1.3451381921768188
-4.754733562469482
-2.6061387062072754
5.1679840087890625
-0.04281187057495117
-0.5807247757911682
-0.09936689585447311
2.340693473815918
0.1262781023979187
-1.0752702951431274
-1.0756479501724243
-5.156400680541992
-1.7436109781265259
4.176877498626709
-3.7297587394714355
0.013395871967077255
-1.5223101377487183
-0.07579807937145233
3.2320845127105713
-3.608379364013672
-0.1783294826745987
-0.43495118618011475
1.4008740186691284
-0.6749747395515442
-3.682649850845337
-2.678332567214966
2.128887891769409
4.311620235443115
-0.43599364161491394
3.2179489135742188
3.9131712913513184
2.800560235977173
3.422849416732788
0.1676643192768097
4.115007400512695
1.4939947128295898
0.04144454747438431
-0.04881448671221733
-3.888770818710327
5.391101837158203
7.387895107269287
0.7724618315696716
-2.0016260147094727
-4.094234466552734
-0.5198459625244141
-2.906371831893921
-0.9414491057395935
-2.008903741836548
0.9744420647621155
1.759072184562683
-1.373854637145996
-5.359365463256836
1.8907816410064697
0.40958619117736816
-0.21702350676059723
-1.6499581336975098
3.2614247798919678
-1.9346569776535034
-1.2666149139404297
0.6226586699485779
-1.4079232215881348
-0.3770602345466614
2.6889894008636475
-5.176734924316406
-2.261223077774048
4.050980567932129
-2.781217098236084
-2.0456044673919678
0.8411563038825989
5.170637130737305
-0.4043591022491455
4.326948642730713
2.54750657081604
1.6408435106277466
-4.105114936828613
4.7881927490234375
-5.390923023223877
2.318815231323242
-1.4752367734909058
3.481261968612671
2.369337797164917
2.632797956466675
-1.2324954271316528
-5.737411975860596
-0.7774771451950073
4.327279567718506
-0.7776265740394592
0.07181089371442795
1.599359154701233
2.8793461322784424
0.5099859833717346
-0.1886468082666397
-0.5548219680786133
-0.6104315519332886
-0.01561769749969244
-1.9443365335464478
-0.34058260917663574
0.09024152904748917
0.35088416934013367
-0.46138617396354675
-2.8771958351135254
-3.7071480751037598
-0.21837878227233887
-0.8529853820800781
-3.1304125785827637
-0.0970177873969078
-0.4440128803253174
-3.502418279647827
1.6015098094940186
-5.697943210601807
-3.6594033241271973
1.8877002000808716
0.6424527168273926
-6.387469291687012
4.006141662597656
2.5900468826293945
1.7384581565856934
1.3171629905700684
0.8981614708900452
-2.01596999168396
0.9864006042480469
0.4026186466217041
1.9990148544311523
-0.7635406255722046
1.3943040370941162
-5.289288520812988
2.867306709289551
-2.2017955780029297
3.543487310409546
-5.904383659362793
0.9052376747131348
5.630069732666016
-0.345885306596756
2.3750901222229004
0.19413837790489197
2.576706647872925
0.7466588616371155
1.04304039478302
-3.0928955078125
3.5429742336273193
-0.1616535633802414
0.7048475742340088
1.8836169242858887
-1.0887399911880493
1.0070083141326904
0.2196488231420517
1.9308247566223145
-0.1689726859331131
2.230314254760742
0.5949034690856934
-5.897379398345947
2.3148508071899414
0.9832485914230347
-0.9939769506454468
1.620086431503296
0.5829059481620789
3.7181921005249023
-0.28665709495544434
-3.9963765144348145
2.037551164627075
-0.06082536652684212
0.4852782189846039
-3.144536256790161
0.04334058612585068
0.6760329008102417
0.36877796053886414
3.768794059753418
1.0926045179367065
-2.057631254196167
-5.776179313659668
-5.454627513885498
-5.76848030090332
-1.4147984981536865
2.5380043983459473
-6.679468154907227
2.203671455383301
-0.34942466020584106
1.804657220840454
5.48544979095459
-1.6812751293182373
-3.0235395431518555
3.6462531089782715
2.831711769104004
2.891768217086792
0.7185481190681458
-0.06704545021057129
-3.3028488159179688
3.5701799392700195
-4.50391149520874
-0.01836996152997017
-1.4431862831115723
2.2733631134033203
1.166513204574585
-4.755614757537842
-1.8730850219726562
4.840505599975586
-3.030592679977417
2.9848902225494385
-2.924429178237915
2.3673911094665527
4.1633172035217285
0.17955897748470306
0.7192343473434448
4.224150657653809
3.100222110748291
1.3309721946716309
0.10118917375802994
1.3361644744873047
-0.4402008354663849
-0.434360146522522
-2.9611968994140625
-0.35863345861434937
0.5363272428512573
-0.13391831517219543
-0.4621126651763916
2.472504138946533
-0.016653483733534813
0.31408777832984924
-2.989487886428833
-3.5509369373321533
0.2247658371925354
3.173722743988037
0.6568607091903687
-1.0522210597991943
4.603610992431641
1.4618771076202393
-0.6518012881278992
-0.4883749186992645
-2.3795559406280518
2.9372007846832275
-5.086844444274902
4.836740970611572
3.4897103309631348
-4.079505920410156
1.918416976928711
2.5736467838287354
1.6209126710891724
-0.3946499526500702
3.1898601055145264
2.60730242729187
3.374105453491211
-0.9287515878677368
-0.6086114048957825
-0.704147458076477
0.9105803966522217
3.9912161827087402
0.5660290122032166
-1.5117387771606445
1.636751413345337
0.611391544342041
3.2575321197509766
-1.9817785024642944
3.80621075630188
-5.342231273651123
-0.5893023610115051
3.184844970703125
0.6728449463844299
-6.452175140380859
-0.07294335961341858
6.184730052947998
-1.7870205640792847
1.0525569915771484
0.36109888553619385
1.6861745119094849
2.433483123779297
-0.32075363397598267
-0.6475974917411804
-5.124388217926025
-0.8540858030319214
0.6005775332450867
-1.4229998588562012
-0.598746657371521
0.7521915435791016
0.12237676978111267
2.818646192550659
-3.366075277328491
1.150460124015808
2.943962574005127
1.6439884901046753
-1.4346885681152344
-0.7029459476470947
3.496023416519165
2.949014663696289
5.8636579513549805
2.8116698265075684
4.895942211151123
3.028897523880005
3.911595582962036
-0.0033279291819781065
0.28539595007896423
-5.104584693908691
1.947611927986145
-6.252340793609619
-0.22035634517669678
-6.695240497589111
3.327040195465088
5.509438514709473
-1.7564806938171387
-4.438488483428955
-1.5740432739257812
-2.694127082824707
-3.404801845550537
1.0153565406799316
-2.623469352722168
5.531298637390137
4.212188720703125
1.1058164834976196
-6.336013317108154
2.0122921466827393
2.88922381401062
3.007399320602417
0.16361071169376373
2.8701233863830566
2.856790542602539
3.2395880222320557
3.683119297027588
-3.5298678874969482
4.28624153137207
2.1018712520599365
-3.7818379402160645
-0.809293270111084
5.754098415374756
-3.50734281539917
-5.508508682250977
4.281465530395508
5.422402381896973
-0.1553715318441391
3.743036985397339
1.4372055530548096
4.9861741065979
-2.529228448867798
3.854682683944702
-4.39186954498291
0.43255293369293213
2.043555498123169
5.0150651931762695
3.7538540363311768
4.341113567352295
0.12482308596372604
-6.067800045013428
-2.939756155014038
4.026896953582764
0.24811388552188873
-3.396146297454834
-0.3923177421092987
4.683363914489746
0.3002610504627228
-0.04511290043592453
-0.1485016793012619
-0.8760783076286316
1.903032660484314
-3.2174899578094482
-0.9143102169036865
0.08738277107477188
2.303940534591675
-0.18399082124233246
-1.3069427013397217
-5.757657527923584
-0.3644048273563385
-1.8104302883148193
-1.5817054510116577
-0.13701140880584717
0.331950306892395
-5.350849628448486
5.368234157562256
-5.228651523590088
-5.579627513885498
0.023135939612984657
0.9393519759178162
-6.728006362915039
4.337639331817627
5.145917892456055
-0.05714492127299309
1.5615699291229248
3.8662514686584473
-4.672876834869385
4.3488264083862305
1.4885095357894897
-0.3114161193370819
-0.06634058058261871
3.618983030319214
-6.023407936096191
2.207609176635742
-3.581113815307617
3.4810290336608887
-6.706173896789551
5.743191719055176
6.219484806060791
-1.144201636314392
2.0322089195251465
0.3324800431728363
3.5372793674468994
4.829026222229004
2.3363003730773926
-1.5355286598205566
5.252964973449707
0.8787715435028076
4.1639862060546875
5.601931571960449
-1.593666911125183
5.304210186004639
0.5650019645690918
-3.3083763122558594
-1.2783397436141968
-2.9092257022857666
1.2244633436203003
-5.899388313293457
4.181729316711426
5.195678234100342
-0.267406165599823
0.8854424953460693
0.6548523306846619
2.3262722492218018
2.490814447402954
-2.48966646194458
1.5136971473693848
0.2519562244415283
0.6990271210670471
-0.927395761013031
-0.4597640633583069
0.28334638476371765
-0.26981765031814575
4.1889824867248535
1.847063422203064
-0.15025462210178375
-0.06269994378089905
-5.30229377746582
-3.4643871784210205
-2.6928250789642334
0.9330810904502869
-5.690097332000732
-0.7169023752212524
2.874828338623047
1.4624226093292236
5.2228102684021
0.12853221595287323
-1.606412410736084
2.239596128463745
2.246279239654541
1.7365190982818604
3.302716016769409
5.254328727722168
2.8658998012542725
1.7044280767440796
-3.7451722621917725
2.3144466876983643
-0.4630768597126007
1.8291285037994385
1.0667273998260498
-4.82474422454834
1.3534725904464722
2.6327176094055176
-0.33147484064102173
1.055572271347046
-0.4021419286727905
1.6289145946502686
2.3828299045562744
0.12317899614572525
1.759145975112915
0.6796022057533264
3.9998366832733154
0.5886185765266418
-0.4979216754436493
0.11697984486818314
-0.8682407736778259
-0.207401305437088
-2.9687373638153076
-1.3114161491394043
1.6194305419921875
-1.454813003540039
-1.1418315172195435
-2.5039291381835938
-0.394570916891098
1.9041048288345337
-4.52878999710083
-4.520545959472656
0.42644521594047546
1.847769021987915
0.08137910813093185
0.16820046305656433
3.2529959678649902
0.4111517369747162
0.289643794298172
-3.9907360076904297
0.16380108892917633
0.44434505701065063
-5.465375900268555
4.527894020080566
2.3902952671051025
-0.3061067759990692
-0.3814268708229065
1.5417309999465942
-0.0863233283162117
0.3594093918800354
-0.20538467168807983
0.006004279479384422
0.7980174422264099
0.6724938750267029
-0.8276857137680054
1.1095004081726074
-1.503764033317566
2.6969563961029053
-0.7006484866142273
-0.538312554359436
-1.2636476755142212
-2.272554874420166
1.007396936416626
-2.0122337341308594
5.221113681793213
-1.650202989578247
-4.341671466827393
1.086686372756958
-0.7455704212188721
-4.615217208862305
1.083284854888916
4.772005558013916
2.6082255840301514
3.589865207672119
0.4031377136707306
-0.8796194791793823
2.821516275405884
-0.137177512049675
-1.601858377456665
-2.2104251384735107
3.9227850437164307
4.0327653884887695
1.200685977935791
0.9489436149597168
2.867274045944214
0.18195445835590363
-0.011985648423433304
0.0891045480966568
1.0590033531188965
-0.5338621139526367
0.9156751036643982
-3.5890614986419678
1.361972451210022
-1.0642027854919434
1.9014554023742676
2.9130918979644775
-5.629504203796387
4.404632091522217
-0.3312568664550781
0.24751664698123932
0.8387503027915955
0.02233481965959072
-1.286252498626709
0.1926138699054718
-4.908200740814209
0.28851234912872314
-5.670158386230469
1.4145796298980713
1.9956203699111938
1.5532296895980835
-2.7649948596954346
-0.09357186406850815
-0.7652179598808289
0.45460641384124756
0.878632128238678
-2.428330898284912
4.605900287628174
4.796242713928223
0.8128488063812256
-5.427314281463623
0.7362186312675476
0.04890746250748634
1.7357655763626099
2.4697959423065186
1.0910298824310303
-0.06188545003533363
2.978984832763672
3.760228395462036
-4.344203948974609
3.0337626934051514
3.70880126953125
-0.24231502413749695
-0.8052714467048645
2.631826162338257
-5.098626613616943
-1.6713038682937622
0.7322958111763
3.829502820968628
-0.22476039826869965
3.749208927154541
-3.035017251968384
-3.579737663269043
4.798545837402344
1.6206426620483398
-2.158193349838257
1.416405200958252
2.5625290870666504
5.27392053604126
3.36368727684021
3.4496233463287354
2.2776825428009033
-5.533268451690674
0.23628559708595276
4.059982776641846
-0.6157566905021667
-0.4053414762020111
0.3915872275829315
4.680939197540283
0.9344724416732788
0.6961007714271545
0.9615457653999329
0.007170637138187885
1.720150351524353
-0.6831026673316956
0.11092886328697205
-0.5480782985687256
0.3064209818840027
0.09216239303350449
3.4485816955566406
-5.378628253936768
0.24193879961967468
-0.2008853703737259
-1.2278378009796143
0.05596274882555008
-1.4497350454330444
-5.0570597648620605
5.269096851348877
-1.4480210542678833
-5.128398418426514
2.882824659347534
-1.5128852128982544
-5.491458415985107
-0.39287814497947693
4.876596927642822
4.103701114654541
2.2033591270446777
4.553692817687988
-2.746723175048828
2.557685136795044
-0.9433726668357849
0.9317032098770142
-2.3282880783081055
5.123047351837158
-3.7258565425872803
0.3013324737548828
-0.6808481812477112
2.1515588760375977
-5.858611106872559
1.0942107439041138
3.8492443561553955
1.202051043510437
-0.17339664697647095
0.2795696556568146
3.1610751152038574
4.667222023010254
-0.1799481064081192
-4.63338041305542
2.118286609649658
1.3450597524642944
2.1156675815582275
2.494540214538574
-3.427093982696533
0.703441321849823
5.061764240264893
-2.7440617084503174
-0.4992392957210541
-3.299241065979004
0.3291337490081787
-6.540070056915283
2.905482053756714
0.814014732837677
-2.507246971130371
1.0417317152023315
1.489524483680725
1.6036566495895386
-3.630502223968506
-0.6997390389442444
1.8632687330245972
-0.0559481680393219
-0.303634911775589
-3.443817615509033
0.1898270696401596
2.661627769470215
0.26773232221603394
0.9252974987030029
0.3436843156814575
2.4938580989837646
-1.089385986328125
-3.9085793495178223
0.10858560353517532
2.8761184215545654
2.5616343021392822
-4.913646221160889
2.87770676612854
2.510047435760498
0.35009056329727173
3.251429319381714
1.8543620109558105
-2.630889654159546
-0.2091115415096283
-0.8997430205345154
3.930739641189575
1.8000447750091553
0.020507900044322014
-0.9184606075286865
4.021369457244873
0.5888255834579468
4.143807411193848
-0.21586854755878448
4.925095558166504
-1.6772656440734863
0.2732512056827545
-3.837923288345337
5.749587535858154
2.4586434364318848
3.726132392883301
-0.7121443748474121
1.7263336181640625
3.034412145614624
-1.2144430875778198
3.496852397918701
0.3822156488895416
-0.05353960394859314
-2.219726085662842
-0.7566000819206238
1.1437833309173584
0.5729442238807678
0.0372413732111454
2.211719512939453
1.4022653102874756
0.28319400548934937
1.2442066669464111
-0.26997771859169006
2.144566535949707
1.6611684560775757
0.7745770215988159
-1.2333279848098755
0.3734149932861328
-1.4584566354751587
1.2215594053268433
0.03939303755760193
3.680579662322998
1.8418502807617188
0.8291231393814087
1.2963546514511108
0.06701620668172836
1.3019086122512817
0.09727121144533157
-5.035283088684082
0.15400712192058563
1.6520798206329346
-3.0079758167266846
-0.08107634633779526
0.2836533784866333
0.7512461543083191
-1.5973758697509766
2.5004405975341797
0.6776079535484314
-2.248617172241211
0.08241338282823563
-2.120983600616455
-1.1155320405960083
0.3152388632297516
4.2303466796875
0.2322675585746765
2.121540069580078
0.8180509209632874
0.587480902671814
0.9601361751556396
-0.7355736494064331
3.05411696434021
0.001671348582021892
-0.20233885943889618
1.8223682641983032
-0.29336148500442505
-1.3936386108398438
-0.41756609082221985
3.642622470855713
-0.37878674268722534
-0.16962751746177673
0.37904971837997437
0.9656932353973389
0.6695295572280884
0.1866217851638794
2.7189528942108154
-5.2058491706848145
-4.215461254119873
4.589006423950195
0.6301298141479492
-1.513753056526184
-0.4365672767162323
1.9665850400924683
2.8429670333862305
-1.4170241355895996
0.6118958592414856
0.31355613470077515
-1.2248594760894775
0.21967393159866333
-4.895608901977539
2.684366226196289
1.3341532945632935
4.174260139465332
1.6675387620925903
-0.316536009311676
4.957830905914307
3.2870235443115234
-0.49045994877815247
-1.3115816116333008
3.956651449203491
0.2396249771118164
0.5408154726028442
-0.25463569164276123
-1.3000298738479614
1.9790902137756348
6.429988384246826
2.3675427436828613
0.1973697990179062
0.027293937280774117
-0.8391003012657166
-0.14531917870044708
0.07367321103811264
-1.707905888557434
5.588712692260742
-0.23977838456630707
1.618919014930725
-3.736027956008911
3.783308744430542
-0.18451370298862457
-1.557415246963501
-1.6119661331176758
-1.697577714920044
1.3708839416503906
-0.7579323053359985
0.6756883859634399
-1.14603590965271
0.43113216757774353
4.016304016113281
-3.825185775756836
-4.107396125793457
0.7909433841705322
0.7006613612174988
-4.392323017120361
4.399030685424805
4.057417869567871
0.022342467680573463
2.7669835090637207
3.681622266769409
1.9961931705474854
2.8938348293304443
1.212311029434204
-0.9003235101699829
-1.7625484466552734
1.3336597681045532
1.2713932991027832
4.25594425201416
2.375732660293579
1.0846128463745117
-3.3602585792541504
-0.4117015600204468
0.06306534260511398
-0.2761216461658478
2.027623176574707
-1.5680910348892212
5.06876277923584
0.15406212210655212
-0.014440149068832397
-0.06789933890104294
-0.9161009192466736
0.15868355333805084
-3.409120559692383
1.4107595682144165
-0.6462657451629639
0.5349369049072266
0.13803811371326447
0.7274445295333862
-3.1383466720581055
-0.044437408447265625
0.39966821670532227
0.43248918652534485
0.8492305278778076
1.5619875192642212
-0.8109369874000549
-0.17348988354206085
-3.636545419692993
-3.7322003841400146
0.603217601776123
1.403192162513733
-1.324507713317871
3.0963735580444336
0.7418739199638367
0.33937835693359375
0.7207798361778259
0.3020053207874298
0.385435551404953
1.3854891061782837
1.17507803440094
-0.6397300958633423
0.1804506778717041
-0.5954776406288147
-1.2474510669708252
1.334175944328308
-3.377708673477173
1.3259055614471436
-0.6967610120773315
0.40271154046058655
3.5770766735076904
-1.5741338729858398
-0.20962309837341309
2.414747953414917
4.0668230056762695
1.660245656967163
1.0645127296447754
-2.313641309738159
1.732911229133606
-2.979464530944824
1.634453535079956
-0.025326237082481384
-3.2379815578460693
1.2250810861587524
0.2561347782611847
2.1908042430877686
1.7268925905227661
1.9097588062286377
-1.3554450273513794
-4.6332106590271
2.801347017288208
-1.6272484064102173
4.035618305206299
2.001502513885498
0.29818084836006165
0.2013135403394699
-2.3910727500915527
-2.982671022415161
1.957195520401001
-0.526079535484314
-0.6092873811721802
-2.48103404045105
-0.02235640026628971
-0.8044310212135315
-0.0385323092341423
1.614562749862671
0.3885161280632019
0.7819840908050537
2.0771424770355225
-4.346745014190674
-4.521275520324707
-1.9975030422210693
0.4573872983455658
-5.868285179138184
3.0127501487731934
-0.13482946157455444
2.37218976020813
5.694378852844238
0.06601595878601074
-1.7346476316452026
3.4771220684051514
-1.1740975379943848
4.272147178649902
1.8922874927520752
2.088862180709839
0.29692068696022034
2.596700668334961
-5.095905303955078
0.7740540504455566
0.28327059745788574
3.08843731880188
-0.006475600879639387
-3.5296757221221924
0.06723455339670181
5.293832778930664
-0.6189478635787964
4.807509422302246
-1.43174147605896
1.1210256814956665
4.0768656730651855
-0.3533206880092621
4.64223575592041
0.7114148139953613
2.2084805965423584
0.5092732310295105
-0.3206888735294342
0.8903754353523254
0.7508348226547241
0.09834010154008865
-0.07677339017391205
0.36413437128067017
-1.2507023811340332
0.3587288558483124
-1.6531847715377808
2.6764817237854004
-0.9461304545402527
0.4181448519229889
1.487507700920105
0.7895345091819763
0.701836109161377
1.7959688901901245
1.40782630443573
2.4627270698547363
3.5973422527313232
1.184019684791565
0.7617799043655396
-0.8834894895553589
-2.912328004837036
-2.0384628772735596
-5.593197822570801
1.7831765413284302
0.10729005932807922
-0.5359963774681091
-0.5327746272087097
0.2843082547187805
0.6085007786750793
0.2062930017709732
1.2445240020751953
3.1628265380859375
-1.41554594039917
-1.1715149879455566
-1.4639644622802734
-0.43494483828544617
2.4356698989868164
5.357876777648926
0.19214250147342682
0.5944443345069885
0.3808201551437378
-1.3848369121551514
1.820630669593811
-2.7821285724639893
4.775014877319336
-2.777045249938965
-0.31284448504447937
4.8932414054870605
0.606741726398468
-6.100599765777588
-0.6914578080177307
5.660268783569336
0.19241537153720856
-0.4680630564689636
-0.48209381103515625
0.980782687664032
1.0897012948989868
1.1957036256790161
2.582831382751465
-5.041767120361328
0.42378079891204834
3.1500420570373535
1.7777725458145142
-2.455150604248047
-0.6952916383743286
0.5710183382034302
3.8091251850128174
-3.091366767883301
-0.4569270610809326
1.0525041818618774
2.3092308044433594
1.558350682258606
-2.683110475540161
1.2526167631149292
2.008002758026123
5.308086395263672
2.5558037757873535
5.386389255523682
2.672044038772583
4.281350135803223
-1.7144132852554321
1.297514796257019
-3.7610955238342285
0.5097951889038086
-6.491383075714111
-1.7472854852676392
-6.593756675720215
-0.9114900231361389
4.991116046905518
-0.7378875613212585
1.7076566219329834
-0.86650550365448
2.2888200283050537
-2.8266704082489014
0.25341805815696716
-4.175222873687744
4.863052845001221
2.671032428741455
3.1027166843414307
-5.5833306312561035
2.384521245956421
0.05790293216705322
-0.1886025220155716
1.068971037864685
1.0567681789398193
-0.9443382024765015
0.2956641614437103
1.4952707290649414
-1.364211916923523
2.842823028564453
3.7097816467285156
-0.5579774379730225
-0.14614298939704895
3.090939521789551
-0.5568657517433167
-5.095396518707275
3.3300182819366455
2.6201462745666504
0.12371964752674103
2.6526072025299072
-0.011406537145376205
-1.6902159452438354
1.2812426090240479
2.3191304206848145
-0.9655097723007202
-1.6182347536087036
1.2298028469085693
2.031949996948242
4.434704303741455
4.777390956878662
-0.08701346069574356
-5.733672618865967
0.28402629494667053
1.85984206199646
0.2821553647518158
-2.0547068119049072
0.4752168357372284
5.184831142425537
-0.8806791305541992
0.5342428088188171
-0.6220169067382812
0.12428978830575943
1.041043996810913
-3.3543827533721924
2.4407639503479004
0.38024070858955383
0.12379947304725647
0.36729466915130615
-0.6972699165344238
-4.516574382781982
0.34539151191711426
-0.41098833084106445
1.0988197326660156
-0.4847998023033142
4.895286560058594
-2.937694549560547
-1.331690788269043
-5.317337989807129
-4.51894474029541
0.13778959214687347
-0.4970894455909729
-5.31397008895874
3.0012497901916504
5.476032257080078
0.18800219893455505
2.6607346534729004
1.0441739559173584
-1.6167510747909546
0.8366521596908569
-1.4308542013168335
0.9328974485397339
-1.0484358072280884
-0.22385920584201813
-5.710254669189453
1.9745782613754272
-2.787764072418213
3.2025418281555176
-5.886834621429443
2.0160305500030518
5.431403160095215
-2.259080648422241
3.279766321182251
1.1843061447143555
5.021779537200928
3.0533878803253174
-2.2180392742156982
-1.1919968128204346
2.6860578060150146
-0.7483742237091064
4.860498905181885
2.32193660736084
-4.803476810455322
1.1927862167358398
1.57870352268219
-0.36462584137916565
0.19469377398490906
-1.9046556949615479
0.7625255584716797
-4.586711883544922
2.345653772354126
2.8837625980377197
-0.4425061047077179
3.3724522590637207
-0.5776938199996948
0.12495654076337814
0.01308937557041645
-1.1512815952301025
-0.14964060485363007
0.6227115392684937
-0.08027791231870651
-1.0640170574188232
-0.5138941407203674
1.0613360404968262
-1.7026933431625366
2.0109548568725586
3.1211578845977783
-0.19478775560855865
3.131119966506958
-3.0543978214263916
-1.3304917812347412
-4.095845699310303
-1.9688960313796997
-3.6966497898101807
-0.8827412724494934
-0.1458836793899536
0.770057737827301
5.056253910064697
0.8619716167449951
-1.679681658744812
2.7166333198547363
0.5281147956848145
4.392355918884277
4.028146266937256
0.7029217481613159
4.103391647338867
1.1910709142684937
-2.1446595191955566
1.495079517364502
0.6352136731147766
2.734025478363037
1.2229621410369873
-4.617999076843262
2.14770245552063
4.107867240905762
2.0533716678619385
3.330368757247925
0.021370289847254753
-0.1616431474685669
3.6444976329803467
1.8704099655151367
2.1070358753204346
0.03006923943758011
0.6858828067779541
2.693660020828247
-0.764074444770813
-0.02776612713932991
-0.45248493552207947
0.19170884788036346
-0.4447742700576782
-0.013704188168048859
4.239214897155762
0.06248365715146065
-4.351133346557617
-0.5787498950958252
-2.014064073562622
-0.016085490584373474
2.4641566276550293
-0.5123759508132935
-2.2111196517944336
-0.2802882194519043
-0.007082043681293726
1.8153895139694214
0.9054760932922363
0.22874130308628082
2.800422191619873
-0.17794258892536163
-2.5580508708953857
-0.7336206436157227
-5.868341445922852
0.43673381209373474
0.08126620948314667
-2.3214638233184814
-0.5207468271255493
0.10948722809553146
-0.8151689767837524
-2.4764435291290283
-0.5717055797576904
0.18250788748264313
-3.256253242492676
-0.5496699213981628
-1.1709437370300293
0.025786560028791428
1.6652414798736572
4.28998327255249
-0.9077237248420715
2.274667978286743
-0.3177151083946228
-0.30028730630874634
1.2310779094696045
-2.914250135421753
5.491995334625244
-0.5020467042922974
-1.4764199256896973
3.222559928894043
-0.19166161119937897
-4.591221809387207
-1.133718729019165
4.515672206878662
4.09791898727417
3.129154682159424
-1.641082525253296
-0.5592131018638611
0.7344608902931213
0.010063381865620613
-1.8749771118164062
-1.086265206336975
2.772472858428955
1.5085334777832031
4.1211957931518555
-2.393101215362549
6.888268399052322e-05
1.601596474647522
0.9721786379814148
-0.301627516746521
2.491164445877075
-2.0390233993530273
2.498506784439087
-1.9612449407577515
0.4707755744457245
-5.499758243560791
2.4440221786499023
3.2689740657806396
-5.569230079650879
3.519627809524536
-0.7577057480812073
2.093769073486328
-1.5460865497589111
0.5163171887397766
-1.0672838687896729
0.008134404197335243
-2.5165181159973145
-0.2499765008687973
-5.370425701141357
-0.08322101086378098
0.5766046643257141
-2.102616548538208
1.6067209243774414
-0.8438718914985657
0.9658157825469971
-2.956779956817627
1.2987864017486572
-5.0830488204956055
3.9559645652770996
3.1208903789520264
0.7481740117073059
-1.8485503196716309
-1.5879342555999756
0.9691515564918518
0.7135082483291626
3.57548451423645
3.4090211391448975
-1.2871729135513306
3.6570332050323486
1.889950156211853
-3.0398447513580322
2.154757499694824
4.8703742027282715
2.3969943523406982
0.3768923878669739
-0.895849347114563
-0.18602778017520905
-1.8634649515151978
0.8515881299972534
-0.004218787420541048
0.5281346440315247
3.5523841381073
-3.6427764892578125
-5.674620628356934
-0.6749356985092163
0.6650376319885254
2.383084774017334
-0.03401403874158859
0.4081423282623291
0.4776693284511566
5.127506732940674
3.880497694015503
-1.2406251430511475
-3.6919450759887695
0.3518131375312805
3.3691000938415527
-0.0012156679295003414
0.5229663848876953
3.1455957889556885
-2.3566768169403076
-1.5953449010849
1.9542521238327026
-1.2825515270233154
1.1523860692977905
1.0064349174499512
-0.09169865399599075
3.5250236988067627
-0.08042693138122559
1.335615634918213
-0.10552014410495758
4.496978759765625
-5.155595779418945
1.504101037979126
0.4827095568180084
0.6942474246025085
-0.5692102909088135
3.3685035705566406
-3.2721219062805176
1.44573974609375
1.1500715017318726
-3.6700942516326904
1.916369915008545
0.5657007098197937
-3.6975817680358887
1.2072635889053345
4.949207782745361
2.1651227474212646
-0.9485265016555786
0.3096141517162323
0.420173704624176
-0.07157348096370697
-0.08244869858026505
3.278904676437378
-2.2372124195098877
3.51229190826416
-3.2587456703186035
0.3765436112880707
-2.030935049057007
1.726024866104126
-4.890683174133301
0.22006599605083466
3.533702850341797
0.6424506902694702
0.0599726103246212
0.5582305192947388
5.004831314086914
0.7839232683181763
-0.06928513199090958
-2.9718375205993652
0.015530134551227093
-1.9473069906234741
2.4721665382385254
-0.4049682021141052
-4.952066898345947
-3.3243093490600586
3.8761587142944336
-0.6030474305152893
0.16862176358699799
2.645216703414917
1.020917534828186
-6.413390636444092
2.201647996902466
0.3882327377796173
-5.311829566955566
