0.6210273504257202
-0.9179512858390808
-0.2108885645866394
-3.616830348968506
-0.035174280405044556
-3.808288097381592
-0.8212270140647888
-0.5215710401535034
-1.8484305143356323
-2.0905911922454834
-0.24038352072238922
1.656241774559021
-3.296630620956421
-3.1690127849578857
-1.4102871417999268
-3.19598388671875
-1.259446382522583
0.09460505843162537
0.3272949159145355
-2.215367555618286
-0.6669215559959412
-0.7167171239852905
-4.8796234130859375
-0.8600680232048035
-1.9212850332260132
-3.971630811691284
-0.560612678527832
0.03835709020495415
-3.9725489616394043
-2.765887975692749
-2.7864482402801514
-3.139798641204834
-3.827502489089966
-3.90368914604187
-1.5012308359146118
-1.3969088792800903
-3.4586613178253174
-0.8146178126335144
-2.4141197204589844
-3.2736904621124268
-0.3638462722301483
-2.4903273582458496
-0.6464923024177551
-2.2373251914978027
-0.4584388732910156
-1.2375513315200806
-2.4682469367980957
-1.0375374555587769
-3.3783771991729736
-2.608682155609131
-2.9315319061279297
-3.123253107070923
-2.6080234050750732
-2.399264097213745
-0.9356104135513306
-3.470311403274536
-0.013301581144332886
-3.855499267578125
-4.000365257263184
-2.027618169784546
-0.9020352959632874
-2.894923210144043
0.005015165079385042
1.459180474281311
