-0.059860289096832275
0.11564668267965317
0.09569742530584335
-0.19522623717784882
0.2578859031200409
-0.16319622099399567
-0.3769114911556244
-0.3697589337825775
-0.3501602113246918
0.1174972802400589
0.4483858048915863
0.009944338351488113
-0.07816425710916519
-0.41329458355903625
0.07129065692424774
-0.31440144777297974
-0.21346023678779602
-0.21929201483726501
0.014155302196741104
0.29927366971969604
0.3067607581615448
0.07957209646701813
-0.1335776448249817
-0.24714761972427368
0.253756582736969
-0.3640735447406769
-0.1000351682305336
-0.18601883947849274
-0.11469601094722748
-0.09652037918567657
-0.10857964307069778
-0.4147157073020935
