-3.8623716831207275
-1.3900635242462158
-2.5864574909210205
-3.448946714401245
-2.690762996673584
-2.896501302719116
-2.7284584045410156
-3.6616921424865723
-2.0741217136383057
-3.9177920818328857
-3.455321788787842
-3.724950075149536
-2.588555097579956
-4.8793044090271
-3.4321751594543457
-3.473356008529663
-3.228341579437256
-3.906581401824951
-4.55207633972168
-4.5478315353393555
-3.486319065093994
-3.44795298576355
0.6984747648239136
-2.8501527309417725
-1.502280831336975
-3.759098529815674
-2.578615427017212
-3.465475559234619
-2.3900716304779053
-3.7773826122283936
-2.9092299938201904
-4.02842378616333
-4.419973850250244
-2.997586965560913
-4.312378883361816
-3.391859292984009
-4.575255393981934
-3.6090171337127686
-2.5155322551727295
-2.7442383766174316
-3.3060688972473145
-2.7269680500030518
-4.150705337524414
-2.6734700202941895
-4.009914875030518
-3.145901918411255
-1.6430860757827759
-3.305347442626953
-4.242304801940918
-2.6109440326690674
-3.0942459106445312
-2.9055612087249756
-4.374273300170898
-3.096900701522827
-3.6200621128082275
-2.942183494567871
-3.312256097793579
-2.985241651535034
-2.82000732421875
-2.875211477279663
-4.394752502441406
-5.751471042633057
-3.3052377700805664
-3.3694934844970703
