0.15828196704387665
-5.766136646270752
-0.3296158015727997
0.025947291404008865
0.380130797624588
0.21861454844474792
0.3519629240036011
0.7665235996246338
0.056487083435058594
2.2471683025360107
-0.13700023293495178
1.1849676370620728
-0.5111727714538574
1.0748611688613892
-0.3958989083766937
3.198482036590576
-0.1984206736087799
1.5706982612609863
0.7105625867843628
-3.4777543544769287
0.1316438615322113
-0.25199660658836365
-0.2514581084251404
0.48302602767944336
-0.16810591518878937
-0.0072495643980801105
-0.6502547860145569
0.13580824434757233
0.3577430546283722
-0.0992891788482666
-0.5293012857437134
0.02844836376607418
0.2596699595451355
2.1537556648254395
1.3791759014129639
0.1769460141658783
-0.029344456270337105
-1.0285564661026
-0.2705967426300049
-0.048413027077913284
-0.8009819388389587
3.6751937866210938
1.1637569665908813
-5.612658500671387
-0.5408117771148682
0.24289627373218536
-0.820885419845581
1.5549522638320923
1.5003896951675415
1.8690739870071411
-0.30869030952453613
0.3146477937698364
2.1064064502716064
0.17136479914188385
-1.6785677671432495
-2.528261184692383
3.38631272315979
-0.9225095510482788
-3.766613483428955
-1.8552515506744385
-0.6423636078834534
0.044326331466436386
2.4081850051879883
-0.0494418665766716
-0.08539099991321564
-1.0826201438903809
-0.8380878567695618
-2.785284996032715
0.11024760454893112
5.3386006355285645
-0.13434790074825287
1.6327139139175415
-1.2904917001724243
0.43777912855148315
-0.14702922105789185
0.8879835605621338
-5.693082809448242
-4.833315849304199
-0.5026859045028687
2.4201571941375732
5.878199100494385
-0.034799035638570786
-0.3175412118434906
-0.3031015694141388
-1.5909388065338135
-0.6942437887191772
-0.09706681221723557
-1.1053001880645752
0.3826410472393036
0.602841854095459
-0.04683125764131546
0.11865070462226868
2.1364943981170654
-9.396498680114746
-3.3275201320648193
0.16900594532489777
-0.31279218196868896
-0.4372704029083252
0.9336673021316528
-0.19423937797546387
4.861255645751953
-0.4690093398094177
0.1532672941684723
-0.38821178674697876
-0.5575235486030579
0.45347896218299866
0.08520884811878204
0.2846217155456543
0.02282525599002838
-5.290769100189209
-0.05575430393218994
-0.1438637524843216
-0.01850719004869461
5.146119594573975
0.191818505525589
0.7634638547897339
1.161504864692688
-0.4666997790336609
0.5900470614433289
1.0185232162475586
0.19474737346172333
0.8511990308761597
0.8701673746109009
-0.033232949674129486
-0.4169583022594452
0.21768759191036224
-0.20671683549880981
-0.12386735528707504
-4.892594337463379
-5.399195194244385
1.036475419998169
-2.297531843185425
0.18776361644268036
1.027906894683838
0.4165570139884949
6.190408229827881
0.6660359501838684
-4.4427008628845215
0.6988803148269653
0.16696912050247192
-0.7171366810798645
3.4524359703063965
-0.32483893632888794
-3.047823905944824
-3.761862277984619
2.2978265285491943
-0.47408804297447205
-4.590613842010498
1.9893959760665894
1.963038682937622
0.22401350736618042
4.620432376861572
-4.068694114685059
1.0744898319244385
2.0841681957244873
-1.7192392349243164
1.165622353553772
-6.367880821228027
0.6423187851905823
-1.9724457263946533
-0.7332789301872253
-2.649718999862671
-1.6299481391906738
5.748035907745361
0.5119264125823975
2.336869955062866
0.1651352047920227
3.953718423843384
0.2695035934448242
1.6428238153457642
-0.155780628323555
0.3279547095298767
-0.16096067428588867
-1.5165687799453735
3.5891175270080566
3.569880485534668
-0.8575149178504944
3.109361171722412
3.800874710083008
-1.1785101890563965
0.8634462356567383
-1.2035502195358276
-4.107796669006348
3.5575830936431885
-1.3001184463500977
0.8769912123680115
-0.3707660734653473
1.5359740257263184
3.8276729583740234
-0.3121322989463806
-2.4946258068084717
1.145250678062439
-0.36152705550193787
-0.7363868951797485
0.05409550666809082
-1.775009036064148
-0.15014079213142395
-1.8166985511779785
1.1213229894638062
1.08649480342865
-0.0150243379175663
0.7286426424980164
1.2311813831329346
0.08620554953813553
-0.07689220458269119
-0.09774351865053177
0.7793194055557251
0.35289958119392395
-0.6354504823684692
-1.7661932706832886
0.8214926719665527
-0.6595373749732971
-0.374674528837204
0.11614571511745453
3.1662025451660156
1.5182605981826782
-1.4801216125488281
5.540751934051514
0.3717454671859741
1.1093525886535645
-1.7071900367736816
-0.24997961521148682
0.0929129421710968
-0.4845973551273346
-1.9837791919708252
-6.097520351409912
3.846789836883545
1.382854700088501
0.039776235818862915
-1.4961549043655396
-0.42763638496398926
-3.589292287826538
-0.3981432616710663
2.7095553874969482
0.1991376131772995
0.6096833944320679
-0.6871213912963867
-5.729716777801514
-0.9762794971466064
-2.729337692260742
-0.0032956053037196398
-0.7301093339920044
-0.033670343458652496
-0.251664400100708
3.088815689086914
0.02634422667324543
0.2261345386505127
-1.246390461921692
-0.296215295791626
-0.58683842420578
1.8384859561920166
-2.2280800342559814
1.3909176588058472
0.47617629170417786
-5.729122638702393
0.5974640250205994
-0.9776325225830078
-3.036386489868164
1.6216439008712769
-0.651429295539856
1.3680553436279297
-1.4788458347320557
0.9549809098243713
-0.9270930290222168
0.5081684589385986
-5.403125762939453
-0.01259938720613718
-4.814270973205566
-2.289637804031372
5.612460613250732
-1.5385313034057617
-0.10689352452754974
-2.4128429889678955
0.025245221331715584
-2.1849992275238037
-0.6570098400115967
0.29587066173553467
-0.7545284628868103
-2.5690741539001465
1.7215101718902588
1.0189800262451172
0.4145478904247284
1.9009896516799927
1.0552467107772827
1.9606707096099854
-0.4819411337375641
4.318357467651367
-1.224114179611206
0.14101850986480713
-5.631461143493652
0.12770245969295502
-3.4160218238830566
0.07564786076545715
1.067215085029602
-2.1682281494140625
-0.4598740041255951
0.06983250379562378
-2.404670476913452
-4.236353397369385
4.874567031860352
-0.364888995885849
0.5353072285652161
-1.132889747619629
2.940861701965332
0.2329624444246292
-0.5019676685333252
0.14795756340026855
-0.2970070242881775
-5.588514804840088
-1.8301396369934082
2.83500337600708
0.9419479966163635
-1.3825809955596924
-0.21698631346225739
2.1123008728027344
0.31021830439567566
0.7410436868667603
-1.6076185703277588
0.9528946280479431
-0.38391807675361633
-0.7159458994865417
0.14457592368125916
5.090830326080322
0.06610418111085892
-0.29348525404930115
-0.2945220172405243
-0.031106386333703995
-0.4017237722873688
-0.05439789220690727
-0.10809358209371567
0.240642711520195
0.03425464406609535
0.008480061776936054
3.8134002685546875
-0.11229673027992249
0.819425642490387
-0.8553944230079651
0.033051978796720505
0.2289910763502121
-0.33548155426979065
0.37829455733299255
-0.6224736571311951
0.229729562997818
0.18707844614982605
0.27075910568237305
-0.15184059739112854
1.888734221458435
0.18447794020175934
-0.018831348046660423
-0.006479875184595585
-0.3246011734008789
0.5780190825462341
-4.471107006072998
-0.5074356198310852
1.4525587558746338
-5.194355010986328
0.5579559206962585
-1.0190354585647583
-1.4493350982666016
-3.3601975440979004
0.9009127020835876
-5.382626056671143
-1.092880368232727
0.12649892270565033
-1.7560592889785767
3.929354667663574
-6.0067362785339355
1.8255292177200317
-1.5190287828445435
-0.7638242244720459
-5.975510597229004
-4.369600772857666
0.20397290587425232
-6.003952503204346
0.7280012965202332
0.6011638641357422
0.8598884344100952
-5.246630668640137
0.9397273659706116
-5.515910625457764
-1.0012158155441284
1.8623629808425903
0.08989595621824265
1.7944492101669312
-0.4776374399662018
0.5762192606925964
4.40511417388916
2.149846076965332
1.4042861461639404
0.6607352495193481
0.0032430547289550304
-1.0005518198013306
-0.23015865683555603
-4.022587299346924
-4.479534149169922
-0.16402283310890198
-0.24369817972183228
-0.07325775176286697
-1.5690393447875977
2.8739404678344727
2.2299792766571045
-4.7422709465026855
-0.028960319235920906
-4.7159647941589355
0.522692859172821
-4.787736415863037
4.131139278411865
1.9959440231323242
4.201095104217529
1.1115344762802124
2.002393960952759
-0.4916934669017792
-3.2159862518310547
-1.4494303464889526
2.9370486736297607
2.5067200660705566
1.2772884368896484
0.4545029103755951
0.8969447612762451
-2.2623021602630615
0.5099811553955078
0.27529579401016235
5.9971747398376465
-0.711150586605072
0.004081800114363432
-3.4635398387908936
2.0222229957580566
-0.5684211850166321
-0.22722099721431732
-3.179863452911377
3.1172091960906982
-1.7340667247772217
-4.836045742034912
-1.048219084739685
2.799504518508911
4.26633358001709
-0.6654215455055237
0.24196253716945648
5.88596248626709
2.679945707321167
-4.666445732116699
-1.3756103515625
-2.8632001876831055
-2.4183812141418457
-3.2386906147003174
0.061190348118543625
0.5858337879180908
3.8428797721862793
0.3100338280200958
4.500291347503662
0.9291999340057373
-1.3348926305770874
0.6985921859741211
3.1757006645202637
-0.6333701610565186
-0.9606959223747253
0.8031215071678162
-4.151254653930664
-0.7223451733589172
0.8138467073440552
0.08005005121231079
-0.3792908489704132
-1.8262202739715576
-1.6323703527450562
3.0969767570495605
-0.22034771740436554
-0.8301553130149841
-3.067556619644165
-1.4894553422927856
0.9114636778831482
-0.2274145931005478
0.11995719373226166
1.9415855407714844
-0.7413949370384216
2.9205448627471924
0.059777576476335526
2.6157071590423584
-2.373422384262085
4.257132530212402
2.2848286628723145
0.5245932936668396
1.1729389429092407
0.9129794836044312
1.1511961221694946
-6.866286754608154
3.441713333129883
1.7240691184997559
3.0939042568206787
0.2714153826236725
-3.0121681690216064
4.392450332641602
0.21303099393844604
-6.17919921875
2.7648701667785645
0.1268840730190277
-8.291199684143066
0.8885709643363953
-4.625212669372559
1.090077519416809
0.2880353033542633
4.860650062561035
-0.7998389601707458
-2.2432072162628174
0.5169551968574524
4.776923656463623
-0.3387239873409271
-6.236758708953857
-4.7811737060546875
3.0945112705230713
-5.121025085449219
-0.2711796462535858
-0.08299988508224487
0.7457464337348938
-6.556578159332275
-0.1291230022907257
-1.1056106090545654
0.0945369303226471
0.009771226905286312
-0.1256764978170395
1.216436505317688
-0.8442298173904419
1.102026104927063
-0.5114181041717529
1.1299282312393188
-0.30462729930877686
0.34805920720100403
-2.180392026901245
1.337720274925232
-0.017557788640260696
1.0509212017059326
2.1651034355163574
-0.3474867641925812
-0.2088775932788849
-1.1473362445831299
0.2882038354873657
0.33904358744621277
0.6312212944030762
0.577340304851532
0.010076249949634075
-0.29615136981010437
0.1622026413679123
0.07127157598733902
-0.017637740820646286
0.7545982599258423
-1.5957762002944946
0.7440683245658875
-1.0791081190109253
3.601130247116089
0.7019990682601929
0.13579361140727997
-0.9264542460441589
-0.9174719452857971
2.6182618141174316
4.507340908050537
0.22072282433509827
-6.116490364074707
-0.5715616941452026
0.059380777180194855
-1.2138394117355347
-0.838704526424408
0.5171544551849365
3.619880199432373
-1.6457750797271729
5.084940433502197
1.740049123764038
1.2380385398864746
-0.652790904045105
-5.925080299377441
0.01967542991042137
-0.2250937819480896
-2.2595481872558594
-1.8242449760437012
-1.6445749998092651
0.33651071786880493
0.7153885960578918
1.1799557209014893
-2.5784802436828613
-0.9268722534179688
-3.480849504470825
-0.017956534400582314
0.12485375255346298
6.098747253417969
0.2012946456670761
0.855373203754425
1.5580480098724365
4.719779014587402
-1.93303644657135
-0.505915641784668
-6.28448486328125
-3.9574244022369385
-0.6772432923316956
1.2897498607635498
6.264265537261963
-0.5470238924026489
-0.6325312852859497
2.0399584770202637
-1.354793667793274
-0.6940634250640869
0.5559406280517578
-6.217437267303467
4.559299468994141
-1.9226694107055664
-2.37075138092041
1.2503461837768555
5.009475231170654
-6.474214553833008
-2.622445583343506
-1.553236484527588
-0.00798630528151989
0.11202342063188553
3.610980272293091
-0.3438376784324646
6.179524898529053
-0.9838115572929382
-0.0842566043138504
0.8341512084007263
-0.012902498245239258
-0.26538747549057007
-2.299119710922241
-0.034491099417209625
0.007934065535664558
-0.3592361807823181
0.43019774556159973
1.355043888092041
-0.08316895365715027
5.682526588439941
-0.1447884887456894
1.6697850227355957
2.1441540718078613
0.4431198239326477
0.43311116099357605
0.501567006111145
0.5808824300765991
1.052562952041626
0.2671620547771454
-0.12678861618041992
-0.2543014883995056
0.16012492775917053
-0.9390413165092468
0.8835092782974243
-5.838344573974609
-5.660362243652344
-2.5126094818115234
-3.5375709533691406
0.9523405432701111
3.8806841373443604
0.08319363743066788
6.234350681304932
-1.2471239566802979
1.3150652647018433
0.2653774619102478
1.9226499795913696
-2.0036466121673584
-4.375089168548584
-1.5939487218856812
-1.6872432231903076
0.42199116945266724
3.2199676036834717
-1.199640154838562
-4.20576810836792
0.1336563378572464
1.295060157775879
-0.5323477387428284
4.724325180053711
0.49698567390441895
0.492464154958725
3.5462636947631836
-0.868938684463501
1.5314348936080933
-6.029375076293945
-2.2381062507629395
-5.479495525360107
-0.6554654240608215
-2.2726430892944336
0.006596697028726339
2.995591640472412
1.2685534954071045
1.0129684209823608
-0.4411226212978363
4.783633708953857
-3.2062079906463623
2.83701229095459
0.7943605184555054
0.16560934484004974
-0.08757834136486053
0.6546407341957092
3.2520289421081543
2.0364301204681396
0.6120631694793701
1.7254399061203003
3.9655418395996094
2.305375814437866
0.059528250247240067
0.6271182894706726
-5.7300519943237305
3.606369733810425
-5.179986953735352
-0.2745872735977173
0.3268473744392395
4.879512786865234
5.331445693969727
0.17673975229263306
-3.9894213676452637
0.05828031525015831
0.5819406509399414
-0.9361993670463562
0.18994148075580597
-3.873908042907715
0.0004961154772900045
0.30949094891548157
-0.5690803527832031
1.9468153715133667
0.2677065432071686
0.4878140389919281
-0.5127484202384949
0.4047341048717499
-0.5545598268508911
-0.04484117403626442
0.2029051035642624
-0.5006760954856873
1.7917271852493286
0.11888889223337173
0.6882596015930176
-0.6091085076332092
-0.07904119789600372
2.6073524951934814
4.792999267578125
-0.1913595199584961
3.9976978302001953
6.087338924407959
0.7101985812187195
2.8886239528656006
-1.0678752660751343
0.1255463808774948
-0.258314847946167
-2.401984453201294
-1.9887049198150635
-5.981709003448486
3.1228575706481934
3.506247043609619
0.4869506061077118
-2.7181801795959473
1.0448555946350098
-4.864818096160889
0.8019522428512573
-0.4333486557006836
-0.21297287940979004
3.3342812061309814
-0.5632685422897339
-5.855762004852295
-1.1719928979873657
-3.386732816696167
0.7717402577400208
-1.2699116468429565
-0.2666848301887512
2.5982351303100586
3.831721544265747
-0.4300800561904907
1.3725154399871826
0.02358236163854599
1.0678414106369019
-2.9076433181762695
-1.1718196868896484
-1.356244444847107
-0.9860599637031555
0.16746041178703308
-5.389914512634277
0.4194265604019165
-0.7788872718811035
-3.5763213634490967
-0.15949207544326782
0.06760485470294952
-0.035698018968105316
-0.32330721616744995
3.0525686740875244
-0.8000702857971191
-1.2191253900527954
-2.996530294418335
-0.6129864454269409
-5.055561542510986
-0.36921751499176025
0.5264406204223633
-0.30732470750808716
-0.6480459570884705
-3.553023338317871
0.5018901228904724
-0.8384369611740112
-2.399384021759033
-4.997550010681152
-0.0806967094540596
-3.783632516860962
-1.0849499702453613
0.08676519989967346
-0.8763574957847595
2.4624276161193848
0.6539075374603271
3.252352714538574
0.07054374366998672
5.165161609649658
-2.26839280128479
-0.4436510503292084
-5.94260835647583
-2.9821455478668213
-0.9805678725242615
0.7516106963157654
2.9080708026885986
-0.7476876974105835
-0.2198472023010254
-1.0103132724761963
-1.860285997390747
-2.694382429122925
3.6126325130462646
0.8077434301376343
-0.5429648160934448
-2.793314218521118
2.4314913749694824
0.10678812116384506
2.880882978439331
-1.5928568840026855
-2.534193754196167
-6.264968395233154
0.9468590617179871
1.586539387702942
2.5443332195281982
-1.0723875761032104
0.4428486227989197
1.6481701135635376
0.19961246848106384
0.34345173835754395
-1.075274109840393
0.40868839621543884
-0.2806658148765564
0.2363170087337494
0.04559732973575592
5.84511661529541
-0.23957234621047974
0.39511674642562866
0.021721942350268364
0.05884514003992081
-0.9876203536987305
-0.562225878238678
-0.6235257387161255
-0.8443032503128052
0.15051725506782532
-0.04828965291380882
0.3724815845489502
0.6164951324462891
0.12986357510089874
-0.010351241566240788
-0.26161259412765503
0.14323590695858002
-0.5727460980415344
0.5132595896720886
-4.557528018951416
-0.20205910503864288
0.8016493320465088
0.6815458536148071
0.3408961594104767
1.6561881303787231
1.0995712280273438
-0.29015815258026123
-0.18285147845745087
-0.3371378183364868
0.7191272377967834
-5.478512763977051
-0.7429662346839905
0.899385929107666
1.2012665271759033
0.19712455570697784
-0.9967413544654846
-0.9811400175094604
-3.8888089656829834
0.787090003490448
-2.4834561347961426
-1.1262139081954956
0.2780599594116211
1.139241099357605
-0.36407607793807983
-5.829715251922607
1.4465603828430176
-0.6362242102622986
-0.43082839250564575
-6.466007709503174
-3.385322332382202
-1.068462610244751
-6.126045227050781
1.1145155429840088
0.6838737726211548
2.909207820892334
-5.389389514923096
0.24806177616119385
-5.885699272155762
-0.8971884846687317
0.2879294753074646
0.8825674653053284
0.2472906857728958
-1.0526349544525146
0.6442668437957764
5.589717388153076
5.033924579620361
0.9571076035499573
1.5964689254760742
0.9487230181694031
1.336457371711731
-1.839614987373352
1.9161555767059326
-4.186225414276123
-0.8180928826332092
0.2929433286190033
-2.3133127689361572
-0.560867965221405
4.502693176269531
3.8598434925079346
-1.888485312461853
0.21556057035923004
-0.5309134125709534
-0.6687778234481812
-4.652607440948486
2.4042062759399414
-0.20823101699352264
3.2318849563598633
0.5529525279998779
4.520375728607178
1.7479723691940308
-0.2890291213989258
1.8681546449661255
2.9079370498657227
1.0292171239852905
-2.0626344680786133
2.695415735244751
-0.9375887513160706
-5.460774898529053
1.426121711730957
1.5199803113937378
6.501485347747803
-1.3415194749832153
1.7189918756484985
-3.4963276386260986
-0.37639346718788147
0.12318775802850723
1.2360872030258179
-1.3624342679977417
3.6835837364196777
-0.158472940325737
-3.0551414489746094
-0.0978558287024498
0.6146692037582397
-2.3400020599365234
0.9550724625587463
-1.26744544506073
5.7513251304626465
2.8534095287323
-0.8393758535385132
-3.972313642501831
-0.02452251687645912
-2.8541529178619385
-3.538853883743286
-1.1261063814163208
-0.6197423338890076
5.9477458000183105
-3.7424490451812744
5.396212577819824
-2.593712329864502
0.4524514079093933
1.2598315477371216
4.05500602722168
-0.3544357120990753
0.42103156447410583
2.8865418434143066
3.557828187942505
1.3350211381912231
1.6937862634658813
-2.0671372413635254
-2.3974523544311523
-2.4682211875915527
-2.0194272994995117
2.9493165016174316
0.5527373552322388
-4.341670989990234
-3.684169054031372
-1.0656472444534302
1.5616564750671387
0.11237288266420364
3.990892171859741
2.1985340118408203
-0.4502938985824585
1.625742793083191
-0.268832802772522
1.6574968099594116
0.5832712054252625
3.75424861907959
-0.33500322699546814
0.06650039553642273
-0.40480878949165344
-2.440272092819214
4.820773124694824
-14.540159225463867
4.77948522567749
1.2098904848098755
2.681417942047119
5.199376583099365
4.504475116729736
6.531205177307129
3.560913324356079
-5.932980537414551
-0.6256771683692932
-0.10966179519891739
-13.138493537902832
5.371089458465576
-6.4102864265441895
0.668761670589447
0.8227918744087219
5.140295505523682
-1.5863306522369385
0.3547690212726593
3.6911706924438477
5.734574317932129
-1.3007620573043823
-10.715641975402832
-5.343587875366211
4.556185722351074
-5.82769775390625
0.990363597869873
-0.9601086974143982
-0.06456688791513443
-6.45376443862915
1.2792011499404907
-0.349435418844223
-0.5712225437164307
-0.5047911405563354
0.1192769929766655
1.4623486995697021
-0.6795523762702942
-0.0012390672927722335
-0.24382513761520386
0.18657399713993073
0.46290501952171326
1.1147685050964355
-2.621588706970215
0.7007425427436829
0.2503263056278229
-0.1554781198501587
0.7665667533874512
0.2739955186843872
-1.0411690473556519
0.2759205400943756
-0.17064794898033142
-0.66063392162323
0.6372623443603516
-0.1644257754087448
0.08542395383119583
-0.10654036700725555
-0.6565585732460022
-0.555141270160675
-0.1479875147342682
0.3085097372531891
-0.9565268158912659
-0.03418995440006256
-0.9866591691970825
1.606842279434204
-0.689359724521637
0.6551668047904968
-0.33470913767814636
0.9664210677146912
4.3401780128479
-0.7434253096580505
0.4416300058364868
-5.087291717529297
0.4541527330875397
-4.827098846435547
-0.5523101687431335
-2.7655444145202637
-1.453717827796936
1.8150526285171509
-0.035402022302150726
4.578564643859863
0.8650872707366943
1.0187581777572632
-2.2484357357025146
-5.252803325653076
-2.350968837738037
1.8941850662231445
-1.659302830696106
-3.135369300842285
0.7528121471405029
-0.0817849189043045
-0.42504361271858215
0.8844753503799438
-2.197465181350708
0.295068621635437
-1.1910035610198975
4.049699783325195
0.2551638185977936
1.9373211860656738
0.575870931148529
2.241865873336792
4.622687339782715
-3.8154823780059814
-0.3082673251628876
-0.6966345310211182
-5.220691204071045
2.6955928802490234
-0.29335832595825195
-0.5044437646865845
6.028013706207275
0.6248686909675598
-0.5652547478675842
5.480269432067871
-0.9218580722808838
-1.5720292329788208
1.5036797523498535
-6.331991195678711
-0.2308950126171112
-0.38193395733833313
-3.4119811058044434
1.6236436367034912
4.067986488342285
-6.024829864501953
-1.352464199066162
-1.0351353883743286
0.04630211368203163
0.002913480158895254
2.6678643226623535
-0.452372670173645
2.492401599884033
-0.06312909722328186
-0.10123568028211594
1.1551462411880493
0.6080398559570312
0.06472369283437729
-0.30958136916160583
-0.10761778056621552
-0.12428729236125946
1.9323097467422485
0.32147276401519775
-1.2806358337402344
-0.7672529220581055
3.3563809394836426
-0.633711576461792
1.413394808769226
0.3588690459728241
-0.488191157579422
0.34031468629837036
0.1444607526063919
0.13205629587173462
-0.08271832764148712
0.9182876348495483
0.791011393070221
-0.24934856593608856
0.0919559970498085
-0.3913553059101105
0.8167477250099182
-5.335236549377441
-5.229617595672607
-2.514430284500122
-4.938772201538086
-0.9377574920654297
4.638471603393555
1.805657982826233
5.9257330894470215
-0.6572586894035339
2.3939731121063232
-0.657380223274231
1.3424873352050781
-0.33178651332855225
-3.330029249191284
0.807317316532135
-1.414580225944519
0.6591629981994629
0.10668857395648956
-1.8684295415878296
0.7325619459152222
-0.732578694820404
0.4373452067375183
-1.259823203086853
2.086439371109009
2.917149543762207
-1.033437728881836
1.6136645078659058
-0.26007595658302307
0.48029211163520813
-6.056184768676758
-4.134998798370361
-4.668907165527344
0.27154484391212463
-2.6448283195495605
0.1863984763622284
-4.618210315704346
1.106913685798645
-1.5015873908996582
-1.0170971155166626
4.877949237823486
-0.8508866429328918
-1.3281251192092896
0.8757084012031555
-0.7231127619743347
-0.6035791039466858
2.6548550128936768
3.0206799507141113
0.5454569458961487
0.04445814713835716
2.038045883178711
3.5796852111816406
3.351188898086548
0.17429284751415253
-0.3687327206134796
-5.308792591094971
0.25924307107925415
-4.550443649291992
-1.6224099397659302
0.044364988803863525
3.2379331588745117
3.314279556274414
-0.08689651638269424
1.2329298257827759
0.31056541204452515
0.08156940340995789
0.0029464259278029203
-0.10946883261203766
-0.22200779616832733
-0.15884174406528473
0.6303796172142029
-0.5817383527755737
1.7630653381347656
0.09973413497209549
-0.44641241431236267
-1.0272387266159058
-0.6684865951538086
0.18063108623027802
0.21853899955749512
-1.062556505203247
-0.3743983507156372
0.13740819692611694
0.4720372259616852
-0.0756261944770813
0.08706039190292358
0.5143266916275024
0.5704392790794373
2.7737886905670166
-1.2877707481384277
5.519350051879883
5.777612686157227
-0.03210819512605667
3.084951162338257
1.2558093070983887
0.6719825863838196
-1.3630117177963257
-1.162493109703064
-2.3648488521575928
-5.9390435218811035
3.302395820617676
5.6602959632873535
-1.6278884410858154
-0.2704189121723175
-0.9221977591514587
-2.8489136695861816
1.1109592914581299
-2.3463003635406494
0.4458114504814148
-0.8487856388092041
-1.1976275444030762
2.659975051879883
0.005426226649433374
-3.17250657081604
3.7329699993133545
0.5570372939109802
-0.46016278862953186
5.483334541320801
0.3849004805088043
0.33838972449302673
1.7561835050582886
0.08591686934232712
-0.8628861904144287
-0.2148486077785492
0.4590652883052826
0.9635190367698669
-2.3569703102111816
-2.518970251083374
1.3680797815322876
0.3170818090438843
3.5157294273376465
-2.732492208480835
-0.6440267562866211
-0.6916025280952454
-0.17452847957611084
1.8398056030273438
3.5432043075561523
-0.8658331632614136
-0.8900620937347412
-0.3962283134460449
0.21042709052562714
-5.144787311553955
-0.2507600486278534
-5.454148292541504
-0.09883986413478851
0.5111038088798523
-2.0163791179656982
-2.5875890254974365
-0.1016468033194542
1.3576992750167847
-5.757755756378174
1.5531102418899536
-4.542221546173096
-5.363198757171631
-0.108101025223732
-1.8240176439285278
0.11776088923215866
0.012167575769126415
0.5788576602935791
1.7162387371063232
0.24464911222457886
-0.2644413709640503
0.17978917062282562
-4.864195346832275
-0.32653769850730896
0.518328845500946
0.259184867143631
2.6483137607574463
0.5217927098274231
-0.2890968918800354
-1.380854845046997
2.3734548091888428
1.122110366821289
0.5072030425071716
-0.3410777151584625
0.004604324698448181
-2.391500234603882
0.6332576274871826
-2.528432607650757
0.6864219307899475
-1.852859377861023
-2.2223145961761475
-5.8803534507751465
1.303747534751892
-0.3415767252445221
0.8362685441970825
0.4082079231739044
-0.9543110132217407
-0.1113564521074295
-0.5269435048103333
-0.8920079469680786
0.3250176012516022
-0.41325539350509644
0.2605487108230591
0.8088359236717224
-0.03774324059486389
2.5451745986938477
0.013380533084273338
0.17882145941257477
-0.06595862656831741
-0.2749757766723633
-1.8039456605911255
0.09508614242076874
0.12180660665035248
-0.34031492471694946
-0.10485988855361938
0.1797264814376831
0.17406848073005676
0.2612457871437073
0.34354880452156067
0.3322241008281708
0.09213278442621231
-0.29856443405151367
-0.55107182264328
0.13783080875873566
-0.23093077540397644
0.11254927515983582
0.38820430636405945
0.1919751763343811
0.9705700278282166
0.6581404805183411
0.7785439491271973
-0.046702995896339417
-0.5904847979545593
-0.06056089699268341
0.03631031885743141
-2.852890729904175
-1.780784249305725
0.4573848247528076
4.065016269683838
-0.7238953113555908
1.4796452522277832
-0.229994535446167
-2.8375892639160156
-0.5135192275047302
1.287811040878296
0.31509101390838623
-0.8361117243766785
0.4328698217868805
-2.027463436126709
-4.976781368255615
-0.019390717148780823
-0.0745682641863823
0.9158622622489929
-6.346360206604004
1.685600757598877
-1.3105902671813965
-4.645419120788574
1.1843187808990479
0.13438379764556885
0.08628610521554947
-4.469444751739502
-0.6516560316085815
-4.7623138427734375
-0.8586333990097046
-1.8954945802688599
-0.1760273575782776
-1.3232470750808716
1.888447880744934
0.02034987136721611
5.332099437713623
5.38167142868042
0.12197139114141464
2.799129009246826
-0.13551296293735504
2.6871728897094727
-1.1937936544418335
0.7765969038009644
-1.4375977516174316
-0.7925320267677307
-0.2005642056465149
3.8314828872680664
-0.18320995569229126
0.612335205078125
1.0635738372802734
2.40310001373291
-0.5722788572311401
1.1317790746688843
0.2726273536682129
-1.816145658493042
0.054468028247356415
0.2692575454711914
-4.548376083374023
0.24343614280223846
2.2200450897216797
2.95320725440979
-0.9968440532684326
0.24618294835090637
0.24842791259288788
-0.6198082566261292
-3.1083357334136963
0.5011230707168579
0.22110022604465485
-2.623300552368164
-0.30899372696876526
4.254941463470459
5.669717788696289
-1.339192271232605
0.6670573949813843
1.063079595565796
-0.1598348319530487
0.4964541494846344
-0.2534875273704529
3.478318214416504
1.2864629030227661
1.2542123794555664
-0.33022114634513855
-0.9631059765815735
0.7106636166572571
-4.81631326675415
-0.22015032172203064
1.3684965372085571
5.166787147521973
-0.5510501265525818
3.841031312942505
-2.607818841934204
0.38055482506752014
-1.173285722732544
0.34147390723228455
0.28979772329330444
2.102646827697754
4.599010467529297
-1.768214464187622
5.298919677734375
-0.5886303186416626
-0.16007792949676514
-0.36347565054893494
0.6966054439544678
0.4545367360115051
-1.743607759475708
3.2333767414093018
4.502100944519043
2.550992727279663
-0.06569303572177887
0.5610322952270508
-1.048378348350525
-1.837830662727356
-0.4556533396244049
-0.613030195236206
-0.2269345223903656
-2.969313859939575
1.2270017862319946
0.19194087386131287
0.5991783738136292
-0.6478241086006165
3.2912731170654297
-0.6387115716934204
1.1273151636123657
-1.8671875
1.2301795482635498
-0.17122438549995422
1.704186201095581
1.0572768449783325
0.24514241516590118
-0.10102741420269012
-3.015064239501953
-1.0686465501785278
-0.18144185841083527
-9.820340156555176
0.5800944566726685
-0.09050346910953522
0.27508604526519775
0.7712361812591553
0.971838653087616
4.506923675537109
0.6589296460151672
-3.4816102981567383
-0.3808576166629791
-1.0935965776443481
-8.985965728759766
0.04843979701399803
-5.337306499481201
0.2952948808670044
-0.9784632921218872
3.0711379051208496
0.21837131679058075
2.1156868934631348
0.06071634963154793
1.1618586778640747
0.18178269267082214
-6.474703311920166
-0.9218068718910217
0.45398518443107605
-2.4726052284240723
-0.732528030872345
0.45778778195381165
0.9584174156188965
4.687521934509277
0.17574524879455566
-0.6454598307609558
0.9412206411361694
-0.17711687088012695
0.10218700021505356
1.0971722602844238
-1.1737109422683716
3.541355848312378
-1.5762510299682617
-4.833867073059082
-0.5024459958076477
0.369657427072525
-0.17487086355686188
4.286009311676025
-0.1883286088705063
2.076078176498413
0.45389822125434875
-0.2091963291168213
-0.14056316018104553
-1.5849053859710693
-0.06524679064750671
0.6105968952178955
0.9282681941986084
-0.3572714626789093
-0.046011749655008316
0.3575005531311035
-0.45892325043678284
-0.11931025981903076
-0.036876387894153595
0.14889885485172272
0.7909029126167297
0.42164847254753113
-0.8209633231163025
2.7159206867218018
0.38815027475357056
-0.5991207361221313
-0.05205928534269333
-2.810328722000122
1.1844843626022339
5.849557399749756
-0.5208761692047119
0.8207916021347046
-1.0621699094772339
-0.3749436140060425
-0.12425104528665543
3.4479353427886963
0.571475088596344
2.7008602619171143
0.9845361113548279
3.884045362472534
4.51741361618042
-0.026777423918247223
-0.3997828960418701
-5.962112903594971
1.6381056308746338
0.10008755326271057
-3.4285571575164795
1.021475076675415
-3.863065004348755
0.5415169596672058
3.8024542331695557
1.8013230562210083
-1.0194997787475586
0.172642320394516
-0.2822396457195282
0.20002955198287964
0.24838705360889435
5.925100803375244
1.2673035860061646
-0.4866655170917511
3.7254207134246826
4.810788631439209
-0.5179177522659302
-4.218230724334717
-5.250115394592285
-0.26619553565979004
-0.015028961934149265
2.468068838119507
6.190889358520508
-2.17037034034729
-0.07098248600959778
4.479027271270752
-0.3414851427078247
-1.1327584981918335
0.8496925234794617
-7.525155544281006
0.22159802913665771
0.07067465782165527
1.1168456077575684
0.11156975477933884
2.878452777862549
-7.3624267578125
-3.069365978240967
-2.8543667793273926
0.1178598701953888
-0.004317137412726879
1.6308642625808716
0.06577844172716141
5.9407548904418945
-0.0247653741389513
-0.1308862715959549
1.4338860511779785
-1.664801001548767
0.4689299762248993
-1.3704296350479126
-1.146568775177002
0.3516756594181061
-0.1612546145915985
0.7015799283981323
2.087125778198242
-0.938880443572998
6.247856616973877
-0.24688543379306793
2.204197883605957
0.27901607751846313
0.021305464208126068
0.28710663318634033
0.2661263942718506
0.22004589438438416
0.15526387095451355
-0.09794974327087402
-0.10691589117050171
-0.04807044565677643
0.18248963356018066
-4.561408042907715
0.5860388278961182
-5.402284145355225
0.7893863320350647
2.260683536529541
-0.7500450015068054
0.633342981338501
0.22887474298477173
0.9592039585113525
6.0740766525268555
-0.6152121424674988
-2.2906243801116943
2.209678888320923
-4.814001560211182
-2.2610607147216797
4.052387714385986
-4.106976509094238
-1.5892492532730103
-5.208280086517334
3.549734592437744
-2.3154938220977783
-5.232057571411133
0.7403820157051086
0.44001704454421997
2.0363545417785645
1.3208225965499878
1.1230440139770508
4.098024368286133
1.2597423791885376
-0.8152042031288147
2.3613991737365723
-6.0821213722229
1.7912358045578003
-5.626158237457275
-1.872077465057373
0.23546192049980164
1.0019171237945557
5.454176425933838
-0.010476433672010899
1.6498777866363525
1.9910441637039185
-1.414232611656189
-3.976858615875244
2.2572085857391357
1.2560362815856934
-0.6749117970466614
-1.4033979177474976
-1.727276086807251
0.3147886097431183
1.0588710308074951
-1.6005921363830566
2.0595552921295166
3.4353137016296387
-0.35556572675704956
0.45507320761680603
-0.3061961531639099
1.0720187425613403
2.3011207580566406
-5.586921215057373
2.204939365386963
-0.8580209016799927
0.710126519203186
0.2696831226348877
0.3274651765823364
-0.1663508266210556
-1.8245905637741089
-0.056144777685403824
0.2023502141237259
-0.7263709902763367
-4.149888515472412
-0.011613080278038979
-0.13085797429084778
-0.5618530511856079
-3.070596694946289
0.8306595087051392
0.22945578396320343
0.8711751699447632
-0.9747770428657532
0.13899068534374237
-0.019152654334902763
-5.726016044616699
0.32056987285614014
0.2159261703491211
0.34430333971977234
0.08827611804008484
-0.08565835654735565
-0.12533704936504364
1.7622096538543701
5.654269695281982
-1.0960649251937866
-0.3011782467365265
5.3871917724609375
-0.43958327174186707
-0.23158971965312958
-5.044649124145508
-0.21175061166286469
0.5946419835090637
-0.8610386848449707
-1.178323745727539
2.093109369277954
5.418210029602051
0.9896360039710999
1.3843896389007568
-4.4524946212768555
-0.5510440468788147
-1.3766072988510132
2.8482208251953125
-0.10652385652065277
1.5523608922958374
-5.341789722442627
2.3721885681152344
0.4891543984413147
0.05656510218977928
-2.7059712409973145
-0.01855255290865898
1.7489187717437744
0.4124693274497986
0.7650204300880432
4.280447006225586
-0.03229488432407379
-0.45071202516555786
-1.26060950756073
-2.6556248664855957
-2.5057926177978516
1.9495995044708252
-1.1270513534545898
-0.23477670550346375
0.5278881788253784
-5.2326202392578125
-0.23619385063648224
-2.104315757751465
5.318006992340088
1.577407956123352
-0.43504077196121216
-0.30994001030921936
-5.3376030921936035
3.9921786785125732
-3.8091530799865723
-0.05953512340784073
-5.652954578399658
-3.5698866844177246
-1.6232784986495972
-2.5781915187835693
2.361680746078491
0.24978747963905334
0.6424309611320496
-3.6301217079162598
-0.027347644791007042
-0.38227754831314087
-3.0184683799743652
-4.497241497039795
-1.267643928527832
-0.05128960311412811
-5.69260835647583
1.470499873161316
1.242751955986023
3.2384753227233887
5.494366645812988
0.48050254583358765
0.14456816017627716
5.097519874572754
-0.9899251461029053
-2.226649522781372
3.7353127002716064
-2.351470708847046
-0.5198817253112793
1.6152794361114502
2.005920171737671
-0.6552034616470337
-0.2942502796649933
-0.8741262555122375
-3.1681504249572754
-3.396034002304077
-4.776694297790527
4.077055931091309
2.945723533630371
-1.5872336626052856
3.8868255615234375
0.1678287386894226
1.933478832244873
-0.011528892442584038
-4.234316825866699
-6.560250282287598
-0.06450909376144409
2.5473148822784424
0.07578502595424652
1.0507208108901978
-0.09304247796535492
1.3810045719146729
-0.37442514300346375
2.557157039642334
1.025168776512146
0.09992483258247375
0.4497593939304352
0.009219145402312279
-0.35098910331726074
5.6314520835876465
-0.11053255200386047
0.04852058365941048
-0.9566378593444824
0.042803503572940826
-0.42413660883903503
-0.1532154679298401
-0.18801894783973694
-0.4003886580467224
0.2669954299926758
-0.10206595808267593
2.863177537918091
0.05845276266336441
0.10508333891630173
1.0519993305206299
-0.15166395902633667
0.11421173065900803
-0.669986367225647
0.04017561674118042
-3.491511583328247
-0.12737882137298584
0.5704600214958191
0.644537627696991
0.004206051118671894
0.1588551551103592
-0.029047437012195587
0.3394283950328827
-0.08054228872060776
-0.03652265667915344
-0.2886635363101959
-5.113816261291504
0.5411304831504822
3.0783190727233887
-1.0839513540267944
-0.2331973910331726
-2.349287509918213
-4.284085750579834
-1.5492392778396606
-0.33223259449005127
-3.9963021278381348
-3.4894754886627197
-2.2055306434631348
-0.45395591855049133
2.214568614959717
-1.4174903631210327
1.1387743949890137
0.0711267963051796
-1.8556190729141235
-6.188505172729492
-4.921840190887451
0.1856309175491333
-6.401212215423584
-3.122086524963379
-1.1384519338607788
5.169821739196777
-5.647231578826904
1.847118854522705
-5.359637260437012
0.9333638548851013
2.4541585445404053
0.40025028586387634
-0.13056232035160065
0.07668256759643555
-2.3065736293792725
5.248307228088379
4.508920192718506
2.611111640930176
2.2545318603515625
-0.3937399685382843
-1.2415480613708496
-0.9401808977127075
-2.276655673980713
-4.698526382446289
2.2882490158081055
1.1065996885299683
3.7169389724731445
0.1685439944267273
4.578792095184326
4.088944435119629
-5.296050548553467
-3.0797643661499023
-0.7739838361740112
0.3526421785354614
-4.816751480102539
2.9419054985046387
-0.5056944489479065
0.6881295442581177
-1.9694252014160156
4.964771747589111
0.5919866561889648
-4.3614301681518555
1.0365593433380127
3.558396100997925
2.247832775115967
-2.915949583053589
-3.138288736343384
-0.49512600898742676
-5.5063982009887695
0.06324531883001328
-1.6310276985168457
6.47872257232666
-1.4271811246871948
-1.0883264541625977
-3.8807902336120605
0.5085640549659729
1.3156744241714478
0.5277042984962463
-3.7000274658203125
-5.481261730194092
-1.6308670043945312
-3.4228415489196777
-0.25558480620384216
0.9376049041748047
0.5732836127281189
-0.09254640340805054
-4.447159767150879
5.582457065582275
0.4153551459312439
-2.5573415756225586
-3.558443307876587
-3.4155819416046143
-1.5724587440490723
-5.025942325592041
-0.24667036533355713
-1.3301242589950562
6.344086170196533
-2.585073471069336
-5.715039253234863
0.24886715412139893
1.2955800294876099
0.5695777535438538
2.8012137413024902
-0.2736903429031372
2.0562660694122314
3.4703001976013184
-2.5623674392700195
1.392810583114624
3.0819590091705322
1.8749984502792358
2.7328174114227295
1.2406718730926514
-1.575401782989502
0.4084932804107666
0.8066376447677612
-0.6408906579017639
-5.499521255493164
-1.332206130027771
1.7693729400634766
-4.82164192199707
2.663426399230957
2.0338127613067627
0.9228095412254333
3.0001778602600098
3.892258405685425
3.6587929725646973
-1.8548144102096558
2.6330296993255615
1.8746137619018555
0.3836258053779602
-2.6836185455322266
-4.655166149139404
4.851348400115967
-12.840818405151367
0.28251007199287415
0.3592374324798584
2.440894603729248
5.587414741516113
0.07104131579399109
6.613761901855469
-0.11558825522661209
-6.926068305969238
4.383786678314209
0.23275478184223175
-10.411552429199219
1.309584617614746
-6.160333633422852
0.7985721230506897
-4.087736129760742
5.736537456512451
-1.764732003211975
-2.7600557804107666
3.0621731281280518
6.1313090324401855
0.6774036288261414
-9.666532516479492
-4.537156581878662
5.103307247161865
-7.163489818572998
0.08054219186306
-2.0201754570007324
2.1617934703826904
4.88370418548584
0.17376036942005157
-1.027635097503662
0.3581807613372803
0.13514475524425507
-0.21179673075675964
3.8677926063537598
-4.324650764465332
4.518224716186523
-2.977289915084839
-6.496058940887451
-0.1729584038257599
0.6941783428192139
-0.6612498164176941
4.599242210388184
-0.2058538794517517
0.6214874982833862
1.9231592416763306
0.8760070204734802
-0.13866882026195526
-1.7290658950805664
1.0168442726135254
-0.3887205719947815
2.028048038482666
-0.6562389731407166
-0.1466907411813736
-0.43575483560562134
-0.2102905809879303
-0.19503329694271088
-1.5454189777374268
-0.06024927645921707
0.08796509355306625
0.3752424716949463
-0.584284782409668
2.4532017707824707
1.014843225479126
0.25217580795288086
-0.6309716701507568
-2.1935412883758545
5.835007190704346
5.103010654449463
0.12985697388648987
1.7157026529312134
-2.8074839115142822
3.224297046661377
0.4389822781085968
0.5001093745231628
-2.403796434402466
4.711885929107666
-0.269635945558548
5.8828253746032715
5.170381546020508
2.794619083404541
0.9106504321098328
-4.097747325897217
-2.409658908843994
-0.023895513266324997
-2.042153835296631
-0.5828198790550232
-5.404994487762451
-0.6764801144599915
1.1140514612197876
2.1447765827178955
-4.216558456420898
0.22183971107006073
-2.72864031791687
2.971559762954712
-0.17550170421600342
6.452885627746582
0.12782323360443115
1.31406569480896
3.835615634918213
2.995163679122925
-2.3692471981048584
-0.6210518479347229
-7.308238506317139
-1.5989923477172852
-0.14325782656669617
1.1391581296920776
6.483819961547852
-3.9346156120300293
-0.9698285460472107
3.84722638130188
-0.42346954345703125
-2.3555750846862793
-0.5438876748085022
-6.990560531616211
-0.4352286159992218
2.090850591659546
1.9872580766677856
2.649184465408325
5.847245216369629
-6.579660415649414
-3.1149260997772217
-4.13818359375
-0.276243656873703
0.11755859851837158
5.689188003540039
-1.1184393167495728
6.650946140289307
-1.3969155550003052
-0.11199714243412018
1.4125748872756958
-2.401278018951416
0.6598394513130188
-4.571144104003906
0.2427123486995697
-0.222292959690094
-6.221869945526123
0.4992101788520813
1.0806325674057007
-0.27555984258651733
6.326862812042236
-0.32231006026268005
2.6023199558258057
2.3776416778564453
0.05256352573633194
0.45063498616218567
0.9027961492538452
-0.003130990546196699
0.6762922406196594
0.2602893114089966
-0.6508038640022278
0.10291757434606552
1.4516563415527344
-5.1222615242004395
1.661828637123108
-6.107682704925537
1.0029637813568115
-0.6472023725509644
0.06940144300460815
0.24132652580738068
3.3228495121002197
-0.2527961730957031
5.962660312652588
-0.44671115279197693
1.7056779861450195
2.4139790534973145
-5.815258979797363
-3.585660934448242
0.17117787897586823
-4.362420082092285
-2.9064722061157227
-0.5519394278526306
4.141364574432373
-3.034471035003662
1.7567189931869507
0.47275710105895996
-0.2272263914346695
1.1821329593658447
1.7023438215255737
4.481439113616943
3.09926700592041
1.4089709520339966
-0.07772743701934814
4.899180889129639
-5.843099117279053
0.1569637954235077
-6.295181751251221
0.024120427668094635
0.0410739965736866
1.8609157800674438
-2.531636953353882
1.4256283044815063
0.9038102030754089
1.8633590936660767
-0.9398378729820251
-3.9955215454101562
1.3893173933029175
-0.4987686574459076
-0.3654492497444153
1.3408185243606567
-0.12131891399621964
0.6104305982589722
1.0695440769195557
0.39306652545928955
2.172271728515625
5.749823093414307
2.2640044689178467
0.47237470746040344
1.0156264305114746
-1.1658600568771362
-1.241461992263794
-4.420287132263184
3.1430747509002686
-0.1566038280725479
3.703669309616089
4.189597129821777
0.35112491250038147
-3.1725568771362305
-1.587336778640747
2.4990971088409424
-0.2424263209104538
0.1747964471578598
-1.4469752311706543
0.42564114928245544
-0.10088730603456497
-2.699265956878662
-1.8087137937545776
3.7073421478271484
0.2699708938598633
-0.3081195652484894
-2.1635568141937256
-0.9726388454437256
-0.3582378625869751
-5.967771053314209
0.020291678607463837
-0.5785739421844482
0.10172544419765472
-0.07147864997386932
-0.23431415855884552
0.42119306325912476
3.4717090129852295
6.044340133666992
-2.280719518661499
4.453257083892822
5.809368133544922
-0.6213467121124268
0.7435114979743958
-4.135241985321045
-0.11484680324792862
1.6022343635559082
-1.208754539489746
-0.6259089112281799
3.3339524269104004
4.420416831970215
1.7416255474090576
-0.1561816930770874
-4.799611568450928
0.7316313982009888
-3.1710503101348877
3.848104953765869
-2.1041386127471924
1.1116119623184204
-4.1609392166137695
-1.2678241729736328
-5.753909587860107
-2.7296953201293945
-3.4629204273223877
0.992071807384491
1.2665514945983887
-1.8782836198806763
0.4844224750995636
4.967924118041992
-1.2625725269317627
0.8271863460540771
1.0646426677703857
-1.0159873962402344
-3.426501750946045
-1.094862699508667
-1.9823212623596191
0.8026329278945923
1.1279910802841187
-7.02423095703125
1.05385422706604
-4.589909076690674
5.8452043533325195
1.5468699932098389
-0.3566189408302307
0.21342365443706512
-3.9776549339294434
5.0456862449646
-5.495612621307373
-0.06754551082849503
-2.3429157733917236
-4.325969696044922
-0.3829799294471741
0.6622054576873779
3.428844928741455
2.089569568634033
0.6315270066261292
-5.578846454620361
-0.9676774740219116
-1.6768544912338257
-5.244215488433838
-6.077154159545898
-0.2899896204471588
-0.14588619768619537
-8.513514518737793
-0.14184997975826263
1.869511604309082
4.859257698059082
5.558036804199219
0.2555580139160156
0.14542847871780396
5.830665588378906
-1.0456843376159668
-2.340867042541504
4.044752597808838
-4.725968837738037
-0.5251829028129578
1.1033281087875366
5.157092094421387
-0.744903028011322
0.14157937467098236
-4.842835426330566
-0.9364678859710693
-2.5851972103118896
-5.816170692443848
4.942822456359863
1.2700395584106445
-4.283705234527588
3.0720226764678955
-0.46803370118141174
3.578695297241211
-2.818629503250122
-4.595894813537598
-6.62168550491333
2.2855846881866455
1.1773427724838257
-1.7670644521713257
0.7215105295181274
1.047867774963379
4.261176586151123
0.34463798999786377
3.508087396621704
0.023770013824105263
2.0206427574157715
-0.03970234468579292
-0.23787616193294525
-0.14424781501293182
6.268129348754883
-0.6525925993919373
0.07408228516578674
-0.3981803357601166
0.14855028688907623
-0.5277575254440308
0.10105979442596436
0.25513288378715515
-1.285792350769043
0.5021932125091553
0.21577173471450806
1.3921589851379395
0.34156712889671326
0.38226568698883057
0.8701047897338867
-1.4164026975631714
0.6611458659172058
-0.3199353516101837
1.3941196203231812
-5.142505645751953
-0.1691746860742569
0.3645913898944855
0.9619512557983398
0.35952454805374146
0.3468416929244995
0.18597553670406342
0.134604811668396
-0.04149631783366203
-0.8936309814453125
-0.16702601313591003
-5.894806861877441
1.6414880752563477
2.68533992767334
4.80815315246582
-0.5098480582237244
-1.4615941047668457
-0.42350202798843384
-1.7202447652816772
0.16196544468402863
-0.4943983852863312
-1.0316177606582642
-4.252917766571045
0.4843725264072418
1.5374826192855835
2.343583106994629
0.779597282409668
0.2508217692375183
-1.8255963325500488
-7.116890907287598
-1.8404383659362793
0.009776565246284008
-6.678686618804932
-2.314091444015503
-0.23337405920028687
3.242187976837158
-5.670692443847656
1.0587635040283203
-5.917906761169434
2.1433775424957275
1.4778879880905151
-0.3930676579475403
-1.6106739044189453
-0.11410253494977951
-3.1539130210876465
5.90627384185791
4.1376633644104
0.8334844708442688
1.730784296989441
-0.01877567730844021
0.6419726610183716
-5.381443977355957
-1.8618927001953125
-3.725390672683716
2.05649471282959
2.987527370452881
2.884493589401245
0.26947492361068726
4.552495002746582
3.6810507774353027
-4.109928131103516
-1.0587666034698486
3.412431478500366
0.09934453666210175
-5.513440132141113
2.742532968521118
-1.0032960176467896
-4.728009223937988
-1.3151057958602905
5.7998576164245605
3.1792657375335693
-3.1103692054748535
0.21162070333957672
2.5065197944641113
0.13136573135852814
-4.751114368438721
-2.1237618923187256
-1.4350230693817139
-2.445601463317871
-0.1598498523235321
0.42156118154525757
7.3934454917907715
-2.514390468597412
-0.1425953358411789
-3.1250369548797607
0.20990732312202454
1.467193365097046
0.9539729356765747
-5.071756839752197
-4.976687431335449
-0.6516368389129639
-0.0840471088886261
0.009772497229278088
-1.5471574068069458
-2.057124614715576
0.6202517151832581
-4.765165328979492
5.455292701721191
-0.11348278075456619
0.38611143827438354
-5.13262414932251
-1.9259041547775269
-0.3208773136138916
-5.823870658874512
0.6864392757415771
-0.6064397692680359
6.664950370788574
-5.462706089019775
-5.443627834320068
-4.728201389312744
2.3235771656036377
-0.16833774745464325
4.968470096588135
-1.5657163858413696
3.6693079471588135
2.5981943607330322
5.226613998413086
4.5316162109375
0.8651587963104248
-1.5297247171401978
0.17180147767066956
1.5998560190200806
-1.3103224039077759
1.3342832326889038
1.14662504196167
-3.686460018157959
-3.2938759326934814
-0.8491057753562927
1.16994047164917
-5.139901638031006
1.901543140411377
1.5617685317993164
1.5222939252853394
3.412925958633423
3.1470353603363037
5.027381896972656
-2.736942768096924
5.188093662261963
-0.4242992401123047
0.06794906407594681
0.26743125915527344
-5.771007061004639
5.8319172859191895
-16.35777473449707
3.0131139755249023
1.3172656297683716
2.4597952365875244
6.356439590454102
5.677690505981445
12.624649047851562
0.762113094329834
-7.104836940765381
0.7993207573890686
-0.5297465324401855
-14.755361557006836
4.787258148193359
-9.111127853393555
-0.13261637091636658
2.1262874603271484
6.384054183959961
-0.034999407827854156
-1.4815881252288818
5.731379508972168
5.6329851150512695
1.4730379581451416
-14.139201164245605
-5.108161926269531
5.836082935333252
-6.956240653991699
-0.032345887273550034
-2.593379497528076
0.4134027659893036
2.7260472774505615
0.9946249127388
0.5345133543014526
-0.017712457105517387
0.0950031727552414
-0.02250714972615242
3.4249985218048096
-0.6879609227180481
-0.09613578021526337
-0.10228046774864197
-5.431398868560791
-0.17821554839611053
0.33559057116508484
-0.4251789152622223
1.37791109085083
0.01850522682070732
-0.014759688638150692
0.5505567789077759
-0.18116939067840576
-0.16621926426887512
-1.0517022609710693
-0.013501488603651524
-1.0951584577560425
1.5939390659332275
-0.1843341588973999
-0.4646030366420746
-1.163131594657898
0.10900851339101791
-0.2748326361179352
-1.0097194910049438
0.3784509003162384
-0.018224410712718964
0.7775256037712097
0.3252747654914856
-1.9679962396621704
0.32818377017974854
1.5732308626174927
0.15145067870616913
-3.235193967819214
5.281856060028076
0.5429785847663879
0.011786052025854588
1.9504380226135254
-2.7284762859344482
1.1719900369644165
0.5364628434181213
-0.08940602093935013
-4.770233631134033
3.2779862880706787
-0.2518598437309265
3.1961352825164795
2.0020158290863037
1.7500905990600586
0.7261233329772949
0.8771767020225525
-3.9521453380584717
0.9384918808937073
-2.2012243270874023
-1.46880304813385
-3.300999402999878
-0.5696462392807007
5.295047283172607
1.655608892440796
-3.867495536804199
-0.5470534563064575
-2.081465721130371
1.150040626525879
-0.07306680828332901
5.346682548522949
0.8489667177200317
2.3738958835601807
3.894639015197754
-5.8748860359191895
-0.9146304130554199
-0.09097374975681305
-6.449463367462158
0.10813341289758682
0.5342045426368713
1.6507819890975952
6.211384296417236
-1.8021200895309448
-0.3203250467777252
5.665365219116211
-0.17580005526542664
-2.4498136043548584
-0.596885621547699
-2.1961770057678223
-5.681901931762695
0.5728116035461426
-0.04329097643494606
1.9982556104660034
5.21516752243042
-9.574014663696289
-2.341359853744507
-1.949514627456665
-0.14215493202209473
0.2259104698896408
5.540783405303955
-0.2862708270549774
5.416888236999512
-0.3945714831352234
0.12439367175102234
-0.03421477973461151
-0.06839080899953842
0.7349554300308228
-0.5990132689476013
0.6042175889015198
0.37662485241889954
0.10276151448488235
0.4535292387008667
-0.23592022061347961
-0.16774998605251312
4.650667667388916
-0.3800126910209656
0.3772762715816498
0.04583093523979187
-0.3346518874168396
0.023777252063155174
0.11108703911304474
-0.12586021423339844
0.3565136790275574
0.6229210495948792
-0.9397134780883789
0.03303717449307442
-0.18251904845237732
-2.711657762527466
0.050857365131378174
-5.305996894836426
-0.23089173436164856
0.2008911669254303
0.4739897549152374
-0.6895002126693726
4.188140392303467
0.8131036758422852
5.862763404846191
1.8405861854553223
-0.30576732754707336
0.890080451965332
-5.275380611419678
-2.5047662258148193
-4.777246952056885
-3.4700474739074707
-2.51165771484375
0.3528061807155609
0.2811332046985626
-1.023581862449646
3.3315670490264893
-1.7037888765335083
-1.388015866279602
0.682456374168396
-1.3914276361465454
3.1937448978424072
2.5514843463897705
1.6250152587890625
2.390864133834839
4.2371110916137695
-5.753243923187256
-2.9545910358428955
-6.145848274230957
0.21052850782871246
-0.0918862521648407
1.6204110383987427
-6.0467424392700195
0.7778921127319336
-0.05072597786784172
3.4638736248016357
2.3955090045928955
-0.38910090923309326
-2.122677803039551
-0.8106768727302551
-0.19484078884124756
0.26704078912734985
0.6978094577789307
-2.411733388900757
0.9258473515510559
0.5592227578163147
0.39552679657936096
5.248834609985352
1.8065110445022583
-1.1019724607467651
-0.8227256536483765
-0.9958369731903076
-3.495375633239746
0.30595076084136963
1.1605054140090942
-0.18726837635040283
2.7765703201293945
2.555232048034668
1.9812415838241577
-1.2749099731445312
0.013816715218126774
3.254185676574707
-0.1884176880121231
-0.02336197905242443
2.2659671306610107
-0.03374695032835007
-0.2789950370788574
-2.4230589866638184
-0.8588539361953735
0.37093034386634827
-0.9767290949821472
-0.7913273572921753
-0.4823282063007355
-0.5534197688102722
0.31929296255111694
-5.816340446472168
-0.13426963984966278
-0.6492201685905457
-0.04986422881484032
0.19487638771533966
0.5959104895591736
0.2756555676460266
1.8173202276229858
4.681840896606445
-0.9898024201393127
2.703437328338623
5.322291374206543
0.16497166454792023
-0.6351025104522705
-3.94028377532959
0.13742560148239136
1.2445310354232788
-0.7119484543800354
-1.5722815990447998
0.9284173250198364
3.8367302417755127
2.4415862560272217
-2.28220272064209
-1.31161630153656
-1.6160037517547607
2.109123468399048
3.782259225845337
-3.5942323207855225
0.8379508852958679
-5.255998134613037
-2.856114149093628
-5.559303283691406
-2.029046058654785
-2.920166015625
3.663177490234375
1.2279964685440063
-3.198420524597168
4.385075092315674
1.4308710098266602
-1.5106446743011475
-0.03235580399632454
-0.07053061574697495
-2.745781183242798
0.1559900939464569
0.9076261520385742
2.1590232849121094
0.1222367212176323
-0.30632543563842773
-5.928845405578613
0.6380525231361389
-1.8685373067855835
5.137283802032471
-0.35065576434135437
-0.09245464205741882
-1.1861186027526855
-0.4140319228172302
3.715512275695801
-5.171792507171631
-1.5797452926635742
4.400017738342285
-3.6659183502197266
-0.42250195145606995
1.4974781274795532
-0.47407278418540955
3.0808968544006348
-0.07644401490688324
-5.4219889640808105
-2.51650333404541
0.43658262491226196
-3.902837038040161
-6.006533622741699
0.9940047860145569
-0.673926830291748
-6.666865825653076
-0.6642462015151978
0.24536801874637604
0.4444672763347626
4.37277889251709
-0.7637032270431519
-0.4710647761821747
5.6928324699401855
-2.0466368198394775
-1.0704715251922607
2.8871216773986816
-3.77982234954834
1.2318094968795776
-1.1532810926437378
5.110897541046143
-1.4485198259353638
-0.13908182084560394
-4.880237579345703
2.35762357711792
2.0535309314727783
-5.935540199279785
0.5114700794219971
-0.8428456783294678
-0.22482943534851074
0.018590232357382774
-2.460376024246216
1.6258885860443115
-2.2844016551971436
0.027630001306533813
-6.266336917877197
1.2354106903076172
-0.198563352227211
-3.3384172916412354
-1.842674732208252
-0.17295332252979279
2.419440269470215
-0.07469048351049423
0.07241933047771454
-0.5129537582397461
0.762749433517456
-0.6749408841133118
0.19308389723300934
-0.1870446652173996
5.259876251220703
0.15552911162376404
0.3665020167827606
-0.17551450431346893
0.30302974581718445
0.1730118691921234
0.32729649543762207
0.6858316659927368
-0.8255248069763184
0.22019416093826294
0.5398666858673096
-0.031173380091786385
0.2396579086780548
0.22058118879795074
0.3191143274307251
-0.12410867214202881
0.03733924776315689
-0.2351483702659607
0.08457455039024353
-1.2275482416152954
0.08403610438108444
0.03939972072839737
0.5550252199172974
-0.048836808651685715
0.5216556787490845
0.12523958086967468
0.055984385311603546
-0.2333095669746399
-0.028721334412693977
0.0007433908758684993
-4.6261796951293945
1.0411643981933594
1.394014596939087
3.733804941177368
-1.812676191329956
0.743567705154419
-1.2900869846343994
-0.47321856021881104
-1.2652240991592407
1.17107093334198
1.8920682668685913
-3.3017120361328125
-0.27349498867988586
-1.176411509513855
3.188570261001587
-0.43033578991889954
-1.3090131282806396
0.9898151755332947
-7.256198883056641
4.37277364730835
0.2804628610610962
-5.790391445159912
-0.6054168939590454
-0.6673122048377991
-1.9884757995605469
-5.568116664886475
-0.9340572953224182
-5.245609760284424
1.051577091217041
-0.5987967848777771
-0.3480859696865082
-1.330088496208191
1.424479603767395
-1.9664134979248047
5.711047172546387
0.22306574881076813
0.08888525515794754
1.5320698022842407
-1.3585050106048584
1.0923875570297241
-4.331043243408203
0.10820673406124115
-1.8690720796585083
0.857306718826294
-0.2598782777786255
-0.9188963174819946
0.03592904284596443
2.800551652908325
3.2419278621673584
1.6955064535140991
1.2941367626190186
2.1022450923919678
0.404323011636734
-4.952560901641846
0.833354651927948
0.4258831739425659
-5.473714351654053
0.47907930612564087
5.254062175750732
3.19579815864563
-5.08763313293457
-0.32280123233795166
1.5052250623703003
-1.43483567237854
-4.7864484786987305
-2.2670469284057617
0.4234529733657837
3.7102653980255127
-0.3432081937789917
4.154026985168457
6.4908599853515625
-3.02506422996521
0.0035856636241078377
1.9748914241790771
0.5390726327896118
0.920936107635498
1.7307313680648804
1.449529767036438
-4.401852607727051
0.30502426624298096
1.4596359729766846
-1.0124505758285522
-1.0412054061889648
-1.2041774988174438
-0.061037857085466385
-1.094429850578308
5.115045547485352
-1.14728581905365
2.2648770809173584
-5.0523152351379395
-0.9440862536430359
3.0882766246795654
-4.881185054779053
-0.610528826713562
1.5568597316741943
6.359729290008545
-3.738772392272949
-4.966015338897705
-3.6171820163726807
-0.08698048442602158
0.07261598110198975
2.9269447326660156
-1.4203299283981323
-0.19992223381996155
2.8154616355895996
3.3074402809143066
3.297236204147339
1.5915664434432983
0.17404025793075562
-1.096818447113037
0.7495575547218323
-1.2721569538116455
-0.029899023473262787
-0.2911074459552765
-2.3630306720733643
1.041114091873169
0.5334212183952332
2.2610554695129395
-4.657864570617676
0.9084262847900391
-1.6369407176971436
1.5982931852340698
0.5561869740486145
3.3038275241851807
0.2644149661064148
-0.3386198878288269
4.989168167114258
0.4051884114742279
-0.6084408164024353
0.09687139838933945
-5.251091003417969
0.7253565192222595
-14.720762252807617
4.600627899169922
1.140720009803772
0.8658086657524109
5.66605281829834
1.8557871580123901
7.077164649963379
-3.438678503036499
-5.887063026428223
-0.6943444609642029
-3.449601888656616
-12.463553428649902
1.4265505075454712
-6.219049453735352
0.683969259262085
0.14239907264709473
5.699856281280518
0.7081756591796875
-1.0189237594604492
5.956808567047119
5.358506202697754
0.3240620791912079
-11.865025520324707
-1.9210973978042603
4.689939975738525
-5.539072513580322
2.3559558391571045
-0.34518325328826904
-0.4302268624305725
-0.5217246413230896
-0.22721722722053528
-0.7538207173347473
0.6314582824707031
-0.006299648433923721
0.24441610276699066
0.10451894998550415
-4.853514194488525
3.1939618587493896
-1.412724494934082
1.5130631923675537
0.6489453315734863
-0.5569999814033508
-0.10689187049865723
0.7780338525772095
-0.39483097195625305
0.32291895151138306
-0.06582251936197281
-0.02852018177509308
-0.020385485142469406
-1.419812560081482
0.0517783984541893
-0.00558962719514966
0.34057295322418213
0.24077723920345306
-0.08632771670818329
0.27534618973731995
-0.08866367489099503
-0.01970783807337284
0.5575178265571594
-0.07106383889913559
0.8472943902015686
-0.9038781523704529
-1.4757812023162842
0.5575701594352722
-1.5767109394073486
-0.8237481117248535
0.329490602016449
-0.3009597063064575
-1.0089243650436401
4.982219219207764
0.2737874984741211
2.011153221130371
-1.6013847589492798
-1.5461146831512451
2.1597647666931152
0.8979571461677551
-1.2958606481552124
3.510561943054199
0.28005293011665344
0.7932438850402832
2.153430700302124
-0.783249020576477
0.4871631860733032
-2.788306951522827
-2.2863025665283203
-0.26186344027519226
-1.7276546955108643
1.7799152135849
-0.5455533266067505
0.06793255358934402
-0.7382969260215759
-0.21375158429145813
0.6807995438575745
-0.1053675040602684
3.277935266494751
0.33427003026008606
1.1082335710525513
2.6414718627929688
1.067704677581787
-0.09264636039733887
4.564735412597656
4.0213303565979
-1.5029481649398804
1.6175249814987183
-0.013914781622588634
1.41168212890625
0.8635997176170349
-0.2418811023235321
4.757669448852539
0.15820467472076416
0.537613570690155
2.4757721424102783
0.4106682538986206
-0.19486869871616364
-1.0217938423156738
-4.306349277496338
-2.465684175491333
0.632807731628418
-0.07126034051179886
-2.4521806240081787
-1.7754619121551514
-5.677712917327881
-0.6581835746765137
0.030844876542687416
-0.20889490842819214
1.1526978015899658
0.18116892874240875
-0.08761313557624817
3.3575916290283203
0.12057169526815414
-0.5925496816635132
-0.15563726425170898
-0.9748846292495728
0.03718842193484306
-0.5235592722892761
0.20896142721176147
0.19952687621116638
1.3024386167526245
0.6094908118247986
0.6102386116981506
-0.4613724946975708
2.7027945518493652
-0.3541114032268524
0.9223261475563049
0.11298190802335739
0.13857300579547882
0.3180064260959625
0.7176877856254578
0.19892974197864532
-0.15374471247196198
0.09471533447504044
-0.43300971388816833
0.5259140133857727
-0.34948399662971497
-2.1068005561828613
-0.09841141849756241
-4.93821382522583
-0.1141987070441246
2.5499510765075684
1.1912691593170166
-0.6719424724578857
-3.5182392597198486
1.2094496488571167
3.956367254257202
-1.5108904838562012
-0.5066308379173279
2.7378432750701904
-0.18745772540569305
-2.1729671955108643
-0.39377057552337646
-0.34852296113967896
-1.632231593132019
-5.3838210105896
0.8676062226295471
-0.6095482707023621
-3.246750831604004
2.200374126434326
0.4732688367366791
3.705895185470581
-1.2750613689422607
0.923014760017395
2.2216992378234863
0.08302590250968933
2.2025234699249268
-3.7191848754882812
-5.293692111968994
-0.799583911895752
-5.247646808624268
-1.8477386236190796
0.7682265639305115
0.7090619802474976
2.054720163345337
-0.24547931551933289
0.31845855712890625
1.5220543146133423
-3.7286806106567383
-2.997799873352051
0.810001790523529
2.780937910079956
1.0378342866897583
0.30669263005256653
1.0176033973693848
-4.480946063995361
-0.2918153703212738
-0.8136407732963562
-0.7137221097946167
3.5562820434570312
0.16794277727603912
-0.5327365398406982
1.875032663345337
5.4167985916137695
1.0933665037155151
-5.850086212158203
1.8268852233886719
0.6769202947616577
0.09388183057308197
-2.295396327972412
0.03515453264117241
3.148839235305786
-0.30966538190841675
-0.3894408643245697
0.09785833954811096
-0.7189933657646179
-2.2173304557800293
-0.49193623661994934
0.38398462533950806
-0.7705736756324768
-1.7035824060440063
-0.0020463664550334215
0.7363775372505188
0.10133598744869232
0.01134876161813736
0.19608333706855774
0.36325573921203613
-1.5125788450241089
1.0243953466415405
-0.01803903840482235
0.499252051115036
-0.3867938816547394
0.21461577713489532
0.11560361087322235
2.449601411819458
2.7287774085998535
-2.33479905128479
1.5258536338806152
2.1590659618377686
0.8492238521575928
-1.093647837638855
-3.698206901550293
0.19689464569091797
-0.9670103192329407
0.3831610679626465
0.19679321348667145
-0.08704664558172226
2.298393487930298
-0.25562626123428345
0.13651502132415771
-3.90252947807312
-0.11718326061964035
0.09818191081285477
3.489696502685547
-1.2811853885650635
-0.5717408061027527
0.39306408166885376
1.6772305965423584
4.915293216705322
0.251280277967453
-1.7778823375701904
0.7341916561126709
-0.27192676067352295
-0.1684233695268631
0.10614577680826187
3.3320140838623047
-0.9221275448799133
-0.41507869958877563
1.089111566543579
-3.8632988929748535
1.5617923736572266
0.4650827944278717
0.03750290721654892
-2.349472999572754
-0.46806588768959045
-0.13510431349277496
0.8804527521133423
-0.022922880947589874
-0.714557945728302
0.28934594988822937
0.3837275803089142
-0.9615067839622498
-5.05417537689209
1.5912290811538696
-3.486660957336426
1.2738293409347534
-5.2008056640625
-1.5427805185317993
4.558473110198975
-3.6502585411071777
-1.3524978160858154
3.44274640083313
2.760470390319824
-0.5571301579475403
-1.2362358570098877
-0.025320032611489296
0.31032752990722656
-5.347947120666504
-0.8350459337234497
0.39766743779182434
-5.9638800621032715
0.1875615417957306
3.4714395999908447
1.7451015710830688
5.500194549560547
0.21618874371051788
-0.5237137079238892
5.2937469482421875
-2.0424063205718994
-1.1698834896087646
0.17582598328590393
2.061668634414673
0.5022486448287964
2.2082056999206543
1.1467459201812744
-0.17208577692508698
0.03457050770521164
-0.8994347453117371
0.6532580852508545
-0.3586269021034241
1.480209469795227
3.7920708656311035
-0.5067829489707947
1.583558201789856
2.3535311222076416
0.1111704632639885
0.03376637026667595
0.6569814682006836
-1.0326144695281982
-5.49562406539917
0.5530790686607361
0.3420756459236145
-1.1987614631652832
0.5888407826423645
-0.9918966293334961
0.11941835284233093
-0.5553466081619263
-2.0526010990142822
1.8384007215499878
0.43880829215049744
1.0844494104385376
0.19450223445892334
0.1857818365097046
1.5867871046066284
-0.27489209175109863
0.14779335260391235
-0.4587121605873108
-0.34398791193962097
-0.24988265335559845
0.16972535848617554
0.38255318999290466
-0.3958573341369629
-0.04460715875029564
-0.22617927193641663
0.1789485663175583
0.005910348612815142
-0.1973377764225006
0.23641790449619293
-0.35709136724472046
0.20224495232105255
0.026692835614085197
-0.47334760427474976
-0.391426146030426
0.17729924619197845
0.5089618563652039
0.6767343878746033
-0.3314974009990692
-0.44545480608940125
0.2552732825279236
0.28414419293403625
-0.08410085737705231
0.9163311719894409
0.04585794359445572
-2.672881603240967
-1.670417070388794
-0.8137139678001404
1.7449469566345215
-0.02779478020966053
-2.1115212440490723
-2.5358388423919678
2.572608709335327
-0.3296259045600891
-2.1409084796905518
-4.019258975982666
-0.19361212849617004
-0.21516898274421692
-1.3723102807998657
3.848611354827881
-0.14734718203544617
1.1668615341186523
-1.6293500661849976
-6.156136989593506
-3.1088788509368896
0.7152503132820129
-6.0862507820129395
-2.7357513904571533
-1.3950027227401733
3.0872955322265625
-5.020848274230957
0.09762390702962875
-1.4143074750900269
0.6673091650009155
2.322031021118164
0.4332095980644226
-0.14710508286952972
-0.49591535329818726
0.637642502784729
1.8647650480270386
3.5134761333465576
2.429922580718994
2.3930251598358154
-1.0315412282943726
0.632807195186615
-0.4052414298057556
-2.5640294551849365
0.13048586249351501
0.2875300943851471
0.838068962097168
-0.29648441076278687
1.3951493501663208
1.5789846181869507
-0.17083178460597992
-5.071608543395996
-3.969414710998535
0.376235693693161
-4.367233753204346
-0.9765492677688599
-0.5213857293128967
-0.45545366406440735
-3.6897974014282227
-1.6739768981933594
1.7694650888442993
-0.9444310665130615
-1.7463048696517944
0.049935050308704376
4.358881950378418
-0.44790711998939514
-4.2375807762146
-0.11877874284982681
1.3761608600616455
-3.435898542404175
-0.6845890283584595
-3.0025887489318848
5.932304859161377
1.1300036907196045
-3.001668691635132
-2.7341415882110596
-2.273033618927002
-3.7457616329193115
-2.524263381958008
0.5812217593193054
-5.918380260467529
-1.1560155153274536
0.7876413464546204
2.8745715618133545
-1.1954083442687988
-1.137524127960205
0.7475831508636475
-3.3258986473083496
0.08389430493116379
-2.141047239303589
-0.3899405598640442
-2.332383632659912
-1.4677910804748535
4.0833048820495605
-1.7397031784057617
-0.5767069458961487
-1.563401699066162
5.9985880851745605
-0.893812894821167
0.22752925753593445
2.044569492340088
4.058099746704102
-0.23312173783779144
-0.7200888395309448
-0.13521131873130798
-1.9200377464294434
3.2407257556915283
1.1536908149719238
3.1632254123687744
-5.336833477020264
3.1329476833343506
0.43592339754104614
1.5727053880691528
-0.0749170333147049
0.15152508020401
-0.175491064786911
1.0335345268249512
-4.035210132598877
-0.19844211637973785
0.043537478893995285
-2.2071433067321777
1.9512488842010498
-0.01990363746881485
1.7754006385803223
-1.2344495058059692
3.6380767822265625
0.12631790339946747
-3.4523165225982666
0.45480307936668396
0.011250625364482403
0.25703635811805725
-0.17769381403923035
-3.1112277507781982
0.5693605542182922
-10.107183456420898
-3.360311508178711
-0.32672667503356934
0.4097592532634735
3.026109457015991
2.823885917663574
5.047039031982422
-4.339676380157471
-5.79670524597168
1.1018321514129639
0.11263497173786163
-6.085379123687744
0.18010857701301575
-4.566024303436279
-0.025596167892217636
-1.7013179063796997
4.25579309463501
-1.113114356994629
-0.5774063467979431
0.18475386500358582
1.4388930797576904
0.4435035288333893
-6.361006736755371
0.05201401934027672
0.06018802523612976
-5.861202239990234
0.9774612784385681
-0.13774943351745605
0.22784872353076935
-0.7034571766853333
0.9381440877914429
0.37804824113845825
0.3311714231967926
0.03734239935874939
-0.2321428507566452
1.8218947649002075
-2.3112146854400635
0.6280166506767273
-1.5263465642929077
2.468783378601074
-1.070591688156128
1.8587872982025146
0.0010659536346793175
0.8350951075553894
-0.1101006418466568
-0.019375566393136978
0.36371901631355286
-0.23266226053237915
0.25316473841667175
-1.6872193813323975
0.10728983581066132
-1.8648844957351685
0.020553167909383774
-0.3586280047893524
-0.02453341893851757
-0.8492772579193115
0.045705635100603104
-0.16271065175533295
-0.3207789659500122
-0.5567591786384583
-0.8868046998977661
-1.6678897142410278
-3.527219295501709
-2.335947036743164
0.5530697107315063
1.1043109893798828
-1.2424991130828857
-0.4429398775100708
0.6944249272346497
2.4917383193969727
-0.9577049016952515
1.3169583082199097
-3.0072476863861084
2.1365714073181152
2.5130622386932373
1.078354001045227
-3.8381638526916504
3.55641770362854
0.4292713701725006
1.6009095907211304
2.6205856800079346
0.28755250573158264
0.23258881270885468
1.5086714029312134
-4.1414971351623535
-0.09809783846139908
0.15190686285495758
-0.19687946140766144
-2.605344533920288
-1.3998407125473022
1.323142170906067
0.0021605282090604305
-1.8186341524124146
-0.5098128914833069
0.4624316096305847
0.21470016241073608
-0.9402279853820801
5.571974277496338
0.07728758454322815
-0.7050407528877258
1.5016885995864868
-0.3558223843574524
-3.270317316055298
0.2696886360645294
-5.832380771636963
-0.011348209343850613
0.10215058922767639
0.7018988728523254
4.451025485992432
-2.0920186042785645
0.10614923387765884
3.4427947998046875
-0.17009316384792328
-1.2681100368499756
0.23016929626464844
-0.015571591444313526
-5.197831153869629
0.019932905212044716
1.509110689163208
0.8818914890289307
0.43080395460128784
-6.323553085327148
-2.5244626998901367
-1.8485206365585327
-0.3461024761199951
2.685530662536621
3.2140281200408936
-0.16135640442371368
4.539384365081787
-0.8673141598701477
0.09007760137319565
-0.14166037738323212
-1.3518736362457275
0.43812212347984314
-0.5515546798706055
0.0047128102742135525
-0.9285451173782349
-0.28434011340141296
-0.13166218996047974
0.19534434378147125
-0.4245178699493408
4.107874393463135
-0.4483332633972168
-0.07910240441560745
0.15252679586410522
-0.9828841090202332
0.7198821306228638
0.5577267408370972
0.11604063957929611
0.19430075585842133
-0.3713951110839844
-0.9090833067893982
1.2729451656341553
0.17142553627490997
-3.3405215740203857
-0.06257588416337967
-5.829214572906494
0.11170854419469833
2.6269242763519287
2.569817304611206
-0.04898092523217201
-0.44440749287605286
0.6394054293632507
2.9789886474609375
1.214560627937317
1.5147619247436523
0.15653946995735168
-0.3626139163970947
-0.511391282081604
3.1988205909729004
0.5313562750816345
-1.110669732093811
-2.783268690109253
1.6302493810653687
0.1518019735813141
2.1193857192993164
-0.050547048449516296
-0.4139583110809326
3.750878095626831
-1.776340126991272
0.5935351252555847
0.9778680801391602
0.7367139458656311
0.7848502993583679
-2.047257423400879
-5.069005012512207
0.24968957901000977
-5.983097076416016
-0.9981407523155212
1.1922190189361572
0.6989837884902954
-4.596033573150635
-0.8471989631652832
0.9748326539993286
1.4200313091278076
-2.72141170501709
-1.6954457759857178
-1.1133273839950562
-0.5635459423065186
0.8765450716018677
0.33404552936553955
-0.629372239112854
-5.636276721954346
0.06190524250268936
-1.1685676574707031
-0.2109452486038208
5.2344746589660645
1.6513994932174683
-0.8950212597846985
0.6223182082176208
3.1474609375
-3.3533520698547363
-3.1408495903015137
3.4924421310424805
1.1512776613235474
1.9805808067321777
-0.08886683732271194
0.4797981083393097
0.020648662000894547
-0.16032148897647858
0.505728542804718
0.5982756018638611
-0.23919665813446045
-0.10158269107341766
0.1395358443260193
-0.9596286416053772
-1.225341558456421
-1.7835719585418701
0.51506507396698
0.08580782264471054
-0.05467198044061661
0.021086333319544792
-0.08912073820829391
1.3247909545898438
-3.112349271774292
0.6255621314048767
-2.9256298542022705
-0.5523511171340942
-0.29382437467575073
-0.28557103872299194
0.15598726272583008
3.7154009342193604
4.211661338806152
-0.29022905230522156
1.2338106632232666
2.2399790287017822
0.3091183006763458
-3.0227909088134766
-5.418219089508057
-0.024767329916357994
-0.3358830213546753
-0.020817432552576065
-0.196536585688591
-0.034990936517715454
0.11681975424289703
-1.1224523782730103
-0.03589039668440819
-4.0896477699279785
0.18126681447029114
-1.7063167095184326
4.429405212402344
-1.8370952606201172
-0.6583924293518066
2.514150381088257
-0.9590141177177429
0.06181596964597702
0.4553891718387604
-1.296282410621643
2.567812204360962
-0.4925989508628845
-0.45321187376976013
-0.31686970591545105
2.740464210510254
2.160538911819458
-0.25041308999061584
2.799229860305786
-1.1589059829711914
0.7833678722381592
-3.6183266639709473
1.2635194063186646
-1.9040858745574951
0.39527079463005066
-2.927910566329956
1.538269281387329
-2.217041254043579
-0.8121301531791687
0.9567808508872986
1.3918654918670654
-0.15692587196826935
-3.1615941524505615
2.417816162109375
-3.1938600540161133
0.8142620325088501
-0.13907985389232635
-0.263992041349411
5.696002960205078
-1.1883162260055542
5.416762351989746
0.9496936798095703
1.0575883388519287
-5.225123405456543
0.8400394320487976
0.7038044929504395
-4.643630504608154
-5.714898109436035
-0.6506147980690002
0.7176197171211243
-4.5316643714904785
-1.0162274837493896
3.523247241973877
2.737563371658325
5.867241382598877
-0.63900226354599
0.02372802048921585
5.819838523864746
-1.5000391006469727
-0.007950030267238617
-0.14367450773715973
-2.2102460861206055
2.076777935028076
-0.11512777209281921
3.7883846759796143
0.3259681761264801
0.9883702397346497
-4.359118461608887
1.5758882761001587
0.18763720989227295
1.3347558975219727
3.4731223583221436
0.5263153314590454
2.490318536758423
2.249476671218872
-0.0592510886490345
1.512434720993042
-1.7056546211242676
-0.42564627528190613
-5.738006591796875
0.9489128589630127
-0.5835291743278503
-1.6418653726577759
0.407350093126297
-0.41556698083877563
1.6263242959976196
1.2533600330352783
-1.4635791778564453
-0.07682985067367554
0.9708393216133118
1.7031656503677368
-0.3924863338470459
0.4041115641593933
3.195497989654541
0.2047257125377655
-0.06595300137996674
-0.30224910378456116
-0.2860633134841919
0.24364270269870758
0.23984141647815704
0.7657641768455505
-0.1714237481355667
-0.12301422655582428
-0.200775608420372
0.5432007312774658
-0.3090917766094208
-0.16051605343818665
0.3981167674064636
-1.5428977012634277
0.0910857617855072
-0.07815638929605484
-0.5962930917739868
-3.7037906646728516
0.19434216618537903
0.37493377923965454
-0.4019119143486023
-0.30089113116264343
-1.2407348155975342
0.14825783669948578
0.49897170066833496
-0.11535777151584625
-0.18912187218666077
-0.0737423375248909
-5.325432777404785
-0.2616255581378937
-0.8839391469955444
5.349234104156494
-0.38945579528808594
-2.5017175674438477
-0.06865523010492325
3.3810641765594482
0.5636579394340515
0.7786526083946228
-1.3855010271072388
0.630795419216156
-0.18765601515769958
2.136070489883423
5.7764739990234375
0.05308982729911804
-0.6502123475074768
-0.4938824772834778
-6.404165267944336
2.0892019271850586
0.6002522706985474
-6.397242546081543
-3.2218618392944336
-0.32275688648223877
-2.052619218826294
-5.002320766448975
0.49487149715423584
-3.800262689590454
1.9082117080688477
1.065592646598816
0.012779049575328827
-0.8415876030921936
-1.074898600578308
-0.07383202761411667
1.2451817989349365
1.0457872152328491
0.056838635355234146
2.2056825160980225
1.068031907081604
1.9773503541946411
-4.773307800292969
-0.9512761235237122
-0.5245919227600098
0.21772204339504242
2.8895068168640137
1.204309105873108
0.07546388357877731
1.8297007083892822
0.8955734372138977
-1.7249490022659302
-1.4302940368652344
1.9193289279937744
-4.231709003448486
-4.847740650177002
1.6692709922790527
-0.1979878544807434
-4.640227794647217
-0.4268001317977905
2.9362738132476807
2.7197153568267822
-0.7580698728561401
-0.46835771203041077
0.9897759556770325
-2.7739224433898926
-5.29842472076416
1.3885232210159302
-2.1940011978149414
1.3359577655792236
1.089245319366455
-1.716410756111145
6.537322998046875
-1.3051505088806152
-2.097804069519043
0.46242815256118774
0.1477700024843216
-3.2254083156585693
-0.7162607908248901
-4.517354488372803
-5.152611255645752
-0.3907969892024994
2.3619120121002197
1.678268551826477
-1.9772261381149292
0.6941701173782349
0.938456654548645
-3.724801778793335
0.061471182852983475
-2.5484495162963867
1.03700852394104
-3.3334238529205322
0.09194264560937881
5.0748186111450195
-3.590561628341675
1.227206826210022
-2.159926176071167
6.43084716796875
-4.496218681335449
1.1624538898468018
-3.9925928115844727
2.998772621154785
-1.0411217212677002
3.476778745651245
-2.1468758583068848
-2.271817207336426
-0.07383643835783005
2.660501718521118
4.331956386566162
-5.016685962677002
1.1232166290283203
3.8914268016815186
2.907374620437622
0.2961026132106781
1.18207848072052
0.8488293290138245
-0.6279964447021484
-1.4422802925109863
0.29307466745376587
-0.5431947708129883
-4.134171009063721
1.7655714750289917
-2.6315371990203857
1.7464263439178467
2.6290957927703857
4.284210205078125
2.609398365020752
-3.615959882736206
1.4197719097137451
-3.2452666759490967
0.43479588627815247
-0.35617557168006897
-4.581479072570801
3.7510621547698975
-14.155966758728027
1.031925082206726
0.7689725756645203
-0.20554904639720917
6.215920448303223
4.141427516937256
7.039601802825928
-1.5888292789459229
-6.43037748336792
5.145889759063721
1.9148337841033936
-9.765724182128906
2.5105555057525635
-6.8069963455200195
0.0071525550447404385
1.6286121606826782
5.833537578582764
0.6796682476997375
-1.4399694204330444
5.699854373931885
3.8054566383361816
-0.036314137279987335
-10.91655445098877
-1.7780847549438477
0.3875179588794708
-6.3041462898254395
0.3946857452392578
-0.31336134672164917
0.2614111006259918
0.19312520325183868
1.2728761434555054
0.4082575738430023
0.09657411277294159
0.14172077178955078
-0.503258228302002
0.8653644323348999
1.8170337677001953
0.319735586643219
0.043836209923028946
3.9669675827026367
-0.28021398186683655
0.6313744187355042
0.3458464443683624
0.06975363194942474
-0.22818998992443085
-0.5601603984832764
-0.005007908679544926
-0.4118199646472931
0.06799916177988052
-1.4864537715911865
0.3987962305545807
-0.40008267760276794
-0.8323291540145874
-0.6293751001358032
-0.3787122666835785
-1.452848196029663
0.9603942632675171
-0.07026299834251404
-0.43475064635276794
-0.02423940598964691
-2.825978994369507
-0.818743884563446
-0.08099096268415451
-4.239028453826904
-1.1970000267028809
2.828293561935425
-0.9423428177833557
-0.9863848686218262
-2.1058454513549805
-0.832915723323822
-0.723284125328064
-0.6382753849029541
-2.827826738357544
3.605199098587036
1.6233642101287842
0.5949752330780029
-4.674271583557129
2.8643271923065186
-1.1360962390899658
-1.7393999099731445
-0.24881860613822937
-0.019823797047138214
0.24606075882911682
3.5892324447631836
-1.7183796167373657
1.408247470855713
-0.8020455241203308
-0.5112655162811279
-1.4590805768966675
-0.25404834747314453
3.625936985015869
0.18284137547016144
-2.935650587081909
-0.19930937886238098
-0.4341733753681183
-3.365445852279663
-1.9856297969818115
4.91281270980835
-0.14922697842121124
0.5262548923492432
0.45661863684654236
-6.16746711730957
-0.9844681024551392
-1.0412349700927734
-5.961925983428955
-5.526415824890137
2.574603319168091
2.73039174079895
5.055544376373291
-1.4850462675094604
-1.3721789121627808
2.711513042449951
-1.70915687084198
-2.9806814193725586
-0.06144937500357628
2.6056885719299316
-1.6236368417739868
0.023673903197050095
0.8191971778869629
0.45678791403770447
0.7254533171653748
-8.161422729492188
-4.426485538482666
-0.0793558731675148
-0.003418145701289177
0.36211323738098145
1.4031214714050293
-0.2174641191959381
1.5507670640945435
-0.3802415430545807
0.27512162923812866
0.3555777966976166
-0.8102885484695435
0.09806893020868301
-0.004808187950402498
-0.045843709260225296
0.293483704328537
-2.552199602127075
-0.07345133274793625
-1.052893877029419
-0.20621046423912048
0.17136748135089874
-0.3113742768764496
-0.22941935062408447
-0.26425060629844666
0.0644116923213005
-0.18025900423526764
-0.13692860305309296
-0.09915287792682648
0.32263556122779846
-0.5693407654762268
-0.19348406791687012
2.0337891578674316
-0.02513090707361698
0.1861320436000824
-0.051151614636182785
-5.101987838745117
1.0278657674789429
2.405325174331665
1.2720733880996704
0.08778680115938187
1.2114062309265137
0.14371131360530853
2.6438496112823486
3.2495245933532715
0.4316994249820709
-3.5192959308624268
3.6899800300598145
-1.3533551692962646
-0.1374063640832901
0.06578429788351059
-2.100057363510132
-1.8816847801208496
0.28021275997161865
2.5033457279205322
1.961532473564148
-1.1790881156921387
0.9508619904518127
3.983477830886841
-2.9431827068328857
-0.772374153137207
-0.1422496885061264
0.14919763803482056
0.6291590929031372
-0.767447829246521
-4.334104061126709
3.3860788345336914
-5.860897541046143
-0.8093391060829163
0.35376647114753723
-0.9265878200531006
-4.03428840637207
-0.41556015610694885
0.626653254032135
2.1593079566955566
-0.9392862319946289
2.408425807952881
-1.0249398946762085
-1.754655361175537
1.1445971727371216
-1.4348430633544922
-0.33620890974998474
-5.779473304748535
-1.0818397998809814
0.7690558433532715
-2.6142239570617676
5.026370525360107
-1.609535574913025
-1.5758625268936157
-1.6026545763015747
0.9322513937950134
-4.055642604827881
2.029731035232544
1.7052444219589233
0.3796549141407013
-0.17524603009223938
-0.22251540422439575
1.0768797397613525
0.2744596004486084
0.5726780295372009
0.3993842601776123
0.4937036633491516
0.5361126661300659
2.168926477432251
-0.18354134261608124
0.29962989687919617
-2.8354504108428955
-2.7112317085266113
-1.5865135192871094
-0.5532142519950867
0.4770488142967224
0.34654900431632996
-0.9378954172134399
-0.0770077183842659
-1.4301074743270874
0.13391822576522827
-4.0107245445251465
-0.5504743456840515
-0.7161610722541809
-0.42121803760528564
0.06199679151177406
0.263566792011261
0.9609100222587585
2.1758062839508057
-0.09568226337432861
0.06504585593938828
-0.5842714309692383
-2.0173540115356445
-3.7089526653289795
-0.13715805113315582
0.021394433453679085
0.4838106632232666
-1.1191753149032593
-1.1714915037155151
-0.669410228729248
-1.6912373304367065
-3.121063709259033
-0.5732206702232361
0.25516679883003235
2.7526228427886963
3.117441177368164
-2.862112045288086
0.8301222920417786
0.5599529147148132
-2.599729299545288
-2.0252583026885986
-0.7500696182250977
0.48979488015174866
2.197399616241455
1.0825268030166626
0.19320900738239288
0.3010435700416565
0.015743859112262726
-0.03241521492600441
-0.5837188959121704
-0.050163786858320236
-0.8529085516929626
2.7800099849700928
-2.066065549850464
3.2075107097625732
-0.6686028838157654
0.48710450530052185
-4.172765254974365
-0.7760613560676575
0.4484938383102417
0.013154981657862663
0.6677020788192749
0.048647306859493256
-0.19036893546581268
-0.0041898940689861774
1.2589508295059204
-4.034528732299805
-1.039543867111206
5.158052921295166
-1.0960395336151123
3.858257532119751
-0.03669610992074013
0.33118516206741333
-1.51801598072052
-0.3980441093444824
-5.085627555847168
-0.5346813797950745
-0.43378832936286926
-4.287753105163574
-5.128222465515137
0.23272190988063812
0.1266518086194992
-0.11677147448062897
0.23419153690338135
2.452829599380493
0.6868593692779541
5.423677444458008
-1.340374231338501
0.4753552973270416
5.176977634429932
-0.25866368412971497
1.473476529121399
-0.1621740460395813
-2.724029541015625
-0.27311068773269653
-2.4864394664764404
3.9715683460235596
-1.5579893589019775
0.20901378989219666
-3.3033950328826904
1.214775562286377
1.841212511062622
2.3922290802001953
-1.9208413362503052
-3.273416757583618
2.014892339706421
-0.7530326843261719
-2.910459518432617
0.15420758724212646
-1.4509378671646118
2.2351536750793457
-4.815074920654297
-0.6941397190093994
-0.8482919931411743
-0.025412581861019135
-1.620877742767334
-0.10140471905469894
1.7179667949676514
0.89585942029953
-1.9722821712493896
-0.92259281873703
1.0915127992630005
-0.7405695915222168
-0.09341771900653839
-0.11751328408718109
-0.09319725632667542
-0.1839173436164856
-0.15275175869464874
-1.1554042100906372
0.16482049226760864
-0.41419586539268494
0.0912950411438942
0.6943011283874512
-0.03826956823468208
-0.2481866180896759
0.0031789285130798817
0.478269100189209
-0.14390110969543457
-0.6728109121322632
0.16151590645313263
-1.0411887168884277
0.35815781354904175
0.7526935935020447
0.020846255123615265
-1.3450708389282227
-0.13506066799163818
-0.00542021356523037
0.1356293112039566
-0.14224186539649963
0.06606651842594147
-0.08261851221323013
1.4190568923950195
0.07737980782985687
-0.38355204463005066
-0.36499449610710144
-3.092270612716675
-1.4347845315933228
-0.3748303949832916
-2.228991746902466
-1.2403638362884521
-0.769343376159668
-1.0971323251724243
1.6899223327636719
0.014306429773569107
-0.8955506682395935
1.4298560619354248
0.9277517199516296
-0.014898460358381271
1.8387274742126465
5.195507049560547
-1.113983392715454
0.10675055533647537
1.1127156019210815
-6.330339431762695
4.640514850616455
-1.3865967988967896
-5.626569747924805
-2.2435333728790283
0.11794006079435349
-4.992064476013184
-5.084965229034424
-0.22757430374622345
-2.521239995956421
1.3839632272720337
0.18872012197971344
0.12755391001701355
-0.13458558917045593
-1.235558032989502
-1.1523125171661377
-0.2800244688987732
-5.665477752685547
-0.6265255808830261
2.0054283142089844
-0.4458410441875458
0.9570679068565369
-1.485974907875061
-1.1312435865402222
0.8838518857955933
-0.5750812888145447
0.5821118950843811
-3.260531187057495
-0.8049107193946838
-0.8446961045265198
-0.4072399437427521
1.4762622117996216
0.7040533423423767
1.7767086029052734
-3.230025291442871
-4.958407878875732
2.6986353397369385
0.8860851526260376
-2.835484027862549
1.409414291381836
3.5621984004974365
1.7716237306594849
-4.013177394866943
-1.197960376739502
-0.7779504656791687
-2.366598606109619
-5.550133228302002
-0.3868543207645416
-0.6628392338752747
4.190217018127441
-0.27989697456359863
1.48885977268219
6.042857646942139
-2.8675084114074707
-2.972912311553955
2.212757110595703
1.4368102550506592
-2.9472477436065674
-1.1284931898117065
-1.8462185859680176
-2.89030385017395
0.3170396387577057
1.6473499536514282
1.0167561769485474
-2.1830053329467773
2.1462528705596924
-0.03757938742637634
-0.8986978530883789
-1.1163705587387085
-0.7796329259872437
0.8303025960922241
-3.1893346309661865
0.5806010961532593
5.454174995422363
-1.6270238161087036
0.32623910903930664
-1.2957960367202759
5.889441967010498
-1.6742979288101196
0.6447182297706604
-2.397030830383301
-0.6336274147033691
-1.0186126232147217
1.625719428062439
-2.5752205848693848
0.19680596888065338
-0.8021131157875061
-0.6024558544158936
1.0140796899795532
-5.055205345153809
-1.7604448795318604
-2.693830966949463
2.1078286170959473
-0.5779868364334106
-0.019951213151216507
0.4200116693973541
-0.19043521583080292
0.6969780921936035
0.17152279615402222
0.23515868186950684
-2.799729585647583
0.12721633911132812
-1.5588641166687012
0.08984877914190292
0.6019763350486755
2.622394561767578
0.3269125819206238
-1.5395934581756592
3.7485196590423584
-0.5932296514511108
-0.2444055676460266
-0.06793887913227081
-0.1257299780845642
-0.22093187272548676
-7.464533805847168
0.7458450198173523
0.6279115080833435
-0.38910430669784546
3.054389715194702
1.2865208387374878
4.082772254943848
-0.049569591879844666
-4.909850120544434
3.9522624015808105
0.29872429370880127
-6.3935017585754395
2.9524004459381104
-3.6585452556610107
1.1169309616088867
-0.7795619368553162
5.325836181640625
1.5296303033828735
0.22454902529716492
5.372531414031982
3.0472395420074463
-0.3452100157737732
-9.288677215576172
0.20037925243377686
0.017899760976433754
-1.9262630939483643
0.0782182440161705
0.2514221966266632
