-1.237768530845642
-0.7713811993598938
0.10346848517656326
0.29383596777915955
0.0530112087726593
-0.5649906396865845
0.15043561160564423
0.09074544161558151
-0.004921231418848038
2.0164685249328613
-0.5239011645317078
0.31924018263816833
-0.9925392270088196
-0.37950757145881653
0.6535249352455139
-0.4944203197956085
-1.9039942026138306
-0.7439492344856262
-0.011708644218742847
2.2048873901367188
-1.7155678272247314
0.030844883993268013
0.3133244514465332
-0.2920643985271454
0.6220174431800842
0.14165641367435455
6.264021396636963
0.5771165490150452
-0.22229130566120148
-1.7501986026763916
-0.46113353967666626
-0.6120665669441223
4.082927227020264
0.890389621257782
-0.0656123086810112
-5.583877086639404
-1.4739238023757935
-2.9404163360595703
0.83526211977005
0.28539493680000305
-0.15024791657924652
-4.980494499206543
-0.351931631565094
0.24681273102760315
-6.977183818817139
-1.1805744171142578
-0.4282585382461548
-0.7579652667045593
-2.237563133239746
-1.0141417980194092
-0.13303102552890778
1.456652045249939
-3.5116140842437744
4.735363960266113
-0.6197482943534851
-0.08209363371133804
0.02991189807653427
2.498502731323242
0.4836582839488983
-0.30563709139823914
-2.448817729949951
3.865168809890747
-0.06627783179283142
-0.6106120944023132
1.871705174446106
0.010542728006839752
-0.2537578344345093
-1.108803391456604
0.12980623543262482
1.1223063468933105
0.7206922173500061
0.5845102667808533
0.34420156478881836
-0.47122323513031006
0.17758622765541077
-1.6419322490692139
0.25940603017807007
2.27915358543396
-0.42836111783981323
0.5720695853233337
0.4300540089607239
2.065869092941284
0.5034548044204712
-5.203578948974609
3.7578771114349365
0.1590559035539627
-7.056997299194336
-2.23531174659729
-0.08526710420846939
-2.9477157592773438
0.4177578091621399
-0.9241100549697876
-0.6227598786354065
0.22579753398895264
-0.3388054072856903
-0.09598930180072784
-4.273058891296387
0.7218425869941711
0.29418471455574036
-1.6055210828781128
-0.11989383399486542
-2.097325086593628
-0.414198637008667
0.027755528688430786
-0.2575574219226837
-0.05437011644244194
2.346531867980957
-0.06066558510065079
0.2244698852300644
-2.528689384460449
0.5006961226463318
-0.3262612223625183
0.04929004982113838
0.24825339019298553
-0.20400504767894745
5.4784698486328125
-0.6958605051040649
0.23621898889541626
0.7955018877983093
0.0322599783539772
0.04304839298129082
0.11294066905975342
0.19861091673374176
0.16315819323062897
-0.3341044783592224
0.15005536377429962
0.008644159883260727
-0.9703304767608643
0.756064772605896
-0.36981046199798584
-5.68065881729126
1.1823948621749878
0.3310614228248596
-0.46483153104782104
1.0327773094177246
-0.24160578846931458
0.12487136572599411
0.9199560880661011
-1.1920642852783203
1.1670711040496826
-2.2783632278442383
-0.5079941153526306
-0.6812459826469421
0.17942818999290466
-0.0915677547454834
-0.47391533851623535
6.470232963562012
-0.10819586366415024
-0.4966493546962738
1.9383865594863892
0.7081922888755798
0.1362905204296112
-6.251541614532471
4.262159824371338
0.4466182291507721
-0.6082780957221985
0.30560100078582764
-3.4560751914978027
-4.461442947387695
-1.227270483970642
-1.5367892980575562
0.44136765599250793
-3.354282855987549
0.2642347812652588
1.8384501934051514
-5.203540325164795
-3.158417224884033
0.36046192049980164
-0.2191612273454666
0.3931984007358551
3.483224391937256
-1.1462485790252686
0.19191183149814606
-0.1328984946012497
0.5556079745292664
-0.23386014997959137
0.4002286195755005
-0.6296360492706299
1.0983920097351074
1.0292328596115112
-0.4236488342285156
4.451864242553711
0.022904565557837486
-3.3943655490875244
5.566583633422852
-0.3203168511390686
-0.1977984458208084
-2.332336902618408
-0.1477595418691635
-0.055969931185245514
-2.108949899673462
-0.7557172775268555
0.3696441352367401
-0.5042609572410583
0.2701036334037781
0.12233854085206985
-1.5206266641616821
0.08630640059709549
-1.0178059339523315
6.565426826477051
7.403713703155518
-0.06473758071660995
0.8067321181297302
0.2442937195301056
-0.7824637293815613
-0.05780230090022087
-0.01782963052392006
-2.4213204383850098
0.21989643573760986
-0.41983968019485474
0.34555643796920776
-0.5627474784851074
0.6395018100738525
0.2655749022960663
0.024107154458761215
0.6638455986976624
-0.2937544286251068
0.3705027401447296
-0.11714203655719757
1.2939269542694092
5.215381622314453
0.005613655783236027
-0.010161076672375202
-0.4495120644569397
0.15314988791942596
1.1289374828338623
0.5629581809043884
0.4566885530948639
-0.010385341010987759
2.3720431327819824
-1.032524824142456
-0.02712794579565525
0.04906538128852844
1.0753931999206543
0.2889309525489807
0.967380702495575
0.44209739565849304
-6.526945114135742
-3.3218634128570557
0.20457540452480316
4.069828987121582
-1.237304925918579
-0.3291584551334381
1.0724042654037476
-5.9086594581604
-1.5599712133407593
-4.058486461639404
5.8922271728515625
-0.18072351813316345
-1.9526594877243042
0.7964536547660828
0.14802499115467072
0.04494095966219902
-0.4555315375328064
0.15228471159934998
0.14568966627120972
-2.3085832595825195
0.3291207253932953
-0.05343935638666153
-1.3284932374954224
-1.8637701272964478
0.3939761221408844
-0.835355281829834
2.2519659996032715
-0.2593647539615631
-2.9111764430999756
0.8975837826728821
-0.24454548954963684
1.6755868196487427
0.2687879502773285
-0.012903263792395592
3.467000722885132
1.5818032026290894
3.873675584793091
0.07081612944602966
-0.4751981198787689
1.1732853651046753
-1.070170283317566
0.6902045011520386
-0.06469309329986572
0.09181253612041473
-0.43262380361557007
4.63681697845459
-3.4556727409362793
-6.136133670806885
3.605346202850342
-1.3716013431549072
0.48315128684043884
1.349303960800171
1.1973793506622314
-0.3188230097293854
-0.8134046196937561
-0.2659766376018524
0.2666631042957306
3.6747801303863525
-0.36902937293052673
0.27051860094070435
2.3551523685455322
-0.743968665599823
-0.6303762197494507
-0.24211455881595612
6.498460292816162
-0.03109855204820633
-0.11049868166446686
-6.62681245803833
-0.2398790717124939
-0.42703354358673096
-1.5728867053985596
1.4539486169815063
0.6483859419822693
-0.6698328852653503
-6.671499252319336
-0.10163775831460953
0.20559042692184448
0.9006569981575012
-0.2155756950378418
-0.07164479792118073
-1.106428623199463
0.5329300761222839
0.11360196024179459
-0.5742772817611694
0.35427752137184143
0.8429869413375854
-0.0005829505971632898
0.6064463257789612
1.4179270267486572
-1.0302783250808716
-0.4014022946357727
-0.09919226914644241
1.7678191661834717
1.0703307390213013
0.11131757497787476
0.9472585916519165
-1.2860130071640015
0.4033397436141968
0.027657566592097282
1.153524398803711
-1.2380353212356567
-0.37669798731803894
2.6050589084625244
-2.5349721908569336
-0.43781939148902893
-0.4576564431190491
0.8069655895233154
0.2740234434604645
-1.1563040018081665
-0.07631967961788177
1.5456123352050781
0.795793890953064
-0.7838929295539856
1.08711838722229
-0.4543793797492981
-2.555335521697998
0.0790007933974266
1.0479456186294556
0.3142804205417633
1.277369737625122
-1.5465887784957886
0.14898253977298737
0.22679729759693146
0.17781215906143188
0.22640109062194824
4.081799507141113
0.7598705291748047
1.1899032592773438
-0.37923821806907654
0.14617906510829926
-0.648692786693573
0.43748071789741516
2.4625885486602783
-0.35717809200286865
0.4576052725315094
0.08175582438707352
1.3176360130310059
0.9039366841316223
-0.18255046010017395
-5.337316989898682
0.18454158306121826
0.3075523376464844
0.08279356360435486
-0.28191959857940674
-0.202392578125
6.213054656982422
0.9345614314079285
-3.669260263442993
-0.22149722278118134
0.011445180512964725
0.14296147227287292
-0.22607557475566864
0.5581160187721252
-4.862401485443115
0.14504453539848328
0.17201316356658936
0.2265770584344864
-1.0973759889602661
0.2689036726951599
4.290711402893066
0.2869350016117096
-0.8408612012863159
-0.08968371897935867
5.835124969482422
5.2914719581604
-0.6301264762878418
0.3674059510231018
0.22308552265167236
-4.784252643585205
0.13064496219158173
1.1754913330078125
-0.09996733069419861
-0.8562843203544617
-0.007024174556136131
1.3571141958236694
-0.4707539677619934
0.0777720957994461
2.4575624465942383
-0.2900739908218384
-0.7034235000610352
0.5391042232513428
0.8334253430366516
-0.412679523229599
-0.9131215810775757
0.4982815682888031
0.8849565386772156
0.3094131648540497
0.4479493498802185
0.003713738638907671
-6.187469482421875
0.3815803825855255
-0.15926499664783478
-0.17224158346652985
-0.3766363561153412
7.324449062347412
-0.2545481324195862
0.07082711160182953
-4.869781970977783
0.06573811918497086
-0.1853044331073761
-0.019910570234060287
0.054260753095149994
0.7104987502098083
0.2629466950893402
0.1991952359676361
-0.17166350781917572
-4.30816650390625
0.6226445436477661
-0.20872452855110168
-3.2333691120147705
-0.4603966176509857
0.9551590085029602
1.3108643293380737
-0.036324694752693176
0.6786113977432251
-0.024431262165308
-0.9678331017494202
0.3644178807735443
-1.867599368095398
-3.3228371143341064
-1.0722764730453491
0.3604668080806732
0.4933275580406189
-0.782957136631012
0.035151638090610504
-0.7327660322189331
0.2805052697658539
-3.839948892593384
-2.685758352279663
0.35199910402297974
-1.608710765838623
0.3209120035171509
-0.22109787166118622
-0.31455132365226746
-0.4008413851261139
0.44400498270988464
0.23643837869167328
-1.1037520170211792
-2.5875582695007324
0.04418361932039261
0.6842316389083862
-0.5114323496818542
4.648741722106934
0.6377727389335632
0.4141101837158203
-0.0644710436463356
-1.6541322469711304
-0.08037423342466354
0.07152549177408218
0.17547467350959778
0.06525781005620956
0.25304868817329407
0.2385391891002655
0.1211060881614685
0.5219553112983704
0.5014867782592773
-0.0415012389421463
-0.20464910566806793
-0.09891711920499802
0.8003894686698914
0.9210208058357239
-0.2857758104801178
0.7370190620422363
0.22752690315246582
-0.37293002009391785
-0.6608438491821289
-0.29445144534111023
0.10876546055078506
-1.000577688217163
0.09619137644767761
0.02849474549293518
-0.1460365206003189
-0.34911447763442993
0.9131168723106384
0.030765609815716743
