0.010260914452373981
0.01028844527900219
0.013460885733366013
0.007409976329654455
0.010974764823913574
0.008221668191254139
0.011121740564703941
0.011963083408772945
0.01138273160904646
0.0137499263510108
0.009391306899487972
0.008288205601274967
0.008797192946076393
0.01169281080365181
0.008991229347884655
0.00926603190600872
0.008693402633070946
0.007099614012986422
0.008747678250074387
0.010429112240672112
0.011778675951063633
0.00946277566254139
0.009733352810144424
0.007807811256498098
0.009145963005721569
0.014482427388429642
0.009372944943606853
0.014155538752675056
0.014694001525640488
0.014201106503605843
0.009175500832498074
0.00987334456294775
0.010431082919239998
0.00794151145964861
0.009906038641929626
0.007865898311138153
0.009367145597934723
0.011883172206580639
0.010194685310125351
0.009045890532433987
0.01344270072877407
0.013558798469603062
0.01086167898029089
0.007027357816696167
0.010916382074356079
0.012923921458423138
0.01307013537734747
0.009666351601481438
0.013182947412133217
0.009450085461139679
0.009900515899062157
0.01084196101874113
0.011285980232059956
0.010994729585945606
0.0075049083679914474
0.011893673799932003
0.01246268767863512
0.012318079359829426
0.011073554866015911
0.011378229595720768
0.008200195617973804
0.016702262684702873
0.008747642859816551
0.008289431221783161
