-14.748010635375977
-8.599014282226562
-15.064998626708984
-5.728522300720215
-13.64401912689209
-10.217757225036621
-14.535877227783203
-19.030546188354492
-4.353593826293945
-8.227535247802734
-20.059064865112305
-12.014564514160156
-8.540885925292969
-20.1679630279541
-16.505956649780273
-9.510771751403809
-11.12176513671875
-15.358431816101074
-16.555383682250977
-15.913843154907227
-7.938891410827637
-12.159955978393555
-9.693853378295898
-7.860108375549316
-11.422300338745117
-12.538695335388184
-10.418170928955078
-13.902217864990234
-12.97426700592041
-17.852869033813477
-6.961738109588623
-20.949708938598633
-18.003435134887695
-12.833423614501953
-10.105761528015137
-19.750890731811523
-13.203229904174805
-11.767234802246094
-9.323453903198242
-10.094855308532715
-17.490070343017578
-12.10024356842041
-18.432249069213867
-10.293305397033691
-12.265741348266602
-14.155282020568848
-9.444908142089844
-10.085916519165039
-20.9254093170166
-14.292062759399414
-9.523553848266602
-15.950739860534668
-4.905418395996094
-13.007832527160645
-10.996552467346191
-13.841084480285645
-4.275535583496094
-9.56379222869873
-15.015625953674316
-8.866230964660645
-20.638456344604492
-18.46546745300293
-8.643428802490234
-13.47862434387207
