95.97505187988281
76.72518157958984
133.77455139160156
50.260066986083984
80.3895034790039
89.34052276611328
66.37413024902344
111.89433288574219
51.02395248413086
92.0704574584961
104.43356323242188
68.0550308227539
93.00921630859375
96.64030456542969
153.16314697265625
85.3740463256836
84.49335479736328
91.33291625976562
65.42255401611328
72.96945190429688
73.65642547607422
66.37089538574219
62.613929748535156
62.94449234008789
54.83024978637695
62.488826751708984
89.4524154663086
71.18778991699219
79.69351959228516
102.16300964355469
48.47355651855469
112.02998352050781
94.48526000976562
67.02120208740234
81.16876983642578
84.16880798339844
75.90555572509766
36.399845123291016
64.08434295654297
83.4214096069336
102.96566772460938
57.01716613769531
77.19761657714844
56.031707763671875
64.71196746826172
89.89054107666016
68.81791687011719
81.47993469238281
85.8466796875
73.17707061767578
71.45101165771484
98.50621032714844
58.92371368408203
80.06526947021484
68.1795425415039
67.88848876953125
45.19924545288086
85.72444915771484
68.89308166503906
53.48202896118164
87.67984008789062
89.65916442871094
53.18337631225586
71.30794525146484
