4.858295917510986
5.054144382476807
5.685873508453369
4.70626974105835
6.214654445648193
4.926259994506836
6.294191837310791
6.054823398590088
3.7741165161132812
5.179771423339844
7.255341053009033
6.6273698806762695
5.592486381530762
7.590515613555908
6.182205677032471
6.699428081512451
5.427136421203613
5.940223693847656
7.342874526977539
6.468757629394531
4.2916340827941895
5.9268951416015625
4.758631706237793
5.617626667022705
6.19987678527832
5.0207953453063965
5.425642490386963
6.89260721206665
7.290238380432129
6.006543159484863
5.204995632171631
6.096608638763428
5.06058406829834
5.540277481079102
7.969701290130615
5.2584638595581055
5.921729564666748
4.133578300476074
5.36907958984375
4.798140048980713
6.459841728210449
6.442375659942627
7.547163963317871
4.828873157501221
6.365026473999023
5.336614608764648
3.9845752716064453
5.965320110321045
7.264718532562256
5.043633460998535
5.51373291015625
6.066880702972412
5.134344577789307
5.458296298980713
4.613454818725586
5.499588489532471
4.333157062530518
5.177515029907227
5.176445484161377
5.30965518951416
7.05952787399292
7.28756046295166
3.538820505142212
6.278085231781006
