-1.029013752937317
2.8148930072784424
-0.992082953453064
0.2406362146139145
-1.0847246646881104
-0.37444600462913513
1.3480980396270752
0.8723454475402832
1.161952018737793
0.9832650423049927
0.4187091588973999
1.0461446046829224
0.6997615694999695
-0.6029645800590515
0.3884322941303253
0.7264323830604553
-1.268877387046814
0.7903864979743958
1.6332311630249023
-0.49339011311531067
-1.029578685760498
-0.42805930972099304
-0.9299567937850952
-0.6490862965583801
-0.6930628418922424
-1.084159255027771
-1.890220046043396
1.5950435400009155
-1.1138215065002441
1.0747381448745728
0.530706524848938
-1.7623727321624756
