6.277757167816162
4.283459663391113
5.292835712432861
4.239340305328369
5.093583583831787
6.885599136352539
4.235899925231934
5.87362003326416
2.9500656127929688
5.33230447769165
6.419702529907227
6.041959762573242
4.695072650909424
6.1812028884887695
6.314350605010986
5.8731770515441895
5.645691394805908
5.599827289581299
6.059846878051758
5.159848690032959
4.834907054901123
4.592670440673828
3.9052155017852783
5.007907867431641
4.697092533111572
3.733954906463623
5.363623142242432
6.390079975128174
5.849092960357666
5.633481025695801
4.14264440536499
7.532822608947754
5.878100395202637
5.411476135253906
6.073831081390381
4.956521034240723
5.312088966369629
3.3000926971435547
3.8974404335021973
4.246196269989014
7.0215067863464355
3.6601710319519043
4.275382995605469
4.385317325592041
4.360030174255371
5.690547466278076
4.74898099899292
5.543349742889404
5.805083751678467
5.445632457733154
5.054450511932373
4.875432014465332
4.541114807128906
3.871635913848877
5.0790252685546875
4.357464790344238
3.516221523284912
5.672143936157227
3.9653897285461426
4.795661449432373
4.544775009155273
6.2243828773498535
3.1783876419067383
3.9256479740142822
