139.12106323242188
112.17239379882812
151.07086181640625
72.65196990966797
118.2374496459961
127.81397247314453
106.6998062133789
162.02748107910156
55.03119659423828
120.98109436035156
171.6253662109375
122.68437957763672
133.07762145996094
162.89639282226562
199.251708984375
147.80685424804688
126.18826293945312
122.63490295410156
116.63581085205078
105.98397064208984
99.71955871582031
98.08687591552734
95.15789031982422
96.11429595947266
94.30855560302734
92.64615631103516
113.30193328857422
123.79644775390625
148.46044921875
143.7073211669922
84.15760803222656
155.41403198242188
129.77249145507812
112.84831237792969
181.81507873535156
113.21733093261719
118.74462890625
59.00358200073242
83.32967376708984
95.6491928100586
154.6434326171875
107.05841064453125
157.7750701904297
76.24917602539062
99.57984924316406
119.23355102539062
67.32228088378906
122.11483001708984
150.89830017089844
119.84680938720703
103.57360076904297
128.62278747558594
102.56531524658203
125.36763763427734
83.04723358154297
117.65860748291016
64.14602661132812
124.98102569580078
84.03848266601562
87.82771301269531
139.08665466308594
151.78257751464844
59.11143493652344
112.51863861083984
