0.6604059934616089
1.9362248182296753
1.462958812713623
1.5995444059371948
1.0010672807693481
1.051167607307434
2.091378688812256
0.782080888748169
0.9720950722694397
1.2126197814941406
1.1315540075302124
2.3286941051483154
0.7538960576057434
1.4821734428405762
1.674708366394043
1.092071294784546
1.3200687170028687
0.7023712992668152
1.1425634622573853
1.3942595720291138
1.4869537353515625
1.4315987825393677
2.0300605297088623
1.4710315465927124
1.669206976890564
2.127138137817383
1.2632936239242554
0.6266384720802307
1.1279696226119995
2.0064117908477783
0.9662940502166748
0.5614315271377563
