0.003240804420784116
-0.24749165773391724
-0.99245285987854
-0.6784949898719788
-0.4784426689147949
-0.19483481347560883
-0.17310944199562073
-0.4423809051513672
-0.7072705626487732
-0.5131036043167114
-0.6194587349891663
-1.2814441919326782
-1.7343004941940308
-1.7032686471939087
-1.783159852027893
-1.8943026065826416
-1.6866487264633179
-1.930630087852478
-0.8338433504104614
-1.4862960577011108
-0.04022429138422012
-0.449247270822525
-0.6780964136123657
-0.6484096050262451
-0.6698528528213501
-0.19106845557689667
-0.43045440316200256
0.09323132783174515
-0.6076968312263489
-0.5402487516403198
-0.7757580280303955
-0.46972256898880005
-0.6436619758605957
-0.4916777014732361
-0.5832819938659668
-0.43576905131340027
-0.43885889649391174
-0.5867922902107239
0.8839571475982666
-0.5179053544998169
-0.3191835582256317
-0.5216091871261597
0.03777647390961647
-0.8577276468276978
-0.42821985483169556
-0.7305349111557007
-0.6742720007896423
-0.6943361163139343
-0.6135930418968201
-0.7312566041946411
-1.2323672771453857
-0.5173209309577942
-0.6145726442337036
-0.6751711964607239
-0.7557178139686584
-0.5177685618400574
-0.7121327519416809
-0.4415689706802368
-0.45165714621543884
-0.29907137155532837
-0.7322893738746643
-0.6671670079231262
-0.9926585555076599
-0.49305588006973267
-0.9285427331924438
0.4267396628856659
-0.9722627401351929
-0.15680280327796936
-0.6589959263801575
-0.8190516233444214
-0.9470899701118469
-0.28990957140922546
-0.6452142000198364
-0.6738744974136353
-0.727748453617096
-0.7191472053527832
-0.32506856322288513
-0.6300549507141113
0.9237053394317627
-0.9054166078567505
-0.9232499003410339
-0.5070593953132629
-0.34188011288642883
-0.9368754625320435
-0.9084007143974304
-0.8799344897270203
0.4008561968803406
-0.9687190055847168
-0.7772977352142334
-0.5785689353942871
-0.5666722655296326
-0.7269335389137268
-0.9126218557357788
-0.8232280611991882
-0.8950471878051758
-1.1242543458938599
-0.9107360243797302
-0.32979708909988403
-0.46435731649398804
-0.05765865370631218
0.4772970378398895
-0.45066002011299133
-0.05731966719031334
-0.6618010401725769
-0.8254085779190063
-0.814113974571228
-0.7758805155754089
-0.5592771768569946
-0.5805074572563171
-0.6192722916603088
0.09697742015123367
-0.32686537504196167
-0.34296733140945435
-0.20526520907878876
-0.2717708945274353
-0.5430747866630554
-0.2490740567445755
-0.39295926690101624
-0.349168062210083
-0.40618354082107544
-0.557395339012146
-0.892388105392456
-0.39801323413848877
-1.2672832012176514
-0.8531988263130188
-1.256393551826477
-1.2672134637832642
-1.044154167175293
-0.5832861661911011
-0.9197474122047424
-0.3793667256832123
-0.3196442723274231
-0.7044415473937988
-0.6653282642364502
-0.4428462088108063
-0.7180748581886292
-0.45921289920806885
0.9997153282165527
-0.34448230266571045
-0.3729063868522644
-0.36634597182273865
0.3481690585613251
-0.20747002959251404
-0.3006370961666107
-0.5933758020401001
-0.24741224944591522
-0.6358820796012878
-0.5203271508216858
-0.5868194103240967
-0.6920697689056396
-0.5144022703170776
-0.46671921014785767
-0.7193753719329834
-0.5467150807380676
-0.34684091806411743
-0.02556472085416317
-0.6204715371131897
-0.6963298916816711
-0.5655415654182434
0.29696136713027954
-0.6962205171585083
-0.22308316826820374
-0.34472766518592834
0.0936790406703949
-0.7437732815742493
-0.4101172983646393
-0.6835976839065552
-0.8362644910812378
-0.47998499870300293
-0.4006681442260742
0.13627997040748596
-0.4852695167064667
-0.49302685260772705
-0.4751015305519104
0.4580630958080292
-0.48377683758735657
-0.40807613730430603
-0.4387117028236389
-0.46369388699531555
-0.4099518954753876
-0.34945112466812134
-0.3277733623981476
-0.3223816752433777
-0.4265971779823303
-0.5560963749885559
-0.3766729235649109
-0.41610556840896606
0.9986861348152161
-0.34180769324302673
-0.3788270652294159
-0.30186840891838074
-0.29096877574920654
0.07352837920188904
-0.9025353193283081
-0.5229923725128174
0.9929608702659607
-0.5019978880882263
-0.477297306060791
-0.2233249843120575
-0.1960608810186386
-0.7951198220252991
-0.42928656935691833
-0.8628596663475037
-0.9390009641647339
0.16472278535366058
-0.8058781623840332
-0.7441606521606445
-0.11306466907262802
-0.08551958203315735
-0.49933913350105286
-0.6492142677307129
-0.524986982345581
0.2792474031448364
-0.6558840870857239
-0.3584403395652771
-0.289527028799057
-0.5607964396476746
-0.8013221025466919
-0.34107163548469543
-0.3509158790111542
-3.3430895805358887
-2.8966448307037354
-2.3785693645477295
-2.1171135902404785
-1.9475632905960083
-2.167886972427368
-1.9857006072998047
-2.7323217391967773
-2.9279236793518066
-2.994365930557251
-0.27006542682647705
-0.4423890709877014
-0.8633303642272949
-0.7999458909034729
-0.8722203969955444
-1.0719283819198608
-0.7839183211326599
0.005461288616061211
-1.1320949792861938
-0.5861763954162598
-0.9782710671424866
-0.7789959907531738
-0.5228828191757202
-0.4623420536518097
-0.8231544494628906
-0.8516992926597595
-0.6182157397270203
-0.8883234262466431
-0.7994681000709534
-0.37622255086898804
-0.2603667974472046
-0.6601521372795105
-0.11012648791074753
-0.9396464228630066
-0.885604202747345
-0.8914036750793457
-0.5201024413108826
-0.9530525207519531
-0.5354522466659546
-0.7711626887321472
-0.48777806758880615
-0.41586238145828247
-0.5189180374145508
-0.6771888732910156
-0.6818909645080566
0.15126240253448486
-0.7211416959762573
-0.14437519013881683
-0.7004777789115906
-0.5704310536384583
-0.09190090000629425
-0.5435278415679932
-0.8739485740661621
-0.694861650466919
0.12540720403194427
-0.7312362790107727
-0.549541711807251
-0.5191887021064758
-0.03901375085115433
-0.6825853586196899
-1.1181234121322632
-0.833448588848114
-1.168898582458496
-0.32763123512268066
-1.020202875137329
-0.3475332260131836
-0.9463790059089661
-0.47799599170684814
-0.3531070053577423
-0.7786418199539185
-0.2880398631095886
1.1234626770019531
-0.2501382827758789
-0.319004625082016
-0.17215391993522644
-0.3068179488182068
-0.16406160593032837
-0.26066234707832336
-0.2924196720123291
-0.7194767594337463
-1.7814420461654663
-0.26320528984069824
-1.6180845499038696
-1.632426142692566
-1.5355727672576904
-1.594341516494751
-1.3477141857147217
-1.620866060256958
-1.5206851959228516
-0.33470872044563293
-0.6164987087249756
-0.4815356135368347
-0.8529890775680542
-0.7662918567657471
0.5573843121528625
-0.021984778344631195
-0.547615110874176
-0.30600446462631226
-0.3937150239944458
-0.22967350482940674
-0.3121110796928406
-0.0979408547282219
-0.1446976363658905
-0.2583986520767212
-0.27574384212493896
1.0052995681762695
-0.3035063147544861
-0.39983701705932617
-0.011807830072939396
0.03933444246649742
-0.6141271591186523
-0.4854363203048706
-1.0104129314422607
-0.4226619303226471
-0.9100664258003235
-0.22667942941188812
0.04445776715874672
-0.683019757270813
-0.6501153111457825
-0.5674362182617188
-0.5258424282073975
-0.2980853021144867
-0.5447068214416504
-0.17940466105937958
-0.4044681489467621
-0.5484691858291626
-0.3501058518886566
-0.35829609632492065
-0.4792746603488922
-0.05350014567375183
-0.30049237608909607
-0.30844926834106445
-0.06921733915805817
1.0561232566833496
-0.4618639051914215
-0.5402977466583252
-0.24596214294433594
-0.2953842878341675
-0.15576016902923584
-0.3179880976676941
-0.6680412292480469
-0.37568217515945435
-0.31505826115608215
-0.5214308500289917
0.5321295261383057
-0.504079282283783
-0.46142441034317017
-0.5589157342910767
-0.619522750377655
-0.35517358779907227
-0.5469845533370972
-0.3915453553199768
-0.8558732867240906
-0.7246274948120117
0.0656631737947464
-0.48414933681488037
-0.9363331198692322
-0.6515197157859802
-0.5468853116035461
-0.41217514872550964
-0.6478655338287354
-0.2644737958908081
-0.5197239518165588
-0.7550020813941956
0.24410361051559448
-1.0437244176864624
-0.5007404685020447
-0.7190431952476501
-0.43284446001052856
-0.45980751514434814
-0.086409792304039
-0.1864505112171173
-0.7209488153457642
0.3073611855506897
-0.4708816707134247
-0.4081789255142212
-0.40613195300102234
-0.3127964735031128
-0.3498978912830353
-0.29579681158065796
-0.2973017692565918
-0.44922253489494324
-0.6154757142066956
0.7643579244613647
-0.3186374306678772
-0.47664082050323486
-0.5660847425460815
-0.2984534800052643
-0.362505167722702
-0.04390646144747734
-0.9643392562866211
0.36418870091438293
-0.81658935546875
-0.8722816109657288
-0.8914941549301147
-0.8960421085357666
-0.5980852842330933
-0.8751482367515564
-0.5148767828941345
-0.16777461767196655
-0.4293697774410248
-0.5083788633346558
0.9621342420578003
-0.6302380561828613
-0.6082413196563721
-0.7078477740287781
-0.850835382938385
-0.5196579694747925
-0.42569053173065186
-0.5148611664772034
0.5643993020057678
-0.5931288599967957
-0.8055995106697083
-0.6547656655311584
-0.663202702999115
-0.6744353771209717
-0.29764312505722046
-0.646780788898468
-0.8792691826820374
-0.6623824834823608
-0.4412960708141327
-0.814835250377655
-0.4424746632575989
-0.7004140615463257
-0.6396319270133972
-0.5268622636795044
-0.4372149407863617
-0.612299919128418
-0.3689676821231842
0.9268190264701843
-0.1851608157157898
-0.5574594736099243
0.4999895989894867
-0.6986234188079834
-0.6793217062950134
-0.7868576645851135
-0.5964411497116089
-0.5548946261405945
-0.6085904240608215
-0.4149385690689087
-0.8771603107452393
-0.7112978100776672
-1.344578504562378
-0.10160071402788162
-1.3678594827651978
-0.10150574147701263
-1.1914440393447876
-1.1205618381500244
-0.8757034540176392
-0.7879042029380798
-0.6470874547958374
-0.7102274298667908
-0.7354830503463745
-1.0779836177825928
-0.41194701194763184
-0.6373392343521118
-0.9540975689888
0.3900900185108185
-0.6505738496780396
-0.3838895559310913
-0.31131699681282043
-0.35968345403671265
-0.4847395122051239
-0.45695608854293823
1.0405564308166504
-0.6552239656448364
-0.5106953978538513
-0.5829946398735046
-0.4561387896537781
-0.3515211343765259
0.29642215371131897
-0.6105524301528931
-0.7539780139923096
-0.4709072411060333
-0.48856449127197266
-0.38554516434669495
-0.4837624430656433
-0.7020443677902222
-0.43443238735198975
-0.596154510974884
-0.11013250052928925
-0.6592308282852173
-0.7387308478355408
0.018499750643968582
-1.044310212135315
-0.3493199944496155
-0.7431442141532898
-0.467639684677124
-0.8219546675682068
-0.7115278840065002
-0.32012003660202026
-0.44960251450538635
-0.47363805770874023
-0.45452645421028137
-0.5848137736320496
-0.48430463671684265
-0.5119190216064453
-0.5900043845176697
-0.6687908172607422
0.9706037640571594
-0.32718026638031006
-0.22645004093647003
0.23181022703647614
-0.25061658024787903
-0.6056231260299683
-0.6172308325767517
-0.3925940692424774
-0.4682348370552063
-0.40837547183036804
-0.5308764576911926
-0.7732729315757751
-0.6937275528907776
-0.20191837847232819
-0.8549619913101196
-0.6706719398498535
-0.4956313967704773
-0.24299713969230652
0.19874876737594604
-0.6216933727264404
-0.5780178904533386
-0.6896088719367981
0.8702083826065063
-0.6993018984794617
-0.3038994073867798
-0.4012155532836914
-0.591242790222168
-0.3249284625053406
-0.41103750467300415
-0.5009937286376953
-0.5998425483703613
-0.7209604978561401
-0.5396345257759094
-0.6759211421012878
-0.803415834903717
-0.6862805485725403
-0.7607128620147705
-0.5499494671821594
-0.49215492606163025
1.0458475351333618
-0.4452700912952423
-0.1735483556985855
-0.8888590335845947
-1.091540813446045
-1.17868173122406
-0.9787329435348511
-1.0621256828308105
-1.0280598402023315
-0.8262333869934082
-0.20721453428268433
-0.5308665037155151
-0.6452198028564453
-0.5600125193595886
-0.9276762008666992
-0.02868824079632759
-0.6043605804443359
-0.5958655476570129
-0.7323814034461975
-0.3353837728500366
-0.3350898325443268
-0.32110849022865295
-0.24866516888141632
-0.2356412261724472
-0.6359959244728088
-0.8344495296478271
-0.9314035773277283
-0.7705289125442505
1.29931640625
-0.6586636304855347
-0.23953020572662354
-0.33732232451438904
-0.7400155067443848
-0.39547476172447205
-0.4726533591747284
-0.963333785533905
0.0238140057772398
-0.8456519842147827
-0.5640636086463928
0.39126020669937134
-0.49177849292755127
-0.5670557618141174
-0.3552507758140564
-0.28144270181655884
-0.43874692916870117
-0.5294204354286194
-0.4675394594669342
-0.5649325847625732
1.2768539190292358
-0.35226690769195557
-0.37490230798721313
-0.22926636040210724
-0.3610428273677826
-0.28079015016555786
1.0444767475128174
-0.422272652387619
-0.5329607725143433
-0.41392260789871216
-0.3843105733394623
-0.6004077792167664
-0.3288225531578064
-0.3208824098110199
-0.121546670794487
-0.08161580562591553
-0.6463941335678101
-0.5606881976127625
-0.41191157698631287
0.26534923911094666
-0.5534735918045044
-0.5998383164405823
-0.5206030607223511
-0.3980761468410492
-0.874221682548523
-0.682598352432251
-0.6451075077056885
-0.7240496873855591
-0.9396243095397949
-0.7111728191375732
-0.5403497815132141
0.42164790630340576
-0.5169559717178345
-0.5382243394851685
