9.573826789855957
-12.6242036819458
-29.996444702148438
16.610065460205078
-35.19394302368164
-21.397722244262695
3.3276219367980957
-17.683975219726562
21.170318603515625
5.403553009033203
-11.981156349182129
4.625480651855469
-23.450166702270508
1.893501877784729
-21.204370498657227
-23.89916229248047
-46.190547943115234
-4.359946250915527
14.958831787109375
-16.150487899780273
-45.80152130126953
28.312421798706055
-9.279159545898438
-10.193763732910156
3.962618827819824
4.7811665534973145
6.030313968658447
-10.501194953918457
15.849053382873535
-9.278824806213379
-13.916876792907715
-39.06361770629883
