-0.21695995330810547
0.3402361571788788
-2.5555338859558105
-0.8221036195755005
0.018627021461725235
0.29139238595962524
-0.07377925515174866
-0.9537041783332825
-0.8571957349777222
-1.7860127687454224
-1.3359317779541016
-0.18126069009304047
0.06909237056970596
-0.4584231972694397
-0.7754021883010864
-0.2234708070755005
-2.2674076557159424
0.03451390191912651
-0.7100031971931458
-0.29046016931533813
-0.031983934342861176
-0.20530836284160614
-2.70601749420166
-2.2354788780212402
-0.5636980533599854
-0.11555822938680649
-0.1984601616859436
-0.1899677813053131
0.017823202535510063
-1.893709659576416
-1.6271593570709229
-0.04724128171801567
-3.2732927799224854
-2.463581085205078
-0.8256155848503113
-2.480217218399048
-1.3822931051254272
-0.9515178203582764
-0.6704341173171997
-0.411181777715683
-0.2889421582221985
-0.6034051179885864
-0.3043520748615265
-0.2457985281944275
-0.07669971883296967
-1.4978371858596802
-1.4564216136932373
0.02555430680513382
-0.4506029486656189
0.2799800634384155
-1.626387119293213
-0.455178827047348
-0.5291731357574463
-2.0973262786865234
-2.9369778633117676
-1.8517789840698242
-0.3898870646953583
-2.009655237197876
-0.42644932866096497
-1.5713016986846924
-0.17475390434265137
-0.3023984432220459
-1.2034119367599487
-0.7368531823158264
