0.7748227715492249
0.6920869946479797
0.9113149046897888
0.44547075033187866
1.3458895683288574
0.38671183586120605
1.21751868724823
0.8267713785171509
0.9740385413169861
0.6558982729911804
0.6695330739021301
1.0338836908340454
1.0713945627212524
0.5865692496299744
0.6588432788848877
1.593984842300415
0.7148946523666382
0.30369046330451965
0.6213356256484985
1.9601261615753174
0.5335268974304199
1.512193202972412
1.8098126649856567
1.8831701278686523
1.4834139347076416
1.8370484113693237
0.9727619290351868
0.7901403307914734
0.5506101250648499
1.0424555540084839
1.1838841438293457
2.066838502883911
1.3427870273590088
1.5579904317855835
0.9702771902084351
0.4798314869403839
1.863481879234314
1.3996492624282837
1.4818223714828491
1.8058267831802368
0.21788723766803741
0.9093281030654907
0.7999516725540161
0.280150443315506
1.2774558067321777
0.9875924587249756
0.5584388375282288
0.29180023074150085
0.6737669110298157
0.393319308757782
1.578948974609375
1.9061176776885986
0.6039690971374512
1.6811541318893433
0.5892473459243774
1.8520554304122925
1.1680294275283813
1.686186671257019
1.915259599685669
1.8878577947616577
0.7142425775527954
1.4608426094055176
0.8126593828201294
1.0172761678695679
