2.271261692047119
3.377830743789673
1.8406696319580078
3.4006974697113037
2.889357566833496
3.670295238494873
2.1776907444000244
1.6405209302902222
1.4871774911880493
1.3458653688430786
2.519479990005493
2.5570757389068604
2.537344217300415
1.628671646118164
2.430009603500366
1.1500604152679443
1.7794229984283447
2.8489575386047363
1.0466159582138062
2.5650436878204346
3.4260799884796143
3.3528738021850586
1.443213939666748
3.6639630794525146
1.1552462577819824
1.683202862739563
0.9651272296905518
2.4108433723449707
0.9253101348876953
0.9492434859275818
2.156754493713379
4.078875541687012
