1.1211057901382446
0.36297208070755005
1.5552749633789062
1.312233805656433
1.6185429096221924
1.8298653364181519
2.953411340713501
1.368485927581787
0.9769978523254395
1.0792795419692993
1.2292234897613525
1.6140894889831543
2.4157633781433105
2.1306729316711426
1.464343547821045
1.829277515411377
1.091596007347107
0.9717408418655396
1.0025862455368042
1.512172818183899
1.1244770288467407
1.0475878715515137
1.07719087600708
1.7075878381729126
1.9803826808929443
1.3569672107696533
0.6334247589111328
1.7389558553695679
0.2929251194000244
1.5960155725479126
1.9973584413528442
1.4933849573135376
1.6878104209899902
1.8894613981246948
1.7512179613113403
1.50978684425354
0.5808693766593933
0.644896924495697
2.1623926162719727
1.625685453414917
0.9044630527496338
1.0290857553482056
1.2086988687515259
0.766538143157959
1.1688580513000488
1.0237928628921509
0.6248424053192139
1.4874578714370728
1.872158169746399
1.8977645635604858
1.706575632095337
0.4693993330001831
1.0066059827804565
0.48154741525650024
1.2219988107681274
1.6683921813964844
1.0212112665176392
1.3644120693206787
1.8322070837020874
1.035911202430725
2.103618860244751
1.569754719734192
0.8420903086662292
1.0147666931152344
