0.3473929762840271
-1.7531741857528687
-0.427989661693573
1.3010718822479248
-2.702136278152466
2.9574873447418213
-3.921321392059326
-0.09894610941410065
-5.815606594085693
0.49582403898239136
-2.327631950378418
5.377781867980957
-0.2801976203918457
1.2081950902938843
-1.2347784042358398
-0.23967961966991425
-0.27191025018692017
-1.282103419303894
-5.541431427001953
-2.085134983062744
-0.20010298490524292
-0.5437542200088501
0.003384254639968276
-1.325063705444336
4.233744144439697
-5.6876020431518555
0.3871942162513733
-0.46489810943603516
4.136048793792725
-5.915979385375977
1.5115938186645508
0.9996058940887451
-3.120122194290161
0.22319427132606506
0.36324241757392883
-3.1446075439453125
-3.739799976348877
0.7320044636726379
-5.180265426635742
-0.546021580696106
2.4026362895965576
0.47629618644714355
-2.535836696624756
-0.1679883748292923
-0.2558586299419403
0.6290126442909241
-4.023740291595459
-1.9365228414535522
-3.4315505027770996
5.19401216506958
0.8185131549835205
3.7535338401794434
-0.25794199109077454
0.7634001970291138
0.3462282121181488
-1.9527535438537598
-0.45464596152305603
0.16538368165493011
0.3447458744049072
-0.8331003189086914
-0.5338518619537354
1.1097297668457031
-5.450005531311035
-2.9064605236053467
-0.9257707595825195
-0.008660978637635708
0.07215723395347595
0.07229839265346527
-1.9169342517852783
-1.770501732826233
1.4054772853851318
-0.19072245061397552
-4.446197986602783
2.791407346725464
2.5144920349121094
-0.8914720416069031
-0.5659061074256897
-2.1049704551696777
2.1113274097442627
-2.9667859077453613
-2.7858216762542725
-0.47370651364326477
-0.35626599192619324
0.8159988522529602
-0.127934068441391
-1.0155143737792969
4.999591827392578
0.07326363027095795
-0.6469826102256775
-0.9200133681297302
2.8445098400115967
-0.6120028495788574
0.290363609790802
1.561740756034851
-3.271026134490967
-3.3341965675354004
-0.5193482041358948
-1.5044658184051514
-0.8604234457015991
-0.08744115382432938
4.617043495178223
4.614059925079346
-4.1039018630981445
-1.9346824884414673
-1.754699945449829
0.03225500509142876
2.353062629699707
0.9739122986793518
1.8754775524139404
0.8863762021064758
0.9098560810089111
0.2778625190258026
-5.180140972137451
1.2848420143127441
2.617919683456421
0.18762709200382233
4.4091105461120605
-0.5903780460357666
0.10522857308387756
0.14186711609363556
0.8327863812446594
4.139571666717529
-4.588713645935059
-0.27356937527656555
-1.49653959274292
5.154693603515625
-3.8035268783569336
-1.6265078783035278
2.501411199569702
-2.627300500869751
-1.04658043384552
0.7040657997131348
0.14218439161777496
0.5789294242858887
4.583505630493164
0.593668520450592
0.9605510234832764
-3.7253153324127197
0.75612872838974
1.588355541229248
3.287198066711426
-0.41996699571609497
0.5572276711463928
-0.42308273911476135
-0.31320077180862427
2.0582797527313232
-0.573077380657196
5.762923717498779
-0.09646609425544739
1.1382354497909546
1.221763014793396
-1.6873500347137451
-5.723515510559082
1.0680855512619019
-0.3493599593639374
-0.11355327069759369
-4.5353169441223145
-0.12427543103694916
-3.4384803771972656
-1.9238511323928833
0.5651549696922302
-3.413813352584839
-0.10362080484628677
-0.33494243025779724
2.990173101425171
-1.6504647731781006
-0.45926547050476074
-0.7777267098426819
-1.8550024032592773
1.9958568811416626
0.4061893820762634
1.3908145427703857
1.9610190391540527
-4.936941146850586
-0.401417076587677
2.7958292961120605
3.7328147888183594
-2.611543655395508
-1.2150444984436035
-0.6692700386047363
-1.8397821187973022
-2.8124923706054688
-2.5206656455993652
0.1197040006518364
-2.598630666732788
2.0367186069488525
0.03307386115193367
0.7292029857635498
-0.5639603734016418
-3.777150869369507
1.3347129821777344
1.5303133726119995
-1.152180790901184
3.629094362258911
0.7955586314201355
-4.987786769866943
-2.033217668533325
-0.6782907843589783
2.8648853302001953
-0.11864878237247467
-5.337783336639404
3.0939407348632812
5.3427605628967285
3.438527822494507
-0.3155076205730438
-0.4953351616859436
1.846890926361084
2.238797187805176
-0.1242293193936348
-3.0424697399139404
0.6701486706733704
1.9205631017684937
-3.735199451446533
0.3258189558982849
0.7091773152351379
0.11290252208709717
-2.290616512298584
-1.2841330766677856
1.9442788362503052
-1.0063598155975342
-0.007472574710845947
0.1561138778924942
2.6974470615386963
2.4347314834594727
0.11010235548019409
0.0989692211151123
-0.2775815427303314
0.2929088771343231
-3.299501657485962
-0.9192660450935364
-0.6626591682434082
-1.6680755615234375
-3.2602028846740723
0.4963611662387848
0.5112648010253906
0.9073762893676758
0.173075333237648
-0.253054678440094
2.6195924282073975
-0.6728090643882751
0.15944112837314606
-1.7837234735488892
-0.5020841360092163
5.301255702972412
-1.1099170446395874
-1.2435576915740967
0.01159605011343956
-0.8852363228797913
-2.990356922149658
0.7784165740013123
0.38483500480651855
2.5408384799957275
3.051845073699951
-0.47902488708496094
3.5558581352233887
0.839285135269165
-1.4319499731063843
2.095543146133423
2.6055471897125244
-6.568301677703857
-1.0678091049194336
4.7942118644714355
-5.267305374145508
4.514259338378906
-4.6378679275512695
5.724259853363037
0.6048924326896667
-1.580011010169983
-5.890273094177246
3.312805414199829
-4.431879043579102
0.2658887207508087
0.29191339015960693
-2.3233416080474854
-6.161963939666748
0.7287583351135254
-3.4150705337524414
-0.711945652961731
-0.175418883562088
-0.47623130679130554
2.0559492111206055
-6.019670009613037
-1.1989634037017822
0.5915194749832153
4.542642116546631
-5.448464393615723
2.5013821125030518
0.7142127156257629
0.521999716758728
0.577265202999115
-0.3389936089515686
0.00758601538836956
0.7373800277709961
-0.27217498421669006
-1.7191390991210938
-1.2165461778640747
3.8239903450012207
-1.5101063251495361
-3.7968544960021973
-1.965693712234497
-3.2514986991882324
-2.708401918411255
1.8573685884475708
0.6537362337112427
5.064807415008545
-0.3580579459667206
4.634293556213379
-4.153719425201416
4.977218151092529
-2.376068592071533
-1.5098828077316284
1.6013611555099487
-0.3326186239719391
1.5212239027023315
4.2190117835998535
-5.339853286743164
-4.683488845825195
-1.396435022354126
-2.822612762451172
4.82459020614624
-3.9664101600646973
2.9640369415283203
3.0777828693389893
-1.3805220127105713
-0.5744548439979553
-0.059329912066459656
-4.66951847076416
0.5044376850128174
-3.253793239593506
5.822570323944092
-0.0334148183465004
-0.37667691707611084
-4.161885738372803
0.04191403090953827
-1.6883125305175781
-2.4429140090942383
-0.3827170431613922
-0.44458556175231934
0.44996947050094604
-0.08761849254369736
-0.551609218120575
1.504948377609253
0.25145450234413147
-1.3270615339279175
-0.4657626450061798
-0.3898218870162964
-0.8162690997123718
-1.9790011644363403
0.7895451188087463
-1.0993531942367554
-1.7152329683303833
0.13232719898223877
0.18078643083572388
-4.858817100524902
-0.7359352111816406
-0.5508072376251221
3.858553171157837
5.519889831542969
-5.43592643737793
-3.4745874404907227
-0.38671284914016724
2.444298505783081
-2.1260757446289062
-5.016598224639893
2.649042844772339
-1.6303561925888062
-3.3945977687835693
0.11624647676944733
2.8315188884735107
2.563201904296875
3.4629461765289307
-0.1960040181875229
4.937095642089844
1.8951612710952759
-0.19905921816825867
2.865882635116577
-0.7660998702049255
4.358449935913086
0.4396195411682129
-0.15395422279834747
-4.174598217010498
0.10460667312145233
2.7463624477386475
2.0341594219207764
0.022725563496351242
0.7773864269256592
-0.8598058819770813
-0.7649049162864685
-1.79234778881073
0.9281225800514221
-0.10631032288074493
-0.7744883894920349
0.8534764647483826
-0.5144217610359192
0.7535108923912048
1.4672497510910034
2.6095476150512695
-1.9315606355667114
-1.5441445112228394
-0.7122787237167358
0.5419353246688843
0.5430994629859924
3.2983312606811523
-5.700634479522705
3.862861394882202
2.25447416305542
1.9301364421844482
2.4296159744262695
-5.936758518218994
3.726612091064453
4.3426666259765625
-5.700758934020996
-6.296963691711426
3.4861409664154053
-4.359021186828613
0.3270100951194763
-6.102234840393066
-0.8317496180534363
0.6350811719894409
-0.19219321012496948
0.3127688467502594
-0.3434295654296875
-1.9932196140289307
-5.45828914642334
-0.1308729201555252
-0.05284127965569496
-3.1986663341522217
1.992043375968933
2.3227226734161377
0.750273585319519
0.76204514503479
-5.608405113220215
-0.6653836965560913
-2.0699636936187744
1.2871345281600952
-2.6628012657165527
-3.262661933898926
-4.337168216705322
-3.6381397247314453
-1.994781255722046
-1.812887191772461
3.644402027130127
0.8452706933021545
0.24703776836395264
0.8074045777320862
0.6431710720062256
1.4380325078964233
-2.2247395515441895
-6.26077127456665
-1.2027837038040161
-0.1423332542181015
-0.23532521724700928
1.1732056140899658
3.6138107776641846
4.487759113311768
-5.687333583831787
1.6212190389633179
-0.2146395742893219
-3.074556589126587
-4.861317157745361
0.17978034913539886
-1.0484012365341187
-3.8388149738311768
0.13721230626106262
-0.8765916228294373
-2.2879130840301514
0.8322383165359497
-2.3931493759155273
1.4167964458465576
2.9955317974090576
-2.1528830528259277
-3.4685556888580322
-1.6514509916305542
1.3036284446716309
0.999754786491394
-0.715887725353241
1.5171682834625244
-1.9906691312789917
-1.3663595914840698
1.3784679174423218
-5.407043933868408
1.2809925079345703
0.4119182825088501
-5.577025890350342
-1.767343282699585
-3.9742929935455322
0.023063840344548225
-2.38313364982605
-0.603777289390564
-0.6645365953445435
-2.9723639488220215
-1.9305131435394287
-1.640339732170105
1.6375222206115723
-0.8174736499786377
-3.7434728145599365
-0.16502612829208374
0.3818950653076172
1.3081746101379395
-1.656679391860962
-0.9147174954414368
0.3221762478351593
-0.9174226522445679
0.4848161041736603
-5.968194007873535
0.7598504424095154
0.40854883193969727
-1.2313179969787598
0.6241540312767029
0.509486198425293
-0.7425519824028015
0.8783156275749207
0.04691750183701515
-0.6950148940086365
0.8976057171821594
2.1604411602020264
5.761073589324951
-3.0101404190063477
0.7707042694091797
5.878840923309326
1.1869598627090454
1.3926432132720947
2.8743696212768555
-0.8674924969673157
-6.186930179595947
-1.7886000871658325
-0.8724502325057983
-0.21077051758766174
-1.1336243152618408
-3.9663383960723877
-5.967697620391846
-0.1434454470872879
-5.854519367218018
-0.5553576350212097
-0.15027767419815063
-0.3540063202381134
-3.4143054485321045
-5.675030708312988
0.09678400307893753
-0.745093822479248
2.75127911567688
-3.396765947341919
-0.5812410712242126
0.5093541741371155
-0.10729588568210602
3.707275629043579
-0.4156303107738495
2.823071241378784
-1.343370795249939
0.694237470626831
1.838977575302124
1.0993009805679321
-0.17791041731834412
-0.8480072021484375
5.42000675201416
1.5821934938430786
-1.1285316944122314
-3.053741693496704
0.41166722774505615
0.7532434463500977
0.13989366590976715
-2.191554307937622
-2.5966877937316895
4.841464042663574
3.363539934158325
0.14763718843460083
0.004615049343556166
-3.519535779953003
5.189722537994385
-3.5001559257507324
-0.08830087631940842
5.464048385620117
4.392469882965088
-6.018435478210449
0.01901143603026867
-1.3130254745483398
-1.7609055042266846
2.7446885108947754
1.6087583303451538
0.5104895830154419
5.424758434295654
-2.249298334121704
-1.496665358543396
0.2098303884267807
0.4224991500377655
5.028077125549316
-1.4355543851852417
-1.49221932888031
-4.469592094421387
-2.6507983207702637
3.010524034500122
2.6127893924713135
2.5664491653442383
2.922755479812622
-0.015485638752579689
-0.5125331878662109
0.7037549018859863
-3.170558452606201
-1.4754588603973389
-1.801900863647461
1.871411919593811
2.6863133907318115
1.1070972681045532
1.9963802099227905
-0.6999056339263916
1.2270917892456055
0.19307856261730194
0.1504301279783249
-0.2804310917854309
0.5331670641899109
-2.1546666622161865
3.1957480907440186
-0.17760121822357178
2.7774252891540527
1.2942075729370117
-1.3081574440002441
-0.5858439207077026
1.7357633113861084
0.5631715059280396
-0.7668054103851318
4.989252090454102
0.029549917206168175
-0.11407119780778885
0.22740942239761353
0.813412070274353
4.294529438018799
2.0020864009857178
-0.8892695903778076
5.336456775665283
-0.1966809332370758
-0.3672425150871277
2.3041040897369385
0.9975647926330566
0.8179383873939514
4.523602485656738
1.3456251621246338
-2.082260847091675
-2.1097939014434814
-4.052744388580322
0.3044055700302124
-0.026119161397218704
0.5246821641921997
-0.9401953816413879
-0.4905310571193695
-2.1230666637420654
-2.9628515243530273
-1.0211892127990723
0.6776001453399658
0.18573923408985138
-0.589314877986908
-2.652771472930908
0.29982635378837585
-1.5101068019866943
1.4961860179901123
-3.049661159515381
-1.631891131401062
-0.6364468336105347
-1.5701355934143066
1.9737874269485474
0.051065895706415176
5.975925922393799
3.1643800735473633
-1.734857439994812
-0.31071099638938904
0.6371006369590759
4.109347343444824
-1.7783571481704712
0.28770551085472107
-5.987135410308838
-1.0182446241378784
-0.014045308344066143
-1.1916701793670654
0.6566438674926758
0.37412333488464355
-0.021435430273413658
2.4217119216918945
-0.029325412586331367
0.8503543138504028
0.5328160524368286
3.2682487964630127
0.830541729927063
1.2349045276641846
-2.0750951766967773
-0.7889469861984253
0.17832304537296295
2.979381561279297
2.415085554122925
-0.42537325620651245
2.561351776123047
-3.0998270511627197
-3.4998767375946045
0.06539572030305862
0.9152477383613586
-3.766761302947998
-1.2196979522705078
0.12494087964296341
0.7883228659629822
4.321334362030029
-0.6854214072227478
-0.6082846522331238
0.33229130506515503
0.7863346934318542
0.9767288565635681
2.11716628074646
5.118139266967773
-3.9854068756103516
0.021481094881892204
5.4157938957214355
2.238992929458618
4.759686470031738
-1.7861167192459106
0.8006916046142578
1.799206256866455
-0.12200459837913513
0.24213069677352905
-6.4104905128479
0.6690216064453125
-4.873711585998535
0.052922021597623825
5.897237300872803
-1.1651395559310913
-1.150625228881836
-1.0573676824569702
0.505391001701355
2.9427528381347656
3.1724302768707275
1.4862480163574219
-3.602325201034546
0.8163309693336487
-0.7567734718322754
-2.9935431480407715
3.300492525100708
2.942913770675659
-3.829551935195923
-1.8120208978652954
1.3868584632873535
-0.21172836422920227
-0.22227904200553894
-0.06070636585354805
3.1661376953125
-0.5279577970504761
-5.129583358764648
0.15346753597259521
3.6706602573394775
2.0841033458709717
-0.5729928612709045
3.4413745403289795
0.8238134384155273
-1.4281786680221558
-2.9228615760803223
4.397370338439941
-1.1834689378738403
-0.47771453857421875
-0.10772816836833954
-0.06526631116867065
-0.3380267322063446
-0.0012029281351715326
-1.3010362386703491
-0.6655896902084351
0.3436505198478699
-0.18786533176898956
1.1608554124832153
-0.4028646945953369
0.21046146750450134
-0.19405362010002136
0.14031369984149933
-0.7413763999938965
-1.1371006965637207
2.3641016483306885
-6.004638671875
-2.1672446727752686
-6.673821449279785
1.5267587900161743
-1.1504347324371338
-7.597102642059326
1.1760894060134888
-0.2726544439792633
0.08094809949398041
0.24058660864830017
-0.04825785756111145
0.6149110198020935
-2.8148088455200195
-0.3191036581993103
4.5286431312561035
0.028090735897421837
2.615640163421631
1.0188028812408447
-0.8465639352798462
0.15637308359146118
1.7215228080749512
0.9366093873977661
1.7586801052093506
1.5845825672149658
-0.3459443747997284
1.785285234451294
-1.666945219039917
-2.8070003986358643
-2.8953282833099365
-1.1884819269180298
1.8528146743774414
-1.1376148462295532
-4.064323425292969
-2.0795650482177734
-0.03462838754057884
-4.162527561187744
-0.31349053978919983
-0.9595718383789062
-0.3386622667312622
2.31738543510437
-1.2601162195205688
-3.646775960922241
1.333293080329895
0.05270601809024811
1.824413537979126
-3.7074368000030518
-0.45594897866249084
-4.328500747680664
3.937202215194702
-5.264458179473877
-1.1202694177627563
-4.5179548263549805
0.8853826522827148
-0.1111859530210495
-5.661639213562012
0.4694989025592804
-4.384500980377197
-4.140676498413086
6.298337459564209
2.002281665802002
0.9408026337623596
-5.707486629486084
-4.789333820343018
0.6991948485374451
-4.726450443267822
-5.063231945037842
-0.23212753236293793
1.3758244514465332
-0.7099465727806091
-4.767793655395508
-0.5488371849060059
-0.9019186496734619
-3.713038206100464
0.10667668282985687
1.104529857635498
3.860884666442871
-5.0590314865112305
2.6115453243255615
-0.03938979282975197
-1.3483588695526123
-0.3467285633087158
-0.6877207159996033
1.2077842950820923
0.18254786729812622
0.019581761211156845
4.566399574279785
1.6547224521636963
0.8856578469276428
-1.159372091293335
2.1527068614959717
0.5663396716117859
-1.368563175201416
1.8008121252059937
-3.1292545795440674
-1.0926079750061035
0.05745789781212807
1.6669944524765015
-1.5892757177352905
-1.522174596786499
0.7926571369171143
-2.5349857807159424
-5.67113733291626
2.2165210247039795
0.37281107902526855
0.8044735193252563
0.5720369219779968
5.384181499481201
-2.141664743423462
-1.2411516904830933
3.409684419631958
-2.018592119216919
-3.1214585304260254
-0.5053101778030396
-3.512155532836914
1.2575956583023071
-3.7321863174438477
0.7546112537384033
2.425217866897583
-1.9619807004928589
0.15885989367961884
0.027558989822864532
-3.965081214904785
0.7777464985847473
4.547294616699219
5.142563819885254
-3.9453847408294678
-4.889016151428223
1.2653249502182007
-1.0288628339767456
0.013053779490292072
0.3307672142982483
1.929550051689148
0.653285801410675
2.712676763534546
0.6538425087928772
3.536355972290039
-2.103065013885498
2.6253321170806885
-0.030623121187090874
-1.410025715827942
0.2800321877002716
1.8443164825439453
1.5389719009399414
0.21750587224960327
-0.07749656587839127
-4.443920612335205
-1.5372936725616455
-3.006544828414917
-2.5584218502044678
2.138218402862549
-2.296673536300659
-2.9661927223205566
-3.2141387462615967
1.1074587106704712
4.338253498077393
2.971644163131714
0.9964708685874939
-1.1078908443450928
-4.5914716720581055
0.9037559628486633
-1.9680595397949219
1.1159722805023193
-0.40052658319473267
4.073879241943359
-0.453438937664032
-4.354195594787598
2.953153371810913
-0.06140726059675217
1.9767564535140991
1.1202090978622437
-2.1575543880462646
-1.1693577766418457
-5.914033889770508
1.1893858909606934
2.5825326442718506
4.091253280639648
3.5228490829467773
-2.589367389678955
-2.320816993713379
1.8752930164337158
-1.9774056673049927
-1.645143747329712
2.708854913711548
0.1592167615890503
-2.1826324462890625
0.9546313881874084
-2.469896078109741
2.3883323669433594
-3.32528018951416
0.6971602439880371
2.5092642307281494
-2.3677706718444824
4.5741729736328125
-1.2977536916732788
-1.2095937728881836
-0.4073961675167084
-6.139437198638916
4.928340435028076
3.2796807289123535
1.5742336511611938
-0.9732744097709656
4.001533508300781
2.028629779815674
-1.6467734575271606
-0.315573126077652
1.913967490196228
5.990474700927734
1.357418417930603
-0.35143616795539856
-0.5615131258964539
-1.721921443939209
-3.0333704948425293
-3.9717202186584473
-3.8292667865753174
2.599348783493042
-0.27614909410476685
2.85597562789917
0.5823754668235779
-1.1514703035354614
-1.9262282848358154
4.605207920074463
3.658160924911499
-0.08906648308038712
0.5197865962982178
-4.134846210479736
1.2054455280303955
-6.194584846496582
0.44071313738822937
1.8916505575180054
-2.31919527053833
0.3863391578197479
-5.2182793617248535
-0.3057769536972046
2.5795845985412598
-0.3088831603527069
0.7650120258331299
-3.046605110168457
1.2768590450286865
3.503354549407959
1.8375637531280518
-2.212690591812134
1.6891987323760986
-2.2739882469177246
0.0703928992152214
0.8183799982070923
-2.9953365325927734
0.2975365221500397
-4.872384071350098
-0.22160477936267853
1.84468674659729
-0.3562038540840149
-0.028466034680604935
-1.7109335660934448
3.7171077728271484
1.9307620525360107
-6.1223673820495605
0.3638053834438324
-6.754455089569092
4.883534908294678
-4.478599548339844
-1.8988827466964722
0.19883647561073303
-6.189845561981201
6.1868085861206055
-5.3673601150512695
-5.64412784576416
6.507167339324951
5.758456707000732
-0.7392708659172058
-0.343070387840271
-2.9725570678710938
2.8113300800323486
0.7463846802711487
2.4003376960754395
0.7459802031517029
2.453557014465332
0.03107343800365925
0.4652605652809143
1.1805447340011597
-4.22097110748291
2.054948329925537
0.7073571085929871
0.19616037607192993
-1.7777527570724487
0.3451559543609619
0.4029647409915924
-0.0392216257750988
3.917522668838501
-1.0565855503082275
-1.8993371725082397
0.4415924847126007
-4.613722801208496
-1.0529639720916748
1.366962194442749
1.0411378145217896
-0.15360578894615173
-0.8705428838729858
-5.203033447265625
0.5212570428848267
-0.2894393503665924
2.69069242477417
2.3892312049865723
-1.812181830406189
0.7404064536094666
4.861361026763916
-1.2355362176895142
0.3657724857330322
-1.8521788120269775
0.15726439654827118
0.30432063341140747
3.029097557067871
2.3424062728881836
-1.633140206336975
1.4783210754394531
0.24583585560321808
-0.9550550580024719
0.7108583450317383
-5.041347980499268
4.209319591522217
-4.699528694152832
-5.104024887084961
-5.83998966217041
1.7919487953186035
-3.307952880859375
1.7030627727508545
-4.548429489135742
-4.607814311981201
2.097456693649292
1.8247798681259155
-3.8307394981384277
2.8926093578338623
3.265066623687744
-1.7500214576721191
-3.590786933898926
-3.453192949295044
0.10976793617010117
-2.0451865196228027
1.1756789684295654
0.837992787361145
-1.2774862051010132
2.5096285343170166
-2.1777920722961426
-0.10835029929876328
0.17439359426498413
-1.7389562129974365
-1.7080049514770508
-2.2819418907165527
-0.09118228405714035
-1.6292229890823364
-1.1519029140472412
1.383428931236267
-0.4372391700744629
-1.965442180633545
-1.4997905492782593
3.355818510055542
-2.380244016647339
2.9708008766174316
0.38258588314056396
-0.8191612362861633
1.059336543083191
0.24289214611053467
-0.7605011463165283
-1.7433748245239258
-3.464106321334839
1.208221435546875
-1.605272650718689
-0.2993600070476532
3.7779080867767334
0.3702663779258728
-4.259026527404785
-0.9685763120651245
-4.278900623321533
0.7075090408325195
1.9971473217010498
3.261770248413086
0.3564321994781494
2.0482561588287354
2.435879707336426
-2.113673448562622
2.8208720684051514
3.6065900325775146
2.1485612392425537
2.658223867416382
-0.30603867769241333
-0.13688050210475922
0.6387637257575989
1.2074843645095825
-1.11952805519104
1.0529329776763916
-1.8854926824569702
-0.8627845048904419
1.2273879051208496
-1.9724342823028564
0.05260211601853371
-0.32224613428115845
1.678515076637268
0.435389906167984
-2.477043628692627
-1.877066731452942
-2.5668396949768066
1.2606374025344849
-7.165158748626709
-0.7407457828521729
-3.7998762130737305
-0.8616889119148254
-0.7415056824684143
-1.4904699325561523
3.3221733570098877
-5.479952812194824
-0.14052028954029083
1.2070670127868652
2.6293318271636963
-3.463510036468506
1.0950182676315308
1.0637232065200806
-5.739713668823242
-0.6061276197433472
0.06095235422253609
0.6491072177886963
1.4873045682907104
-0.8665093183517456
0.2832739055156708
-5.3967413902282715
1.8983845710754395
-1.28018319606781
0.035743143409490585
-0.08537144958972931
3.2461352348327637
-0.19914640486240387
2.683627128601074
-5.608614444732666
-3.165339469909668
-0.26857322454452515
-1.584329605102539
0.5866942405700684
0.06589780747890472
-5.516254901885986
0.9425537586212158
-2.1059646606445312
0.9890239238739014
-2.949838399887085
-0.38476547598838806
1.1510926485061646
2.881734609603882
2.0929853916168213
1.5777223110198975
-0.7749522924423218
-6.113658905029297
1.2909477949142456
-1.6193794012069702
6.477224349975586
-0.5453973412513733
0.14951594173908234
4.913559913635254
-6.349236011505127
2.87725567817688
-4.4652910232543945
-5.500308513641357
6.066128730773926
1.2345088720321655
0.11880377680063248
-1.2734789848327637
-3.1921024322509766
-0.02643173560500145
-1.0725017786026
2.437026262283325
-1.1465281248092651
1.7654752731323242
-0.3788614273071289
-2.3283748626708984
-0.4266122281551361
1.4894189834594727
1.9458696842193604
1.1585346460342407
-2.183861255645752
-2.4855101108551025
-0.5399968028068542
0.11112276464700699
-1.0828675031661987
-7.1861491203308105
2.051790714263916
-0.9431799650192261
-0.2252313196659088
-0.3232097029685974
1.0350489616394043
0.6734679937362671
-4.2361578941345215
3.3719234466552734
-4.204716205596924
-5.998331546783447
1.5653818845748901
0.8966882228851318
0.41829872131347656
-1.0411560535430908
-4.252330780029297
-3.3529529571533203
0.5746530890464783
-2.4860565662384033
-0.049651850014925
-0.5770173072814941
1.543829321861267
0.014107625000178814
-1.4210913181304932
0.40400901436805725
-0.9438048601150513
-1.2960745096206665
0.17640294134616852
1.7335232496261597
-2.3997199535369873
0.8292527198791504
-0.6316549777984619
-0.15603601932525635
2.440183401107788
-6.2986249923706055
0.29641249775886536
-5.055615425109863
-1.1525397300720215
5.763986587524414
5.645305633544922
-0.4270564019680023
-5.568462371826172
5.366607666015625
-0.09055150300264359
0.5409879088401794
-0.24306336045265198
-3.11798357963562
1.5028505325317383
0.13342240452766418
-2.981630563735962
0.620234489440918
-1.736997365951538
-0.8902645707130432
0.9693785905838013
0.22512392699718475
-0.7271799445152283
-5.874818325042725
0.3607345521450043
-0.0793527215719223
1.2218586206436157
1.7481646537780762
1.9907069206237793
0.6491953134536743
-0.8466885685920715
1.1995207071304321
4.523052215576172
2.149190664291382
-1.4693297147750854
-5.380483627319336
0.5815797448158264
1.6964292526245117
2.6221797466278076
-5.196796894073486
2.1087117195129395
5.536624908447266
-1.8783055543899536
-0.9578453302383423
0.5271172523498535
0.6424344778060913
1.6153247356414795
5.10612678527832
-1.0656362771987915
5.003073692321777
5.305014133453369
1.5127216577529907
-0.0913429781794548
0.49228304624557495
2.9891109466552734
-0.6941648721694946
0.7611331939697266
4.216609954833984
-4.024105072021484
-5.962325572967529
-5.431490421295166
-1.0263012647628784
1.5296459197998047
3.1344411373138428
-3.9046356678009033
-5.870080471038818
-0.6874674558639526
-0.577021062374115
-1.2460981607437134
1.6303281784057617
0.3966411352157593
0.8588854670524597
-2.15083384513855
-2.5397181510925293
-0.05908212065696716
-0.7192412614822388
0.0570828951895237
-2.9516375064849854
3.0865604877471924
2.7138633728027344
1.9965572357177734
-0.27153751254081726
-0.11552119255065918
-1.342191457748413
2.3381717205047607
-0.636345386505127
-1.3650462627410889
0.6552554965019226
2.1195926666259766
0.28519585728645325
-0.7408372163772583
1.4010517597198486
0.044792622327804565
-1.030544400215149
-1.113665223121643
3.12176513671875
-2.385024309158325
0.8463999629020691
-0.18564648926258087
0.31530362367630005
1.871091604232788
4.707918167114258
0.7962226867675781
-1.3313506841659546
0.2375781089067459
2.7081899642944336
-4.556508541107178
-0.6791264414787292
0.20229479670524597
-0.9292347431182861
3.4817068576812744
-0.3210694193840027
3.417171001434326
-2.8825528621673584
0.15312348306179047
-2.5284624099731445
0.18043063580989838
-0.6555979251861572
0.4011012613773346
-0.6289123892784119
-1.6986291408538818
5.3440093994140625
-1.1192258596420288
-0.0027881686110049486
-0.7442125678062439
-0.9650882482528687
1.6566044092178345
-1.0317877531051636
0.9534549117088318
-0.7255057096481323
-0.2646797299385071
0.6081736087799072
-1.7869540452957153
-0.8772948980331421
-0.6888548135757446
-0.17542493343353271
-0.3077903091907501
-3.821578025817871
-0.3878644108772278
1.5207749605178833
3.703199625015259
-3.8883979320526123
-0.9566537141799927
0.645505964756012
-3.655665159225464
-6.355681419372559
5.668546676635742
-1.6248667240142822
2.561880350112915
-1.0631667375564575
-0.4759109318256378
4.002354145050049
-6.219493865966797
-1.7316943407058716
-1.9980632066726685
-0.739052951335907
-4.132229328155518
0.13537369668483734
-0.08237913250923157
-0.8788007497787476
-0.2719965875148773
-1.629418969154358
0.3791472911834717
0.17345057427883148
1.620040774345398
0.030262060463428497
1.6743624210357666
0.5913768410682678
-0.3912559449672699
-0.5565653443336487
0.5462725758552551
-0.408412367105484
4.030810832977295
1.9417952299118042
-1.1931090354919434
-1.4616237878799438
-2.4974679946899414
-3.443554162979126
2.301260471343994
-2.813742160797119
-5.434172630310059
0.6739931702613831
0.8817170262336731
0.5595782995223999
-1.8696975708007812
0.051846638321876526
2.4005508422851562
-0.07276098430156708
4.189513683319092
2.377883195877075
-0.6688613891601562
6.253897666931152
-3.2484662532806396
0.7783693075180054
-1.4885972738265991
-2.0650393962860107
6.407496452331543
-6.016375541687012
1.8452595472335815
-4.206241607666016
2.8198907375335693
0.5471002459526062
-6.1143975257873535
-1.0210785865783691
-1.2205126285552979
-2.041926860809326
5.8562798500061035
2.4668734073638916
-0.26130783557891846
-0.14490360021591187
1.4777590036392212
2.974743127822876
0.6784808039665222
3.0932796001434326
-1.6596297025680542
-0.7312664985656738
-0.7489029169082642
-2.06902813911438
0.8867276310920715
-1.336787462234497
-2.8600783348083496
-1.9392592906951904
1.0726616382598877
3.0087058544158936
4.447822093963623
0.7535001635551453
4.278218746185303
-0.5163065791130066
-3.322603940963745
1.017740249633789
6.178923606872559
-1.0981484651565552
0.17912469804286957
5.432519435882568
-3.8037123680114746
-2.411163806915283
-1.4298430681228638
2.8564324378967285
4.015557289123535
-0.17642156779766083
-0.1827959269285202
-5.522209644317627
2.540851593017578
1.3090647459030151
-0.5528551340103149
0.5283732414245605
2.46537709236145
4.653904438018799
-1.7758984565734863
-0.4777924120426178
0.40688642859458923
0.4737806022167206
1.3321919441223145
-0.507247269153595
-1.471535086631775
0.7839127779006958
-0.19942627847194672
-0.48704978823661804
3.1529622077941895
1.2632958889007568
2.722208023071289
-4.797886371612549
5.518939971923828
4.435897350311279
0.21961891651153564
0.9124727249145508
-6.3304033279418945
-5.031180381774902
-0.1981949508190155
-4.103562831878662
5.737943649291992
0.2477344125509262
3.4226479530334473
0.40054991841316223
0.42056018114089966
-2.998992919921875
0.49585771560668945
-0.0303335078060627
-1.093709111213684
-3.3344337940216064
-0.7237052917480469
1.061530351638794
-0.22678034007549286
-4.22954797744751
-2.0344324111938477
2.3426780700683594
-0.08147529512643814
-1.3003615140914917
-3.562999963760376
3.5172312259674072
0.680079996585846
0.5763804912567139
1.623215913772583
-0.23341523110866547
3.7272698879241943
-3.5144002437591553
-2.05283260345459
-0.5432279109954834
-0.8501580357551575
1.2257392406463623
-0.2882671654224396
-3.122375011444092
2.1239705085754395
-0.3456287682056427
-2.969602346420288
5.680965423583984
-2.5016567707061768
5.6305413246154785
1.8621041774749756
0.39632800221443176
-0.19895803928375244
-0.5385195016860962
-1.4108871221542358
-0.32886597514152527
-1.8195905685424805
1.0985207557678223
1.281071424484253
-5.775876998901367
0.6471952199935913
0.41970065236091614
-0.08802804350852966
-1.3610038757324219
0.632590115070343
2.838714361190796
4.289694309234619
-5.242002487182617
3.3547897338867188
-2.076284646987915
-1.9891916513442993
1.306649923324585
-1.4556525945663452
0.6681356430053711
-4.890743732452393
2.689981698989868
3.124612331390381
-1.9761793613433838
2.719362497329712
0.21225625276565552
0.7479623556137085
-0.08074963837862015
-4.3856329917907715
0.772933304309845
2.398247718811035
0.201082244515419
1.5173003673553467
1.8689229488372803
3.2267801761627197
-3.084188938140869
3.0508604049682617
0.6552504301071167
-1.0991203784942627
0.5484890937805176
4.883225917816162
2.404060125350952
0.5259228348731995
-1.2154862880706787
-5.983244895935059
-3.549163579940796
4.5540595054626465
0.3545743525028229
-1.9197030067443848
2.7596609592437744
5.0760273933410645
-1.8784953355789185
-1.8007211685180664
4.48459529876709
-2.557659149169922
0.2702861428260803
-3.911226749420166
4.000406265258789
-0.09620751440525055
1.4702290296554565
0.4240471422672272
0.4350445568561554
-1.3422154188156128
-0.12699364125728607
-1.3975006341934204
-0.24559685587882996
0.7414041757583618
2.8814351558685303
4.2797417640686035
-4.393324851989746
-3.5784175395965576
2.5183751583099365
-0.11107207089662552
0.8930672407150269
-0.24396538734436035
0.06232599541544914
-1.0410772562026978
-0.211900532245636
1.019121766090393
0.05742266774177551
-0.20990943908691406
1.949982762336731
-1.5719783306121826
-5.735721588134766
1.4696135520935059
2.836972713470459
4.99565315246582
-0.33428722620010376
1.302552580833435
0.7056708931922913
-0.9770671725273132
1.2258111238479614
-1.098563551902771
3.1770386695861816
0.11592802405357361
2.0961787700653076
-1.1438406705856323
3.3412835597991943
-2.50738525390625
-2.231684684753418
0.6370746493339539
-3.712768793106079
-0.7860072255134583
0.7004393339157104
0.11000512540340424
-0.3671925663948059
1.1465550661087036
0.34061989188194275
1.0838183164596558
-2.248774766921997
0.8041282892227173
3.378614664077759
-0.9406171441078186
2.4848263263702393
-1.0516271591186523
-1.701228141784668
-5.932971954345703
2.5765480995178223
3.784069538116455
1.051251769065857
2.998957872390747
0.7825567126274109
0.6205024719238281
3.5968174934387207
1.291137933731079
1.5928713083267212
-0.28571540117263794
0.15076741576194763
-3.5444514751434326
1.497178554534912
-2.242655038833618
-2.684710741043091
-3.76554799079895
-0.07186700403690338
4.4432196617126465
0.16176103055477142
4.995339870452881
0.16617415845394135
5.1882123947143555
0.31520164012908936
-4.780402660369873
5.251165390014648
3.4540302753448486
0.2650943994522095
-0.21158729493618011
3.0309808254241943
-3.357917070388794
-0.5214225053787231
-1.041123628616333
2.445488214492798
4.750858783721924
0.19711072742938995
3.3341493606567383
-1.641601324081421
-2.8915724754333496
-3.5850026607513428
-5.881867408752441
-4.566375255584717
2.9718732833862305
1.4882824420928955
0.5600594282150269
-0.7419604659080505
1.5705498456954956
1.2191405296325684
2.440906286239624
5.30598258972168
2.129502058029175
-0.37104740738868713
-6.060756683349609
-2.6471192836761475
-1.0212147235870361
0.9623101353645325
1.6759217977523804
-2.8013556003570557
3.6826696395874023
1.2588095664978027
-3.172576665878296
3.928529977798462
-6.05961799621582
-1.9859943389892578
-5.604719161987305
0.26635220646858215
5.841540336608887
-0.4799822270870209
0.517802894115448
-3.3135013580322266
-0.3905482292175293
0.295634388923645
0.5997644066810608
-2.570286273956299
-0.05543666332960129
4.517079830169678
-0.5925315022468567
-0.2978801727294922
-0.6015068292617798
-1.2848455905914307
-3.7979888916015625
3.115997076034546
0.23246274888515472
-0.5651649236679077
-3.9072012901306152
5.311459064483643
2.9303996562957764
2.5185863971710205
0.023599395528435707
5.110093116760254
0.4897787272930145
-1.253792405128479
0.06459006667137146
-0.7213494181632996
-0.22257012128829956
-0.2836505174636841
1.149814486503601
-3.6258761882781982
-0.08830195665359497
-1.0190833806991577
0.6372915506362915
-0.22628064453601837
-0.28603118658065796
0.799263060092926
-0.29888996481895447
1.961739420890808
-0.1465272605419159
-5.413582801818848
0.4050751328468323
-0.3577386140823364
-1.3768067359924316
-2.520939350128174
0.9105736613273621
-2.4761199951171875
-0.6443217992782593
1.8266040086746216
-3.8866922855377197
1.9469605684280396
0.32107043266296387
3.771358013153076
0.3482528030872345
1.2116646766662598
-1.0402284860610962
-4.740840435028076
0.24343597888946533
-3.691164016723633
0.371086984872818
1.7457244396209717
0.9421771168708801
0.7952895164489746
-0.5091378688812256
-0.8571403622627258
1.7954753637313843
-0.05504250153899193
1.532667636871338
0.731452226638794
-4.228790283203125
-0.3202631175518036
-3.5593574047088623
0.7394095659255981
-2.5868418216705322
-5.002631187438965
6.009309768676758
5.6908979415893555
-2.3167049884796143
0.7700623273849487
-2.3242995738983154
-4.354727745056152
-5.241346836090088
2.8050546646118164
0.06846414506435394
-0.5500365495681763
3.613154411315918
-2.286268949508667
-2.1382176876068115
-2.1229360103607178
-0.5831186175346375
-2.846107006072998
-0.8205639719963074
0.9227714538574219
-0.09964906424283981
-3.2156789302825928
-2.236032485961914
-0.030085215345025063
0.8238185048103333
1.326000452041626
-0.7050539255142212
-2.0189950466156006
-0.6492851972579956
-3.816659927368164
1.3881672620773315
0.3685879409313202
0.04320736229419708
-0.5240744352340698
0.520480751991272
-2.0182788372039795
-1.5615875720977783
2.000035047531128
0.8105502724647522
-1.7881848812103271
3.6516759395599365
1.7543836832046509
0.663924515247345
-4.602504730224609
-4.597639560699463
2.391575336456299
-1.6361943483352661
-1.3510504961013794
-2.2915806770324707
0.9760123491287231
4.510529518127441
-0.11705128848552704
0.5262336730957031
3.8002586364746094
-3.2722578048706055
2.4936447143554688
-3.508807897567749
1.4293193817138672
-0.9617900252342224
0.3878978490829468
-2.964449167251587
0.3014381229877472
2.37473201751709
0.12166380137205124
0.9027795195579529
-0.7485005855560303
0.2934359610080719
3.1809639930725098
0.9718354344367981
3.696049928665161
0.2821914553642273
-0.6996068358421326
0.0797165259718895
3.5338857173919678
-0.07820312678813934
1.3178391456604004
0.71780925989151
-0.18407060205936432
0.9813513159751892
-2.4516823291778564
0.6201156377792358
-0.604911208152771
-0.06196066364645958
-4.6737213134765625
2.986064910888672
-1.6317617893218994
-0.23604829609394073
0.5633130669593811
0.23745417594909668
1.7392171621322632
3.0846481323242188
-0.20241934061050415
-0.6112750768661499
-0.9765703082084656
0.004247330594807863
1.072432518005371
-4.8760199546813965
2.399069309234619
2.0026564598083496
0.9198443293571472
-5.3223347663879395
2.173830986022949
2.23291277885437
-5.349233150482178
-0.0965033546090126
0.41206201910972595
0.3525807857513428
4.5312628746032715
-0.19188836216926575
-0.6414140462875366
-2.7939538955688477
2.635754346847534
-2.3066837787628174
-1.4195374250411987
0.15578581392765045
-1.7266484498977661
-0.05479387566447258
0.6311506032943726
-3.2708189487457275
-5.28879451751709
1.6636559963226318
3.3443262577056885
-1.1137555837631226
1.1644798517227173
-0.39671117067337036
3.0390360355377197
0.6421782374382019
0.6073522567749023
1.5520237684249878
-2.0257153511047363
-2.6361141204833984
-1.8601372241973877
0.4446569085121155
-2.8339645862579346
-0.13786859810352325
-4.068474292755127
3.288785457611084
1.8799102306365967
-0.48213884234428406
2.6057186126708984
-1.4771579504013062
-2.109565019607544
-5.171880722045898
-2.9813878536224365
0.4251191318035126
-2.3498551845550537
3.61694598197937
-2.4985246658325195
-0.4156872034072876
1.588158369064331
-0.8654570579528809
-1.996338963508606
3.3724961280822754
1.2526633739471436
0.34027475118637085
-2.6840133666992188
-5.420040607452393
1.4334971904754639
-0.47942793369293213
-0.3173403739929199
0.8883605599403381
-1.372025728225708
2.2141401767730713
1.4101444482803345
0.9381603002548218
3.0352728366851807
-2.36957049369812
-6.6639723777771
-5.560950756072998
-2.709338665008545
4.783360481262207
-0.4482435882091522
4.2013044357299805
0.9463093876838684
-6.644023895263672
1.8659753799438477
-5.714601039886475
-6.064528465270996
0.08091343194246292
2.9849720001220703
-1.5616285800933838
-3.8083138465881348
-6.086268424987793
-1.996358036994934
0.7560617327690125
-0.609355628490448
0.25483864545822144
-0.3664685785770416
0.7102145552635193
0.3573107123374939
-0.12201134115457535
4.3246073722839355
-3.396695375442505
0.10944841057062149
-0.08376199007034302
0.15895260870456696
-3.412322759628296
1.24618399143219
-2.1882104873657227
-2.487679958343506
0.7478913068771362
0.32265374064445496
-6.773229598999023
-2.9599075317382812
-0.9873726963996887
0.9539106488227844
-2.396873950958252
-5.874257564544678
-0.24677011370658875
3.68356990814209
5.467315673828125
4.425745487213135
0.6092423796653748
3.815816640853882
0.40245938301086426
-0.8356464505195618
-2.3389244079589844
0.10693783313035965
0.13917827606201172
0.7294186353683472
-1.3424049615859985
-2.2671167850494385
0.18694114685058594
-3.7260501384735107
-1.1107131242752075
0.33904433250427246
1.846601963043213
-0.359399676322937
-0.43177470564842224
-0.10608945786952972
0.9537991285324097
-1.5178501605987549
-1.564756155014038
-0.030385147780179977
2.810908317565918
-4.852120399475098
-0.24693360924720764
0.06849212944507599
0.5492377281188965
-3.9637386798858643
0.6638144850730896
3.283304452896118
-1.0688707828521729
-1.0778822898864746
-2.8432624340057373
-0.04445929452776909
0.1209220141172409
0.8211268782615662
1.4979702234268188
-0.301455020904541
-0.5032817125320435
-2.5539731979370117
0.3633798360824585
1.5702342987060547
1.4857476949691772
-0.13484950363636017
-0.9079974293708801
2.060924768447876
0.14322854578495026
0.11585770547389984
-3.2031335830688477
0.02855762280523777
0.38921886682510376
2.7300076484680176
-3.978604555130005
-1.6798455715179443
-1.9388518333435059
2.542855978012085
0.6596343517303467
0.848901629447937
-2.125499963760376
-1.1550801992416382
-0.21989546716213226
-1.304535150527954
1.1795742511749268
2.2021543979644775
1.9956839084625244
-1.3143424987792969
-0.6794583797454834
2.1242244243621826
0.6990616917610168
2.450664520263672
0.06331559270620346
0.2684019207954407
2.00890851020813
0.2258438915014267
-0.4757319986820221
-1.1854312419891357
2.172555446624756
-0.8858581185340881
0.8558841943740845
0.1357189267873764
-1.531439185142517
2.3750340938568115
0.46852555871009827
-0.03702082112431526
0.6629431247711182
0.7787471413612366
-2.224229335784912
-1.3054001331329346
-0.993854820728302
3.6867101192474365
0.6737839579582214
-2.3576817512512207
-1.7264130115509033
3.7198171615600586
-0.42703720927238464
-2.4594802856445312
-0.6866477131843567
2.872953176498413
-0.11399578303098679
0.07519019395112991
-2.0500447750091553
-0.7104806900024414
0.13829897344112396
-2.135816812515259
-0.5372610092163086
-1.5189706087112427
-0.9662744998931885
-0.2445780634880066
0.3035942018032074
1.5339303016662598
0.09675658494234085
1.5359009504318237
-0.2689689099788666
1.6076186895370483
-0.3936266005039215
0.14238744974136353
-0.655468225479126
2.4708430767059326
0.6798139214515686
3.8019683361053467
-2.1176645755767822
0.06698346138000488
-0.5261133909225464
-0.4447864890098572
1.0224851369857788
-3.2358129024505615
0.738539457321167
-1.1068007946014404
5.396854877471924
-3.9959473609924316
-0.3751082122325897
0.09072347730398178
-2.7803094387054443
0.318155437707901
-3.716679811477661
-0.2204093635082245
4.467918872833252
-2.94602108001709
-0.37702903151512146
-2.474698066711426
-3.9598584175109863
-0.5419130325317383
-0.036202140152454376
0.7574691772460938
-2.8605592250823975
-2.405316114425659
-0.5541414022445679
-0.4675748646259308
0.22376711666584015
0.06257414072751999
-0.8116148710250854
-0.5930603742599487
-0.3506058156490326
0.30662843585014343
1.0175155401229858
-0.015673382207751274
2.1244564056396484
-0.10664403438568115
0.09728394448757172
0.7940106987953186
2.890597343444824
-0.11086618155241013
2.7777624130249023
-5.059765338897705
-1.87518310546875
2.5870652198791504
-0.7568613886833191
1.1105060577392578
-2.100939989089966
-1.6933207511901855
-1.041407823562622
-3.1700475215911865
4.675339698791504
1.4622951745986938
0.006334373261779547
0.9174788594245911
4.663958549499512
0.9642044901847839
-2.0262134075164795
1.6766890287399292
-1.7800277471542358
-2.070371627807617
-0.33953341841697693
-1.8261590003967285
4.667891502380371
-6.666579246520996
-4.983200550079346
-0.027737384662032127
0.33461296558380127
-0.3206346035003662
0.0975300669670105
1.4282398223876953
-2.133028268814087
0.0803007259964943
5.170348167419434
-0.46989819407463074
3.0684335231781006
-0.47310104966163635
-0.26685917377471924
1.9284361600875854
-3.565941333770752
-0.4787921905517578
1.443040132522583
-2.6082143783569336
0.19177640974521637
0.6512914896011353
-1.619245171546936
-1.6847364902496338
-0.536787748336792
-0.5892824530601501
-0.9027861952781677
1.5386784076690674
0.9595451354980469
-1.3538542985916138
-5.840275764465332
-5.3593244552612305
3.4175631999969482
-3.1616275310516357
-0.1556791365146637
-5.256987571716309
0.32465946674346924
4.655939102172852
-2.8011972904205322
2.4602553844451904
0.529449999332428
-2.56711745262146
-0.2662351727485657
-0.00035043363459408283
-0.11036389321088791
0.722756028175354
-4.715614318847656
-0.3179559111595154
-0.24072624742984772
0.6126729846000671
1.35957932472229
-1.3166565895080566
-0.527985692024231
-0.3251012861728668
-0.26054221391677856
2.508485794067383
1.265627145767212
1.4225678443908691
-1.1091666221618652
