1442.4747314453125
1337.0079345703125
1520.4190673828125
1375.9722900390625
1434.7879638671875
1491.9842529296875
1403.876708984375
1092.278564453125
1460.9537353515625
1228.940673828125
1287.0147705078125
1802.42041015625
1554.579345703125
1145.3363037109375
1426.659423828125
1553.862548828125
1415.0587158203125
1384.993896484375
1402.9139404296875
1495.3809814453125
1293.9234619140625
1496.027587890625
1336.606201171875
2100.782958984375
1836.38818359375
1729.887451171875
1183.812255859375
1558.2406005859375
1437.043701171875
1199.220703125
1385.4222412109375
1240.5457763671875
1085.247802734375
1640.0782470703125
2154.45068359375
1131.7664794921875
1090.38818359375
1291.7823486328125
1409.618896484375
1383.1534423828125
1153.835693359375
2215.35888671875
1215.96044921875
1342.75732421875
1249.7021484375
1401.6673583984375
1641.81982421875
1232.031005859375
1585.4739990234375
1481.0712890625
1411.9825439453125
1551.4520263671875
1837.982666015625
1219.6080322265625
1319.88525390625
1418.4451904296875
1566.7242431640625
1106.2845458984375
1585.34423828125
1161.7550048828125
1314.8909912109375
1091.5091552734375
1692.162109375
1959.4051513671875
