-1.7569769620895386
-0.3710748851299286
-0.7753689289093018
-0.5468675494194031
-1.3039116859436035
-0.2958507239818573
-0.7762078046798706
-1.7780816555023193
-0.20682445168495178
-0.36483365297317505
-0.4600275754928589
-0.12366419285535812
-0.003284103237092495
-1.559813380241394
-1.9296417236328125
-0.3574885129928589
-0.30690670013427734
-0.2446080595254898
0.00970724318176508
-0.11703246086835861
-0.9402920603752136
-0.687188446521759
-2.215066432952881
-0.28073182702064514
0.11045826971530914
-0.31995686888694763
-2.597316265106201
-0.8691264986991882
-2.004936933517456
-2.093564987182617
-0.44965633749961853
-0.7942144274711609
