-1.0290089845657349
2.814893960952759
-0.9920758008956909
0.2406352311372757
-1.0847201347351074
-0.37445002794265747
1.3480994701385498
0.8723531365394592
1.1619585752487183
0.9832565188407898
0.41869521141052246
1.046156406402588
0.6997616291046143
-0.6029490232467651
0.3884298503398895
0.7264410257339478
-1.2688632011413574
0.7903918027877808
1.6332324743270874
-0.4933951795101166
-1.0295647382736206
-0.4280659556388855
-0.9299735426902771
-0.6490837931632996
-0.6930646896362305
-1.0841611623764038
-1.890230417251587
1.5950634479522705
-1.1138169765472412
1.074767827987671
0.5307040214538574
-1.7623687982559204
