6140.97412109375
3196.07861328125
4824.2080078125
3264.64208984375
3306.661376953125
2865.737060546875
3410.46240234375
2204.6640625
4962.03466796875
3433.433837890625
5175.86376953125
2976.903564453125
4299.2529296875
3467.91748046875
4659.90869140625
3250.678955078125
2339.95751953125
2738.35986328125
5368.1796875
4013.866455078125
4641.67626953125
4281.16162109375
3340.6279296875
3452.55029296875
3347.241455078125
3351.53955078125
4753.5859375
4778.361328125
2722.365478515625
3546.406494140625
2806.9716796875
4386.6923828125
3470.663818359375
2338.858642578125
3561.36962890625
3506.624267578125
4735.2080078125
4631.9990234375
2604.1162109375
3663.080078125
3468.9892578125
4104.87548828125
6120.328125
3145.058349609375
4561.11669921875
4659.01513671875
4143.7080078125
4919.8203125
3343.1669921875
3945.347412109375
3594.798095703125
3049.579833984375
4238.77880859375
3317.5234375
2814.8369140625
4131.8779296875
3856.341796875
3006.680908203125
3615.20849609375
3341.462646484375
3268.544921875
3372.615478515625
2854.336669921875
3615.724853515625
