6.368419170379639
-13.468606948852539
13.779845237731934
-27.20058250427246
25.731348037719727
-55.36131286621094
19.575437545776367
-19.443294525146484
14.31859302520752
-39.2484130859375
14.389264106750488
-0.43714088201522827
-2.3042237758636475
16.22536849975586
-6.728323936462402
-2.200718879699707
20.887996673583984
-9.795439720153809
8.778388977050781
37.63556671142578
-50.48063278198242
0.8529052138328552
67.1730728149414
3.4473366737365723
24.446144104003906
-20.536911010742188
-15.284341812133789
38.045188903808594
5.009369850158691
-0.8228577375411987
-32.17610168457031
-18.94331932067871
-26.24300765991211
-24.413249969482422
-36.03244400024414
29.968992233276367
10.388628005981445
-11.177412986755371
2.955566167831421
-19.00547218322754
2.11716365814209
-30.062036514282227
30.667694091796875
1.5364553928375244
32.492210388183594
7.72389554977417
13.206666946411133
25.44092559814453
6.257412433624268
12.86769962310791
8.716880798339844
-44.02370071411133
27.270387649536133
21.234514236450195
-34.172645568847656
13.63321304321289
-62.61530303955078
-9.867085456848145
40.445552825927734
-21.959857940673828
-18.28253173828125
-13.069764137268066
7.869358062744141
2.3207666873931885
