0.04967805743217468
-1.952491283416748
-0.7908296585083008
-1.98190176486969
-0.6462820768356323
-0.39711469411849976
-1.0489234924316406
0.14530645310878754
-0.8170661926269531
-1.3340805768966675
-0.7332463264465332
-2.4177377223968506
-0.2506209909915924
-1.9998422861099243
-1.8117116689682007
-0.689707338809967
-1.3400471210479736
-0.5900099277496338
-0.24481888115406036
-1.4939848184585571
-1.4247400760650635
-0.9985664486885071
1.6932059526443481
-1.4680429697036743
-1.7779616117477417
1.0969538688659668
-1.3722676038742065
-0.12095145136117935
-1.0102468729019165
-1.0691477060317993
-0.7129224538803101
-0.00862486008554697
