-3.2081055641174316
-2.5717110633850098
-2.625339984893799
-2.7794106006622314
1.3601456880569458
-1.997941493988037
-1.6981269121170044
-0.6533103585243225
-2.785614490509033
0.18031489849090576
2.624152898788452
-0.003654109314084053
-2.1258645057678223
-3.090200901031494
0.447367399930954
-1.9794056415557861
-2.2146129608154297
-2.9430160522460938
-2.674983501434326
1.5775060653686523
0.2777668237686157
-2.330085515975952
-0.2992658317089081
-2.516643762588501
0.1273415982723236
-2.2038681507110596
-0.5176560282707214
-0.5306342244148254
-4.018491268157959
-2.4897947311401367
-3.0656862258911133
-1.9510947465896606
