2329.44873046875
2435.65869140625
2561.16064453125
3007.828125
1914.637451171875
2151.9287109375
1981.5789794921875
2601.51611328125
2190.02490234375
1856.7015380859375
2486.38037109375
2076.544189453125
2126.636962890625
1906.9273681640625
2215.081787109375
2273.7109375
2155.01416015625
2110.738525390625
2051.7353515625
2334.1591796875
2388.091796875
2249.308837890625
4592.88818359375
2590.743896484375
2370.8671875
2282.7685546875
2230.57861328125
2494.884033203125
2363.80810546875
2373.117431640625
2352.002685546875
2022.0880126953125
2565.887451171875
2045.519287109375
2072.014892578125
2210.59375
1878.348876953125
2303.204833984375
2071.86669921875
2155.1708984375
2103.609619140625
2633.77001953125
1970.529541015625
2236.2919921875
2755.985595703125
1936.1805419921875
2838.63427734375
1805.241943359375
1940.52587890625
1902.396728515625
2391.80810546875
2322.27685546875
2478.6533203125
1852.4100341796875
2103.467041015625
2432.451904296875
3034.2939453125
1967.874755859375
2880.30517578125
2267.722900390625
2318.595703125
2285.061767578125
2155.152099609375
2010.2801513671875
