0.6630879044532776
0.7322034239768982
0.6688772439956665
0.5691440105438232
1.541386365890503
0.7047037482261658
1.4801280498504639
1.2192659378051758
1.8628498315811157
2.853799819946289
1.845430850982666
0.28405916690826416
1.4660663604736328
0.9778046607971191
0.2564612627029419
1.3631620407104492
0.6510223150253296
1.6135138273239136
2.5248119831085205
0.6527308821678162
1.0503628253936768
0.9480855464935303
2.2058634757995605
0.42510560154914856
1.6516469717025757
1.7535890340805054
2.8718957901000977
1.1746174097061157
3.4303054809570312
4.18917179107666
2.346877336502075
1.7986500263214111
