2.09269380569458
1.7571804523468018
3.352853298187256
2.525020122528076
3.1171984672546387
2.5046699047088623
2.935661554336548
1.6655993461608887
3.339219331741333
5.43534517288208
1.8735312223434448
3.170119047164917
2.0820562839508057
1.628268837928772
1.8742871284484863
2.1414895057678223
2.0432677268981934
2.137169122695923
1.7005794048309326
3.860464572906494
2.839468479156494
2.9310786724090576
1.301625370979309
2.4076271057128906
0.7219278216362
2.8298442363739014
0.9571259021759033
2.7453062534332275
1.6149396896362305
1.5644739866256714
1.6221628189086914
4.520563125610352
