-3.862372875213623
-1.3900666236877441
-2.5864593982696533
-3.4489452838897705
-2.690765857696533
-2.896501064300537
-2.7284536361694336
-3.6616897583007812
-2.0741207599639893
-3.9177846908569336
-3.4553163051605225
-3.7249503135681152
-2.5885581970214844
-4.879292964935303
-3.432175636291504
-3.473358154296875
-3.2283377647399902
-3.906585693359375
-4.552071571350098
-4.547839641571045
-3.4863228797912598
-3.4479570388793945
0.6984754800796509
-2.8501572608947754
-1.5022785663604736
-3.759101152420044
-2.5786211490631104
-3.465479612350464
-2.3900699615478516
-3.7773897647857666
-2.909228563308716
-4.028433799743652
-4.419989109039307
-2.9975786209106445
-4.312384605407715
-3.3918590545654297
-4.575255393981934
-3.6090173721313477
-2.5155293941497803
-2.7442398071289062
-3.306065559387207
-2.7269651889801025
-4.150703430175781
-2.6734673976898193
-4.009909152984619
-3.1459052562713623
-1.643083095550537
-3.3053455352783203
-4.242308616638184
-2.610945701599121
-3.0942447185516357
-2.905564069747925
-4.374273300170898
-3.0968964099884033
-3.6200664043426514
-2.9421825408935547
-3.3122670650482178
-2.9852378368377686
-2.820005416870117
-2.875216245651245
-4.394745349884033
-5.751468181610107
-3.3052356243133545
-3.3694889545440674
