0.005428595468401909
-0.03945208713412285
0.10897620767354965
0.019757583737373352
-0.026156019419431686
0.07567723095417023
-0.046671293675899506
-0.02082757093012333
0.01966739445924759
-0.16622324287891388
-0.05406487360596657
0.018600160256028175
-0.001342344330623746
0.054074469953775406
-0.044430211186409
-0.05961219221353531
0.022315161302685738
0.01300750207155943
-0.01360293384641409
-0.06067021191120148
0.04299822822213173
-0.025648843497037888
0.061298299580812454
-0.026008201763033867
-0.0661509707570076
-0.039914313703775406
0.007342202588915825
-0.06712538748979568
-0.06455597281455994
-0.05421694740653038
-0.0440070666372776
-0.0358208566904068
0.1271904855966568
-0.02442144975066185
-0.04196423292160034
-0.004835111554712057
0.013427159748971462
-0.12390003353357315
0.055007074028253555
0.01307821273803711
0.1974167823791504
0.007696135435253382
-0.09377093613147736
0.02168636955320835
0.07410186529159546
-0.028092483058571815
0.0032943838741630316
-0.02900012768805027
0.11037658154964447
0.013930292800068855
-0.0416451096534729
-0.014952529221773148
-0.12184301018714905
-0.014296039938926697
-0.05675289034843445
-0.021167127415537834
-0.07431554794311523
-0.12644749879837036
-0.032700065523386
-0.13693936169147491
-0.02988540381193161
-0.020986730232834816
-0.03865377604961395
-0.026556605473160744
