22.059417724609375
34.73265075683594
12.583515167236328
38.657283782958984
22.66486167907715
47.05785369873047
20.993276596069336
20.947994232177734
12.799967765808105
27.806604385375977
28.975154876708984
23.258630752563477
36.18507766723633
22.248350143432617
13.296679496765137
17.0257511138916
16.283658981323242
58.41527557373047
12.11953353881836
16.669750213623047
31.99693489074707
29.80242919921875
18.687828063964844
61.25122833251953
14.54946231842041
14.706933975219727
14.525931358337402
30.95901107788086
20.411291122436523
24.89652442932129
82.43359375
68.34126281738281
