-15.487454414367676
-20.47237205505371
41.73906326293945
-54.48415756225586
-0.8238540291786194
-77.38938903808594
2.8732645511627197
1.4925707578659058
13.295156478881836
1.2178800106048584
-25.55431365966797
-6.314239501953125
53.82908630371094
-43.530670166015625
-36.31982421875
13.719674110412598
13.431320190429688
-47.379695892333984
-84.71112060546875
35.499778747558594
-5.345069885253906
-79.90338134765625
31.0529727935791
-26.218645095825195
96.17894744873047
-33.056949615478516
55.84752655029297
48.228790283203125
41.22300720214844
-58.95903396606445
-125.54498291015625
-55.074928283691406
