1.7733123302459717
1.7838066816329956
2.3673579692840576
1.5072765350341797
0.9378431439399719
0.5136628746986389
0.6780925989151001
0.6987555027008057
1.599181890487671
1.3722643852233887
1.7417988777160645
1.4946050643920898
1.22382390499115
2.3194589614868164
1.668920874595642
1.9267921447753906
3.1386325359344482
0.56577467918396
0.553786039352417
1.8217008113861084
1.2972594499588013
1.7726361751556396
2.634403705596924
0.4197041988372803
1.7974339723587036
1.2082512378692627
1.7000030279159546
2.2937395572662354
1.8008567094802856
0.8069934248924255
1.0224735736846924
1.5911602973937988
