-1.5933679342269897
2.934511661529541
-0.8001325726509094
0.7780538201332092
-0.45182451605796814
0.06365035474300385
0.19706010818481445
0.7920718789100647
1.134601354598999
1.5468878746032715
0.91439288854599
0.791089653968811
1.4129897356033325
-0.8382472395896912
0.30305880308151245
0.4465193748474121
-0.4775059223175049
0.5181344747543335
1.5035408735275269
0.11189933121204376
-1.5119987726211548
-0.9426212310791016
-1.4317665100097656
-0.2921147644519806
-0.38812991976737976
-2.015511989593506
-2.0634429454803467
2.216017007827759
-1.0418719053268433
0.9426817297935486
1.1039648056030273
-1.7496079206466675
