0.05212099850177765
0.03938598930835724
0.06150028482079506
0.033064521849155426
0.030909255146980286
0.07611937075853348
0.06852319836616516
0.042432669550180435
0.04695935919880867
0.043817874044179916
0.04215627908706665
0.04863877221941948
0.039051156491041183
0.038479432463645935
0.052251238375902176
0.04671178013086319
0.03721870109438896
0.038782019168138504
0.062006741762161255
0.04634697362780571
0.043509725481271744
0.057232677936553955
0.04542491212487221
0.048861369490623474
0.046364132314920425
0.05703656002879143
0.043914515525102615
0.05197182670235634
0.048854682594537735
0.04014144092798233
0.059136588126420975
0.048830319195985794
