-3.3006386756896973
-3.133484125137329
-2.428614854812622
-1.444522738456726
-2.2291953563690186
-0.30789291858673096
-2.3320422172546387
-1.825630784034729
0.2101929783821106
-2.724449634552002
-3.136970043182373
-0.1955363005399704
-3.7005982398986816
-3.264019727706909
-2.956460475921631
-2.2063474655151367
-2.7924916744232178
-2.576859474182129
-1.8053683042526245
-0.5347515344619751
-2.2442142963409424
-1.8645007610321045
-0.13379155099391937
-2.4613149166107178
-3.058396577835083
-1.988693356513977
-2.7193357944488525
-2.6820597648620605
-2.4054532051086426
-0.03668532893061638
-0.26478105783462524
-2.302938938140869
-0.3987835645675659
-2.5388948917388916
-2.1322147846221924
-2.2971465587615967
-0.5173934698104858
-1.7640224695205688
-2.5465798377990723
-1.5067604780197144
-2.1793391704559326
1.0764503479003906
-1.3706510066986084
-1.3550736904144287
0.058896325528621674
-1.3297924995422363
-2.1382203102111816
-2.4055464267730713
-2.531489849090576
-3.2425711154937744
0.07507152855396271
-2.536571741104126
-2.611345052719116
-2.4032440185546875
-1.7282819747924805
-2.800213098526001
-1.031471848487854
-1.470190405845642
-1.5634359121322632
-1.03559148311615
-0.05796770006418228
-2.3885231018066406
-3.2088067531585693
-0.3531518578529358
