-2.62251353263855
5.749471664428711
-1.7925657033920288
1.01835298538208
-1.536407470703125
-0.3106585443019867
1.545599102973938
1.6644054651260376
2.296902656555176
2.530496120452881
1.3329931497573853
1.8374252319335938
2.112978935241699
-1.4411474466323853
0.691996693611145
1.1727538108825684
-1.746758222579956
1.3086622953414917
3.1371278762817383
-0.38140133023262024
-2.5417141914367676
-1.3710795640945435
-2.361884832382202
-0.9412360191345215
-1.081091046333313
-3.099881410598755
-3.9538562297821045
3.8112316131591797
-2.1557321548461914
2.0179171562194824
1.6344622373580933
-3.5121521949768066
