-0.22185659408569336
-0.23872891068458557
-0.3399406373500824
-0.20482133328914642
-1.4958627223968506
-0.13470152020454407
-1.1335029602050781
-0.5231579542160034
-0.5951862335205078
-0.4262147843837738
0.1765718311071396
-0.6502044796943665
-0.6165450811386108
-0.24916090071201324
-0.21797128021717072
-1.7976939678192139
-0.544238805770874
-0.08310259133577347
-0.5795049667358398
-3.337531805038452
-0.13139642775058746
-1.6082526445388794
-2.4536759853363037
-2.9351186752319336
-1.6336239576339722
-2.6424331665039062
-0.5876562595367432
-0.7440225481987
-0.2921620309352875
-1.037725567817688
-1.1294682025909424
-3.3883166313171387
-1.4474382400512695
-1.6277536153793335
-0.3927105665206909
-0.12001436948776245
-2.4196577072143555
-1.8766652345657349
-1.6457746028900146
-2.728292226791382
-0.025314966216683388
-0.5151611566543579
-0.388874888420105
-0.017973747104406357
-1.2580657005310059
-0.7250664830207825
-0.273178368806839
0.01906091347336769
-0.4143080413341522
-0.19853678345680237
-2.1022536754608154
-2.723717212677002
-0.1426449865102768
-1.6000405550003052
-0.5438141226768494
-2.4078516960144043
-1.0031406879425049
-1.8718774318695068
-2.557701826095581
-2.628122091293335
-0.4845322370529175
-2.095426082611084
-0.5780799984931946
-0.3820008635520935
