608.1347045898438
663.7825317382812
562.1497802734375
458.458740234375
589.7061157226562
617.760009765625
574.0472412109375
522.3737182617188
491.78826904296875
536.4883422851562
534.6502685546875
711.1195678710938
650.7807006835938
433.0478820800781
552.8760375976562
630.7505493164062
596.5704956054688
678.5200805664062
606.4825439453125
457.7650146484375
627.2681274414062
491.3796691894531
719.6232299804688
610.7854614257812
539.3319091796875
576.5733032226562
579.467041015625
490.87713623046875
520.5115966796875
548.6550903320312
664.4559936523438
608.5127563476562
586.7008056640625
598.6967163085938
727.5869750976562
424.1146545410156
520.2485961914062
522.2656860351562
549.804443359375
474.5972900390625
489.2908630371094
516.6661987304688
511.8597106933594
597.23583984375
549.5362548828125
556.3018188476562
607.04248046875
460.1153564453125
471.97296142578125
534.1906127929688
531.7589721679688
490.4551086425781
624.7839965820312
524.9689331054688
555.024658203125
593.7767333984375
515.3206176757812
606.1083984375
529.1609497070312
583.047607421875
504.1117858886719
442.9297790527344
513.7578125
511.44732666015625
