-1.029018521308899
2.814889430999756
-0.9920751452445984
0.24064047634601593
-1.0847288370132446
-0.37445133924484253
1.3480992317199707
0.8723350763320923
1.1619452238082886
0.983251690864563
0.4186934232711792
1.0461453199386597
0.6997563242912292
-0.6029551029205322
0.3884313404560089
0.7264516353607178
-1.2688672542572021
0.7903838157653809
1.6332073211669922
-0.4933871924877167
-1.0295895338058472
-0.4280615746974945
-0.9299690127372742
-0.6490849852561951
-0.6930586099624634
-1.0841652154922485
-1.8901989459991455
1.5950467586517334
-1.1137999296188354
1.0747705698013306
0.530698835849762
-1.762369990348816
